55.171
-0.43003
-46.031
-1.4233
-25.861
-57.603
-6.1338
-61.608
-4.9835
-37.212
-7.3851
-11.48
-40.327
6.5141
-45.609
-54.959
-61.692
-58.615
-68.647
-60.367
2.9511
-0.56525
-73.4
-2.4451
1.147
-32.806
-20.457
-60.431
-53.966
-63.117
-4.5009
-53.349
-53.348
-64.561
-4.7137
-53.142
-41.936
22.504
21.652
18.486
-4.0932
-60.31
-31.503
-0.72464
-73.23
-38.904
25.098
-66.865
-7.2925
30.803
-6.1226
1.7988
-63.926
17.602
5.9495
-11.781
2.7082
-74.989
-78.729
-52.665
8.8188
-3.4032
-62.452
5.8101
-53.156
-58.96
-11.524
18.728
5.7797
42.626
-12.198
6.377
-22.505
-9.1477
-61.752
25.485
4.6075
-61.694
-44.691
14.322
-1.3074
-59.697
16.645
-58.828
-5.8979
20.862
-57.239
-55.136
4.0335
37.562
-32.972
6.9977
-2.1456
-27.919
-63.013
-39.389
-38.397
-1.2077
-62.13
-50.079
6.1863
-4.5047
-73.028
-7.1956
-78.749
-63.691
24.379
-21.57
-73.903
-62.543
-3.2527
-5.5223
-42.701
11.01
5.5594
-1.76
-77.996
-58.53
12.169
-12.223
-10.74
11.097
14.372
1.3267
-39.519
0.43053
34.908
-57.233
-56.302
-8.1615
-48.329
2.799
-42.406
-58.125
18.066
23.726
-61.479
1.6534
0.36543
-13.336
-68.502
-59.841
-63.494
-41.773
-54.76
-3.6834
70.968
-69.023
7.0033
12.366
5.5431
-68.562
-6.8757
-18.446
4.6742
-70.067
-53.013
54.076
1.8265
1.4979
-70.972
9.4387
19.831
-66.636
-55.245
-31.09
-72.351
4.9888
7.2491
1.5468
-11.714
-69.299
-0.56326
-65.485
12.271
23.586
26.109
24.225
-12.82
32.466
-54.246
-61.327
62.584
-3.6887
-61.151
-18.433
-9.203
-54.649
-62.788
11.928
-49.511
-35.67
-69.735
-2.5307
-3.7676
-32.426
-72.661
-57.605
-0.23476
1.7455
2.7938
4.8898
-63.213
7.8127
-66.227
-0.80733
2.5736
20.267
-2.8156
4.6495
-19.403
9.2246
-62.692
-68.752
-59.487
56.994
-1.4565
-57.65
-19.56
-4.3566
-8.1571
-36.746
14.418
-52.983
5.0003
-49.218
-50.255
-0.73154
-62.436
-35.166
-22.807
7.1942
-23.906
-13.784
-8.5035
-43.895
20.822
0.30452
-15.875
5.4014
-47.695
-53.94
62.045
-52.64
2.9901
0.20674
-63.676
-6.0128
6.994
70.012
2.8509
-69.412
2.0692
-12.166
-21.676
-8.4097
-32.447
-3.1429
-51.117
7.7878
-76.506
-33.301
-1.2249
-65.394
-50.167
-36.685
2.5138
-66.073
-50.348
11.485
-27.342
-20.017
-58.323
35.396
7.0693
-2.465
-32.971
-47.522
1.4389
-9.6468
14.33
-64.73
-10.564
3.5269
4.4256
-54.488
1.9117
4.709
-63.662
-50.434
6.4834
-48.447
0.96352
-31.681
-0.88551
-60.987
-1.5598
-20.192
8.6955
10.046
-65.16
-8.8936
-41.532
-53.354
-5.9246
-64.178
-66.023
-4.4448
15.537
-12.14
-19.951
-21.099
-72.511
-75.909
-0.23203
26.198
-63.172
1.3375
-0.30474
-68.299
-0.20327
2.2212
-66.337
-60.495
-62.056
-20.385
-1.1319
9.6829
0.10708
-13.966
-70.428
-6.5302
-0.29934
-6.7227
48.934
-80.546
5.5394
-1.5949
12.69
0.74528
-4.2392
1.0121
8.6615
-1.3197
10.973
-2.2626
-63.164
-39.18
-71.437
-60.822
-14.443
-63.457
-59.355
-59.488
-24.666
-60.29
3.5448
-55.946
-68.134
-49.434
-26.098
13.98
-24.318
-9.1603
-3.8344
-20.918
-58.75
-61.699
-51.367
-55.56
16.347
-67.999
-43.513
2.505
-66.373
2.4081
-61.229
7.3284
-60.731
-36.964
12.836
-52.241
-3.5653
51.903
0.028719
-58.645
18.169
13.692
15.289
-81.585
5.8763
46.401
-10.24
25.253
-62.189
6.4017
-51.131
-66.268
-4.0041
-10.471
4.9709
-49.768
-0.38754
-1.3694
-62.699
11.904
16.76
-75.952
46.703
27.677
4.2581
-62.708
-43.079
20.281
-8.9148
-84.698
-62.341
-5.6652
-31.865
30.024
31.227
1.9233
-5.6846
-60.51
-73.65
-0.12904
-12.505
17.086
0.41271
-1.6503
-68.11
38.48
-62.106
-90.347
65.226
21.717
-44.536
-47.826
7.0548
-12.617
-69.993
-20.446
-60.157
-24.248
-65.424
-2.2772
4.8594
-1.9797
3.7911
7.5609
-59.951
-2.7288
-21.418
9.6766
-51.078
-38.407
0.96162
0.17203
-60.641
-25.317
15.128
-3.2166
-42.446
-12.194
-21.283
6.4168
-57.268
-52.239
-68.152
-60.218
-10.656
-4.6005
-4.549
6.6349
19.244
-50.645
-2.6363
-5.3623
-66.466
-0.61384
2.5905
15.994
-45.864
12.533
-59.983
5.5313
-80.441
1.9536
6.1396
-55.207
-61.586
-16.563
4.4934
-74.703
3.6092
14.737
-39.321
4.0153
14.409
-63.111
-4.6899
-25.527
-65.21
-71.775
-49.609
-13.555
-5.4006
19.158
-11.144
4.6436
-73.02
3.1249
-56.174
11.13
31.616
-11.981
-4.4728
-64.46
-44.479
-60.261
15.17
-32.191
-1.1572
-28.453
-3.2539
2.3786
-59.661
37.952
1.7147
25.707
5.7758
48.31
-15.897
-21.252
-8.987
-30.521
-64.74
-4.637
-65.879
-74.122
7.4672
-2.746
-8.0337
4.3203
14.627
7.4029
1.2791
0.24669
-81.184
-17.764
-64.404
-23.045
-59.014
11.951
7.3404
-72.349
14.604
-2.4392
-48.909
-68.391
-1.4488
2.0278
-16.174
-0.76437
-68.501
21.321
28.539
-15.458
-7.4541
-18.362
1.8385
2.6818
37.774
-14.694
6.7023
-59.424
-51.971
-62.468
4.1273
20.14
-46.693
-57.507
-51.01
-57.995
18.396
35.093
-63.837
-71.808
-1.8123
26.906
-3.6618
5.2298
-39.313
-4.3389
2.3546
-65.38
-62.307
-2.5257
-5.091
18.071
14.319
1.9964
-0.56993
-1.9227
3.3722
1.9379
-13.55
-78.487
-18.615
6.6625
-12.018
-25.776
-63.695
0.026285
-58.041
-5.6145
-11.22
-73.673
-6.0386
55.238
-5.1685
15.626
-10.657
-53.544
0.66013
-59.138
1.4617
41.501
-57.924
-10.406
-51.765
4.123
-56.81
9.9614
-57.376
-71.352
1.2183
-59.934
5.4244
-13.571
-68.112
-23.965
-8.3743
-19.609
3.5661
-63.677
-67.878
-58.123
-62.816
1.7579
-49.221
-50.203
-18.931
-6.0313
1.501
2.0067
13.357
-52.823
5.5379
-7.9417
40.193
-3.4536
4.9606
-11.679
-67.662
-56.499
-27.355
-65.583
-54.979
13.964
-55.083
-68.453
-60.513
9.9743
-25.797
-67.874
-63.422
-58.056
-4.8724
15.392
1.5775
7.3822
-2.684
-42.168
1.3202
-16.315
19.235
-62.143
-7.71
-6.3036
-9.93
-18.279
1.6289
-43.139
2.9255
-45.31
-29.461
-45.534
-69.363
-28.962
-77.72
7.8058
58.944
-35.656
-14.698
-6.7501
5.5903
-70.992
15.413
-6.6582
-1.501
44.69
15.381
-56.835
-64.023
-8.5215
-0.19099
-55.991
3.0554
-18.892
-2.671
-8.6894
-69.773
16.927
-16.097
13.893
-59.497
-50.95
-76.502
15.44
2.6951
-23.954
-52.119
-21.735
6.7568
-58.403
-69.798
-13.08
-61.293
2.555
5.2673
-1.9175
0.88533
-5.04
-41.557
-62.488
-4.9155
25.221
-76.483
-71.855
10.265
-77.89
-72.239
14.178
24.676
-78.601
57.452
6.0811
-68.704
-63.483
3.5185
-55.02
0.24089
-63.31
-3.2239
-0.95837
1.8318
-35.359
44.842
-21.481
2.2866
4.8082
-71.828
-36.766
0.32002
-28.889
-53.214
-2.1579
12.413
-1.7069
-0.43994
-77.513
2.9359
-43.216
-47.18
-38.438
-53.507
9.2095
0.74365
-4.6432
16.043
-33.899
2.3709
1.0431
-1.8754
-38.12
-65.65
7.7651
-33.499
-39.852
-59.493
-3.8428
-3.0256
-0.024401
20.305
-30.101
0.858
-63.851
-52.233
-60.017
-2.723
-11.988
13.658
-1.5628
9.3725
15.248
-25.578
-11.994
-62.303
-63.16
5.7529
-1.9772
-61.07
7.5814
-0.82459
-62.538
6.6651
-17.208
37.429
2.9376
-60.876
-4.4731
-12.944
-44.349
16.239
5.0183
-73.687
1.9322
10.401
-66.928
-46.799
-1.4957
-30.124
-63.105
-0.21045
-55.529
7.3398
-3.7709
-1.5201
-2.8735
-61.373
5.8027
-0.59372
-61.326
-42.791
1.4459
16.107
-49.198
31.542
-61.25
-6.6276
-60.349
3.6447
19.459
11.904
9.822
-1.7421
-66.306
8.419
-62.581
-3.586
5.9438
-1.2632
12.858
13.092
3.9755
-11.614
-63.461
-42.583
-42.867
-37.836
2.9704
-70.837
11.068
-4.3299
-12.907
-74.229
-50.763
-17.124
-55.818
-10.019
-67.215
-1.4448
-33.104
-24.704
-11.768
-16.164
-50.459
8.787
-30.65
-48.06
-3.106
42.392
-1.4784
8.7824
-4.8593
-47.614
18.259
7.4529
-0.07484
-2.6151
-50.594
-55.236
-34.766
-69.558
-20.896
-55.151
4.0583
9.6662
-52.296
20.937
-54.15
7.7122
8.5405
-15.766
-18.704
-37.439
-0.071177
11.27
-3.9024
9.9539
27.152
-16.787
-79.201
12.041
7.8614
-10.762
-63.826
-53.469
34.825
-67.759
3.8081
9.9811
-68.227
-56.527
-58.311
-60.681
-58.348
-5.1023
-6.7093
-8.4667
-31.96
54.455
-58.508
2.246
-81.595
-55.735
-59.116
-71
-67.659
-4.4883
-53.568
5.6076
6.2929
14.838
-9.9373
-25.622
16.126
-60.406
-20.125
-45.667
-67.885
-20.842
-54.245
-63.148
-58.217
1.0097
-20.245
-22.064
0.23324
2.66
-56.588
-16.159
-64.795
-67.682
1.149
-0.90257
2.3841
-2.525
-0.28327
-62.853
-16.768
-15.819
3.5521
-1.6094
2.3098
-50.23
-2.353
-47.475
-14.016
45.06
-59.931
-59.038
10.525
-0.54411
-57
-5.4274
14.013
-2.0999
5.0177
-5.2768
-57.008
9.1076
9.0533
-24.192
-53.043
7.3612
-2.3736
-5.8794
35.24
-61.948
-46.765
-57.521
0.12322
-0.22316
-62.411
-63.746
-71.515
16.173
12.186
-52.02
-31.515
-63.367
-7.1422
-31.327
15.95
47.108
13.126
-66.063
-74.075
-34.284
15.464
-55.018
-64.757
-6.3821
-3.3554
-55.118
-58.282
-3.6307
-70.107
