0.47825
-0.58572
-0.1612
-0.61299
-0.69763
0.00048873
0.36786
-1.0696
-0.62864
-0.59418
-0.53155
-0.48691
-0.026997
-0.68132
-0.7144
-0.47904
-1.0344
-0.61232
-0.50195
-0.57696
-0.65004
-0.58146
-0.55036
-0.22951
-0.57027
-0.60093
-0.60478
-0.22873
0.20537
-0.68136
-0.63339
0.40983
-0.86102
-0.59059
-0.66735
0.13792
-0.46996
-0.69124
0.20413
-0.59211
-0.87139
0.54206
-0.64299
-0.61584
-0.58497
-0.79847
-0.5413
-0.60152
-0.63441
-0.64884
-0.46915
-0.69268
-0.89327
-0.61269
-0.53717
-0.66048
-0.61256
-0.42142
0.37186
-0.71301
-0.49914
-0.54733
0.42135
-0.73482
-0.43002
-0.60473
-0.61519
-0.62163
-0.40891
-0.58889
-0.54367
-0.66235
-0.33063
0.0048094
-0.0061858
-0.67045
-0.638
-0.89522
-0.63242
-0.57937
-0.7479
0.40098
-0.59851
-0.46493
0.20448
-1.0438
-0.49284
-0.72271
-0.50217
-0.60114
0.29807
-0.61608
-0.61098
-0.59416
-0.64695
-0.54146
-0.61447
-0.68625
-0.55762
-0.40476
-0.69178
-0.33513
-0.73399
-0.63012
-0.66641
-0.67369
-0.5741
-0.69281
-0.87457
-0.76539
-0.82578
-0.48855
-0.5878
-0.56254
-0.58511
-0.63453
-0.60426
-0.64081
-0.55787
-0.70563
-0.59381
-0.55224
-0.61109
-0.43804
-0.73978
-0.60459
0.31719
-0.0046351
-0.56826
-0.56972
-0.44197
-0.8918
-0.58157
-0.41536
-0.61059
-0.66404
-0.54051
-0.59537
-0.00282
-0.55325
-0.68413
-0.64101
-0.43054
-0.51463
-0.61736
-0.6316
-0.57294
-0.41473
-0.59785
-0.64672
-0.55554
-0.63104
-0.59138
-0.41083
-0.614
-0.55483
-0.63098
-0.74271
-0.30381
-0.57585
-0.70919
-0.74191
-0.77473
-0.51638
-0.45451
-0.592
-0.97152
-0.79319
-0.55188
-0.49514
-0.91689
-0.57097
-0.63028
-0.5755
-0.83601
-0.61972
-0.57842
-0.62723
-0.64034
-0.51225
-0.78425
-0.6265
-0.64771
-0.65749
-0.72868
-0.6213
-0.58912
0.40426
0.44204
-0.00050229
-0.64092
-0.43025
-0.90414
-0.62581
-0.87532
-0.53301
-0.0148
-0.53975
-0.60293
-0.47125
-0.53975
-0.36978
-0.65231
-0.7577
-0.57876
-0.57581
0.37317
-0.58933
-0.59414
-0.42652
-0.77683
-0.57716
-0.63581
-0.90879
-0.95902
-0.69503
-0.55094
1.0284
-0.54207
-0.84415
-0.60261
0.0024751
0.34904
-0.63959
-0.56684
-0.10078
-0.59537
0.20213
-0.45682
-0.59756
-0.6556
-0.56665
-0.60348
-0.55605
-0.59731
-0.63025
-0.88092
0.0076589
-0.60386
-0.59523
-0.53262
-0.59986
-0.6441
-0.40133
-0.61669
-0.90928
-0.59928
-0.60724
-0.86434
-0.014546
-0.57671
0.34513
-0.61071
-0.5879
-0.652
-0.4636
-0.63419
-0.55772
-0.97833
-0.63145
-0.25848
-0.58063
-0.4405
-0.79226
-0.57905
-0.5579
-0.46483
-0.36015
-0.682
-0.54234
-0.60018
-0.56149
-0.70934
-0.67158
-0.61825
-0.59343
-0.63495
-0.767
-0.62943
-0.62576
-0.49801
-0.58794
-0.62053
-0.54261
-0.63957
-0.52031
-0.6473
-0.58914
-0.46249
-0.78719
-0.63034
-0.597
-0.65715
-0.66691
-0.61019
-0.64754
-0.78622
-0.57607
-0.54817
-0.34654
-0.47191
-0.65332
-0.62929
-0.78095
-0.51479
-0.57241
-0.72194
-0.6082
0.68497
-0.55425
0.37754
-0.56482
-0.56768
-0.58531
-0.60123
0.16426
-0.64271
-0.62788
-0.57819
-0.59937
-0.60358
-0.62555
-0.62429
-0.64989
-0.691
-0.58606
-0.73789
-0.62056
-0.69973
-0.39281
-0.55559
-0.54637
-0.55015
-0.5027
-0.61152
0.58911
-0.63484
-0.72598
-0.47219
-0.66246
0.16421
-0.44829
0.0008629
-0.64593
-0.53833
-0.62704
-0.62665
-0.55952
-0.56617
-0.35762
0.46829
-0.85469
-0.59159
-0.40536
-0.63384
-0.58115
-0.536
-0.55361
-0.623
-0.52525
-0.49882
-0.65384
-0.55122
-0.60811
-0.582
-0.63067
-0.61344
-0.60992
-1.6462
-1.0429
-0.84473
-0.56706
-0.61621
-0.56193
-0.61298
-0.59689
-0.6582
-0.68217
-0.51654
-0.50717
0.30914
-0.62995
-0.64228
-0.77205
-0.43347
-0.59961
-0.70798
-0.82812
-0.54275
-0.71529
0.57825
-0.46995
-0.56897
-0.63352
-0.5919
-0.59049
-0.69147
-0.37721
-0.71965
-0.36498
-0.63406
-0.54256
-0.42346
-0.6176
-0.5786
-0.47498
-0.73519
-0.38096
-0.54619
-0.77739
-0.56684
-0.55982
-0.62525
-0.93712
-0.61375
-0.62987
-0.56843
-0.52627
-0.62106
-0.75602
-0.50039
-0.637
-0.63918
-0.74058
-0.57975
-0.43963
-0.48455
-0.77006
-0.64342
-0.62326
-0.49628
-0.58921
-0.75151
-0.33546
-0.5534
-0.62072
-0.36131
-0.72997
-0.68672
-0.51285
-0.56769
-0.52959
-0.6173
-0.81135
0.39775
-0.55547
-0.64626
-0.58629
-0.58155
-0.92696
-0.39663
-0.43016
-0.36821
-0.41289
-0.57438
-0.62514
-0.0017527
-0.81643
-0.58053
-0.42158
-0.62027
-0.6178
-0.57322
-0.32644
-0.43908
-0.6403
-0.67537
-0.59623
-0.35068
-0.46853
0.0015491
-0.67428
-0.60967
-0.88464
-0.63131
-0.6852
-0.37823
-0.59131
-0.50772
-0.5947
-0.43746
-0.66372
-0.54011
-0.57219
-0.30853
0.43724
-0.49578
0.40353
-0.55845
-0.8627
-0.63034
-0.26692
-0.64407
-0.5816
-0.80354
-0.61778
-0.83883
-0.61931
-0.51572
-0.56358
-0.57066
-0.51051
-0.59292
-0.5731
-0.55568
-0.27826
-0.34133
-0.35094
-0.51633
-0.55138
-0.78325
-0.61436
-0.55512
-0.58054
-0.70542
-0.63666
-0.63901
0.0055339
-0.56717
-0.53272
-0.63957
-0.71158
-0.66846
-0.45505
-0.71685
-0.72737
-0.68528
-0.5153
-0.35832
-0.4959
-0.55565
-0.54127
-0.57116
-0.52025
-0.6079
-0.38094
-0.61289
-0.53663
0.32744
-0.25781
-0.73631
-0.64084
-0.58954
-0.79243
-0.90419
-0.56298
-0.59683
-0.61195
-0.8131
-0.57026
-0.62494
-0.52641
-0.56808
-0.64067
-0.63948
-0.62171
-0.0057943
-0.3472
-0.5662
-0.60775
-0.36272
-0.54132
-0.6078
0.561
-0.42156
-0.55752
-0.5797
-0.41825
0.42207
-0.63705
-0.86786
-0.38254
-0.41101
-0.50727
-0.49442
-0.62347
-0.003074
-0.52228
-0.51611
0.0030026
-0.3815
-0.56378
-0.54964
-0.57149
-0.57929
-0.40151
-0.63922
-0.42557
-0.55577
-0.4195
-0.76757
-0.79802
-0.53758
-0.49642
-0.56775
-0.024388
-0.38712
-0.6814
-0.54829
-0.55077
-0.56723
-0.83057
-0.57331
-0.57568
-0.5508
-0.59662
-0.61763
-0.64596
-0.55388
-0.63088
-0.72215
-0.43374
-0.49429
-0.55836
-0.64359
-0.59957
-0.5566
-0.6794
-0.68134
-0.55206
-0.53427
-0.57859
-0.52093
-0.51074
-0.69369
-0.57512
-0.56033
-0.74181
-0.59664
-0.53116
-0.67701
-0.78285
-0.43289
-0.75891
-0.69724
-0.57702
-0.58981
-0.63461
-0.63298
-0.44397
0.6007
-0.43248
-0.31069
-0.58785
-0.42206
-0.57861
-0.58751
-0.62318
-0.46606
-0.61286
-0.82288
-0.5694
-0.59786
-0.59471
-0.55063
-0.65926
-0.53174
-0.53785
-0.64612
-0.59168
-0.50234
-0.56554
-0.70314
-0.68141
-0.53091
-0.73793
-0.60252
-0.69062
-0.4453
-0.61098
0.0032508
-0.50529
-0.38974
-0.60536
-0.57928
-0.43181
-0.50569
-0.90038
-0.59774
-0.54888
-0.57627
-0.63735
-0.63533
-0.62697
-0.61291
-0.53098
-0.70979
-0.70952
-0.62536
-0.60337
-0.55592
-0.5383
-0.67723
-0.60462
-0.60358
-0.56849
-0.60438
-0.58815
-0.84866
-0.71799
-0.65825
-0.52817
0.0030669
0.2418
-0.4218
-0.33153
-0.33743
-0.3859
-0.52093
-1.0975
-0.5891
-0.57508
-0.4947
-0.61874
0.26961
-0.71421
-0.53318
-0.67734
-0.63026
-0.58844
-0.50809
-0.61208
-0.59558
-0.62108
-0.56921
-0.68777
-0.58076
-0.59476
-1.1225
-0.62881
-0.52879
-0.59399
-0.60167
-0.35314
-0.45804
-0.49611
-0.63668
-0.47358
-0.58075
-0.64059
-0.5225
-0.90638
-0.58339
-0.63209
-0.92412
-0.00928
-0.61502
-0.63994
-0.43375
-0.65946
-0.51747
-0.49699
-0.66411
-0.79453
-0.89201
-0.70967
-0.38219
-0.62221
-0.69879
-0.62525
-0.65726
-0.43083
-0.47909
-0.56443
-0.68871
-0.53829
-0.59008
-0.49051
-0.63676
-0.52786
-0.6208
-0.54488
-0.63971
0.0038211
-0.66139
-0.76547
-0.70519
-0.71502
-0.54942
-0.54858
-0.49761
-0.4285
-0.63438
-0.58931
-0.62698
-0.70189
-0.61038
-0.6409
-0.56004
0.27292
-0.6513
-1.0319
-0.73606
-0.5361
-0.00032273
-0.91892
-0.6408
-0.59331
-0.55118
-0.57471
-0.75771
-0.62396
-0.4118
-0.5761
-1.065
-0.30629
-0.6761
-0.72532
-0.499
-0.67124
0.46387
-0.60545
-0.62654
0.040593
-0.63345
-0.79128
0.23932
-0.5461
-0.51875
-1.0177
0.044869
-0.67702
-0.72649
-0.76232
-0.74623
0.0050333
-1.1496
-0.72833
-0.50343
-0.89095
-0.60732
-0.65099
-0.42988
0.37914
-0.59764
-0.67215
-0.67067
-0.60368
-0.59883
-0.74954
0.0043485
-0.39228
-0.59035
-0.61992
-0.80417
-0.39261
-0.70137
-0.59314
-0.59697
-0.62201
-0.639
-0.51465
-0.64354
-0.48064
-0.63156
-0.6518
-0.33058
-0.60776
-0.49701
-0.58407
-0.62853
-0.68194
-0.72104
-0.61737
-0.67813
-0.58701
-0.71161
-0.5347
-0.67035
-0.56147
-0.60072
-0.47039
-0.63786
-0.55911
-0.54929
-0.64778
-0.57299
-1.0787
-0.54107
-0.44101
-0.62446
-0.70654
-0.81241
0.17141
-0.41944
-0.43939
-0.62171
-0.4932
-0.6411
-0.61074
-0.61509
-0.87157
-0.31038
-0.62846
-0.49456
-0.60626
-0.69078
-0.56151
-1.2378
0.59956
-0.56142
-0.56652
-0.71164
-0.59746
-0.59043
-0.52449
-0.60935
-0.77211
0.49026
-0.57839
-0.51637
0.30429
-0.56549
-0.58844
-0.75504
-0.56315
-0.59264
-0.51739
-0.48476
-0.5086
-0.70164
-0.53336
-0.61263
-0.94755
-0.80099
-0.71749
-0.67837
-0.6885
-0.34974
-0.60236
-0.71052
-0.61478
0.45598
-0.52479
-0.60965
-0.6351
-0.58099
-0.33762
-0.00012446
-0.82286
-0.90103
-0.33225
-0.70009
-0.59596
-0.57775
-0.70336
-0.55922
-0.5644
0.48244
-0.63186
-0.59639
-0.7496
-0.52459
-0.48564
-0.56531
0.0052157
-0.48083
-0.58143
-0.38417
-0.57993
0.51925
-0.59511
-0.2516
-0.54495
-0.65263
-0.66508
-0.64505
-0.0088265
-0.48096
-0.99626
-0.38475
-0.3355
-0.60947
0.5563
-0.50775
-0.60641
-0.58897
-0.52008
-0.44529
-0.74631
0.35271
-0.64249
-0.59982
-0.65533
-0.63675
-0.59183
-0.56932
-0.56933
-0.66275
-0.51579
-0.64273
-0.61612
-0.77192
-0.32093
-0.0049817
-0.74403
-0.68582
-0.61067
0.37493
-0.69202
-0.36613
-0.63383
-0.63444
-0.71862
-0.56517
-0.4967
-0.62895
-0.5851
-0.52338
-0.64335
0.54209
-0.61423
-0.62983
-0.57534
-0.6844
-0.60686
-0.57967
-0.58242
-0.44408
-0.15583
-0.61077
-0.65897
-0.75379
-0.7626
-0.47496
-0.69429
-1.0035
-0.55455
-0.47391
-0.65344
-0.88847
-0.98067
-0.60632
-0.97151
-0.57336
-0.42575
-0.63761
-0.85191
-0.6222
-0.44609
-0.56525
-0.66083
-0.7216
-0.49425
-0.38122
-0.72286
-0.39217
0.0076222
-0.60092
-0.75348
