36.248
245.47
78.516
60.625
64.512
106.25
69.218
47.722
185.82
80.421
48.517
41.229
39.881
50.923
44.775
41.87
70.28
78.748
87.92
52.44
93.079
56.299
100.26
46.887
39.249
56.931
32.873
126.3
29.201
55.196
66.532
35.149
33.962
60.593
30.352
47.249
34.49
35.317
31.838
48.24
51.766
58.532
31.932
52.802
96.33
66.36
42.984
13.87
48.901
26.423
13.966
45.484
67.4
30.696
48.094
65.031
65.744
97.141
40.44
63.455
44.327
76.618
31.725
46.165
87.348
53.878
98.702
35.486
21.79
52.111
85.635
58.111
124.88
37.481
67.339
30.279
58.385
75.802
49.394
24.902
33.012
54.966
29.41
75.004
143.01
51.926
67.625
61.975
54.815
47.411
31.564
50.448
67.287
52.082
59.885
35.241
48.616
55.08
71.779
47.808
17.994
47.912
122.23
66.658
57.426
62.917
37.6
52.901
143.16
83.418
69.958
6.9791
57.938
55.55
24.16
46.144
55.791
45.027
27.855
70.926
94.338
72.822
31.535
50.594
31.317
79.251
37.971
59.856
53.638
57.104
61.803
63.731
64.399
60.139
56.159
34.193
50.905
72.753
36.052
65.051
48.886
46.056
71.23
66.145
132.91
50.91
50.814
31.058
59.532
45.119
32.792
76.279
60.146
36.458
49.302
65.322
13.133
35.024
78.018
42.016
37.799
15.021
58.123
60.268
38.784
47.562
53.416
54.752
29.207
116.91
47.077
101.59
54.053
55.821
49.37
31.873
48.306
41.342
30.318
37.846
164.18
107.81
39.669
47.117
57.568
81.938
49.295
89.947
56.441
45.937
80.62
40.014
71.797
50.071
74.646
46.081
76.659
65.716
50.567
314.11
56.173
78.614
116.54
60.943
85.654
60.065
45.307
50.667
34.572
30.169
49.493
43.13
28.784
76.349
197.35
38.03
54.205
50.799
19.638
38.283
48.776
23.087
40.111
40.812
47.233
99.65
56.015
338.37
42.355
31.598
36.027
44.073
79.84
69.949
74.342
47.906
39.762
51.875
37.481
49.97
33.577
49.724
21.538
82.004
66.756
53.837
55.671
28.309
40.047
29.113
49.221
58.674
70.451
78.251
140.19
60.895
31.136
64.133
59.852
47.722
101.36
50.429
110.34
72.797
54.03
54.359
107.84
194.15
80.058
62.571
43.245
30.92
47.888
50.934
55.243
41.706
15.397
169.26
43.635
39.908
42.263
49.892
82.814
45.629
85.551
58.2
39.077
145.86
54.634
57.492
51.161
164.86
46.356
28.879
386.55
62.777
40.669
129.84
41.844
60.151
119.3
54.221
68.195
64.591
83.458
34.616
43.824
38.112
36.005
46.337
71.654
25.639
41.953
249.18
47.764
10.94
61.608
38.064
87.963
148.91
32.273
48.244
80.1
44.828
121.21
43.587
75.357
41.105
28.188
83.855
41.517
54.323
220.62
64.044
47.389
77.948
38.385
136.78
56.331
69.04
18.883
75.992
40.724
94.949
36.858
56.125
39.206
40.224
73.966
70.817
79.433
53.402
56.861
144.31
52.896
56.939
50.713
27.496
43.286
74.237
125.71
41.393
63.24
64.457
108.11
76.434
58.278
99.814
49.437
43.892
51.844
49.03
42.573
31.548
65.416
66.601
62.178
35.541
72.341
37.608
14.606
37.418
28.867
50.153
90.949
34.08
43.907
61.448
42.297
89.414
85.724
48.088
130.29
26.174
66.514
21.664
48.945
46.267
67.343
68.757
30.197
56.377
52.825
73.785
141.31
40.663
49.415
121.27
34.36
33.552
48.457
44.459
41.983
44.243
52.339
61.431
97.627
43.062
47.698
47.276
44.415
94.146
89.636
38.413
52.414
107.52
62.918
45.237
30.542
62.083
74.883
39.404
96.817
267.18
36.111
48.841
45.773
52.052
68.91
58.669
65.742
58.354
52.729
135.42
119.88
71.28
54.957
31.73
43.579
30.58
44.425
78.104
274.93
60.812
49.89
37.116
87.817
53.858
57.513
51.291
38.582
76.476
70.025
93.158
110.62
38.155
53.065
30.653
146
49.309
34.519
26.395
83.485
55.267
32.359
44.468
244.32
59.826
76.712
63.803
49.043
43.683
37.884
53.178
56.668
29.224
36.53
58.409
54.454
44.216
45.706
34.955
58.034
62.172
58.696
33.491
34.762
70.203
39.019
19.569
56.163
206.11
72.524
51.119
80.027
61.038
86.131
36.564
37.614
77.477
46.52
28.599
34.868
48.663
26.883
100.45
48.762
182.24
40.848
52.282
47.91
17.739
64.632
185.29
55.03
61.627
39.581
29.048
36.465
42.235
37.787
40.271
44.093
32.96
44.023
63.709
29.004
83.169
58.952
100.74
67.502
48.821
41.41
139.02
46.002
43.382
75.82
57.205
47.171
32.313
72.731
82.056
54.973
53.814
42.815
95.938
34.315
87.498
47.342
69.946
25.947
27.524
76.485
177.33
66.622
36.069
55.246
87.52
68.179
64.047
98.46
66.709
49.719
74.013
23.393
63.258
66.312
109.07
40.802
46.379
34.922
39.562
52.918
64.456
41.593
42.994
42.395
45.611
81.049
28.439
76.392
68.573
39.206
69.174
119.49
93.496
45.702
52.181
78.781
38.522
14.989
41.435
64.941
83.41
65.159
51.145
51.298
119.12
101.28
54.348
51.956
30.841
67.508
83.399
51.389
43.739
77.129
77.174
64.501
27.685
90.134
36.505
32.551
74.922
38.682
72.532
73.761
47.106
80.407
179.23
45.002
40.199
85.483
28.647
36.204
44.994
78.49
24.84
33.403
49.441
46.931
100.62
64.504
102.18
20.036
81.216
115.68
42.879
69.464
57.691
59.405
59.038
102.49
109.35
50.829
144.46
49.209
18.39
71.159
13.676
37.584
122.59
37.94
49.563
67.809
46.872
85.106
61.569
60.266
55.197
23.486
75.749
77.101
33.452
38.323
76.837
113.45
43.26
46.342
51.615
53.036
43.086
26.652
16.486
52.659
79.229
47.907
82.982
58.44
67.816
60.46
55.176
56.699
64.999
53.131
48.525
44.185
36.353
240.55
89.948
46.637
71.55
14.615
40.011
70.397
76.351
56.675
56.532
69.094
113.17
128.57
37.422
46.949
49.716
37.066
48.656
40.012
44.385
52.661
34.527
62.093
24.695
67.106
27.515
95.989
27.595
75.123
50.41
51.909
41.097
104.39
163.99
74.087
32.179
45.168
25.521
91.692
39.15
49.297
37.723
38.167
44.476
59.981
86.082
66.923
0.50843
48.889
42.815
56.193
38.159
51.963
60.619
60.942
31.969
43.285
73.309
45.602
32.06
46.101
58.396
207.6
40.92
57.913
42.073
69.946
109.64
54.069
49.474
41.912
102.72
35.289
52.458
58.017
28.806
41.908
37.274
156.02
129.37
38.575
73.888
46.902
179.61
30.894
37.023
39.132
39.017
81.314
34.348
39.267
38.554
58.415
26.198
49.508
40.769
47.257
41.578
41.978
37.897
39.943
52.113
44.235
64.323
31.454
76.771
54.919
36.522
54.94
128.98
57.828
44.745
42.04
62.971
51.122
42.26
42.603
48.399
253.77
26.83
65.091
54.277
41.355
52.179
38.599
43.24
80.435
128.55
39.685
39.247
48.452
37.861
75.729
66.247
157.3
68.601
39.544
61.013
64.546
42.551
35.857
107.64
44.97
45.487
137.89
32.235
55.401
126.97
49.816
83.998
47.5
50.286
61.944
27.487
35.671
33.854
58.903
114.85
34.821
69.48
37.997
30.873
168.51
139.93
32.24
38.429
49.529
55.383
46.907
73.743
13.066
23.145
76.217
51.482
97.228
43.887
44.425
65.385
50.434
81.962
29.12
40.235
58.162
43.945
77.999
41.7
62.331
88.413
54.759
36.113
32.017
79.091
71.839
51.265
90.115
42.404
49.354
57.98
81.294
56.938
27.057
32.28
61.631
52.713
15.291
82.188
48.12
15.333
34.476
41.237
20.414
69.887
75.202
59.692
30.702
29.989
75.761
154.25
43.936
23.557
47.645
68.411
41.237
36.224
49.857
48.351
43.19
196.47
8.2327
23.025
49.8
48.208
81.017
16.266
75.4
41.65
44.92
40.285
31.914
39.232
121.85
39.918
78.694
25.936
52.51
27.9
22.322
60.599
52.104
70.673
33.818
40.501
34.231
53.414
24.165
68.934
63.956
91.785
77.75
48.964
57.347
58.212
76.094
139.58
51.59
32.646
40.919
82.958
52.445
45.309
35.442
44.876
51.416
32.57
60.059
57.672
77.977
59.308
63.944
61.191
36.118
131.67
11.57
111.33
238.15
85.524
60.472
112.62
54.693
54.246
63.387
93.662
73.732
46.207
55.068
49.223
23.374
63.463
45.507
38.175
220.62
25.436
33.784
63.727
42.031
56.324
118.5
38.12
67.672
33.942
120.15
68.748
36.842
53.8
40.196
41.445
39.69
57.053
46.618
75.22
68.185
43.158
74.461
49.38
47.32
220.15
21.442
74.586
56.924
54.732
32.003
48.707
37.238
36.76
82.603
43.344
51.211
42.671
37.573
15.861
127.97
39.99
34.96
38.663
41.071
61
81.256
55.5
44.885
100.04
123.65
54.252
