0.19559
0.18844
0.18878
0.32232
0.061537
1.2823
0.21912
0.27044
0.14203
0.054567
0.24685
0.15714
0.77668
0.47059
0.21127
0.36186
0.21636
0.6399
0.20624
0.04945
0.41387
0.3554
0.17072
0.058461
0.3458
0.11153
0.14869
0.15201
0.11485
0.19321
0.31189
0.19168
0.50283
0.19207
0.19043
0.052686
0.11912
0.17387
0.20884
0.16909
0.16621
0.18804
0.075404
0.27605
0.10174
0.17586
0.21728
0.2922
0.82853
0.65079
0.2194
0.29214
0.19219
0.14915
0.221
0.2207
0.14653
0.36194
0.080655
0.12159
0.18505
0.18186
0.081396
0.23501
0.42107
0.32242
0.16794
0.20817
0.16883
0.32373
0.066839
0.20553
0.18576
3.6793
2.8705
0.13545
0.19111
0.60473
0.17519
0.22117
0.14676
0.102
0.25062
0.4261
0.36077
0.54077
0.13836
0.24834
0.22866
0.14399
0.098982
0.72973
0.17157
0.61873
0.16463
0.23595
0.22007
0.15296
0.16986
0.46967
0.16659
0.34647
0.13739
0.43482
0.43908
0.43181
0.1647
0.17869
0.436
0.13594
0.20327
0.24151
0.36784
0.15737
0.26154
0.14492
0.21527
0.20976
0.34251
0.62599
0.25465
0.26234
0.17417
0.067515
0.57312
0.31201
0.050069
0.94824
0.22264
0.17518
0.15353
0.1092
0.1041
0.42625
0.096143
0.26096
0.097846
0.12546
2.1675
0.13324
0.32752
0.34214
0.23323
0.33659
0.15957
0.12716
0.11083
0.38868
0.25472
0.40307
0.34146
0.26871
0.20058
0.45999
0.26004
0.10991
0.24422
0.19195
0.11991
0.4234
0.60677
0.40753
0.16177
0.31752
0.29903
0.12387
0.071586
0.27649
0.11725
0.13022
0.2626
0.31664
0.39668
0.087766
0.30547
0.065825
0.21657
0.19361
0.16264
0.46177
0.14538
0.098928
0.24797
0.14034
0.11083
0.16699
0.27132
0.19615
0.15477
3.0525
0.19755
0.071859
0.55081
0.14808
0.23383
0.26451
0.79045
0.10603
0.14455
0.077043
0.081283
0.55507
0.20804
0.6915
0.32088
0.28829
0.12323
0.1369
0.19225
0.30238
0.29176
0.24182
0.34346
0.22187
0.16338
0.15345
0.042515
0.13544
0.15468
0.10271
0.18349
2.5419
0.14353
0.17495
0.27751
0.57883
0.25982
0.10112
0.12809
0.2425
0.12323
0.1733
0.41135
0.24715
0.46661
0.16397
0.61034
1.1794
0.25848
0.16315
0.26783
0.07535
0.29498
0.059142
0.20346
0.46124
0.36021
0.077386
0.11866
1.1532
0.23385
0.14762
0.16877
0.19765
0.2572
0.6191
0.096366
0.24719
0.30055
0.43641
0.12814
0.2114
0.16285
0.23566
0.090488
0.64825
0.062597
0.22169
0.16346
0.2992
0.13797
0.37664
0.26645
0.21863
0.17053
0.18749
0.40545
0.14735
0.33827
0.085581
0.22836
0.16307
0.17454
0.1704
0.23753
0.14731
0.051724
0.19572
0.39632
0.40717
0.12883
0.30202
0.43168
0.17115
0.17367
0.54733
0.12977
0.18628
0.25348
0.084864
0.1427
0.32081
0.43604
0.24592
0.23912
0.38027
0.16509
0.23479
0.14791
0.20161
0.16208
0.20429
0.11714
0.16857
0.37487
0.17373
0.15593
0.19855
0.19857
0.26624
0.27126
0.32039
0.27321
0.13585
0.70455
0.24169
0.17415
0.33582
0.23978
0.25029
0.25451
0.47264
0.18716
0.13237
0.12536
0.17006
0.33611
0.15705
0.15211
0.56255
0.046772
0.31677
3.8314
0.29796
0.28617
0.23005
0.33224
0.27938
0.31401
0.25839
0.20582
0.22367
0.15585
0.13006
0.37096
0.24651
0.29726
0.16955
0.2709
0.22764
0.1133
0.19128
0.33532
0.095677
0.060182
0.18121
0.14807
0.33073
0.22106
0.32202
0.31673
0.27496
0.13628
0.16671
0.2342
0.15197
0.23948
0.19321
0.14471
0.12516
0.10236
0.38932
0.14868
0.16748
0.17484
0.13112
0.36555
0.30065
0.19037
0.31861
0.42448
0.3194
0.1399
0.16191
0.28697
0.28491
0.16911
0.16244
0.33573
0.13271
0.17183
0.15838
0.11188
0.37798
0.42321
0.20598
0.21395
0.19863
0.29734
0.25356
0.29894
0.28587
0.2986
0.2921
0.42073
0.53685
0.12325
0.33426
0.2158
0.16707
0.13735
0.18432
0.33832
0.27699
0.07775
0.10824
0.17761
0.068426
0.37365
0.33811
0.27211
0.18533
0.18393
0.13408
0.38115
0.30027
0.15508
0.29945
0.41556
0.33479
0.19951
0.15629
0.25286
0.10937
0.14408
0.24065
0.052928
0.21414
0.33031
0.23026
0.2921
0.079412
0.37497
0.40162
0.19634
0.36696
1.9514
0.24614
0.51571
0.24997
0.4083
0.2336
0.31839
0.63256
0.34425
0.060315
0.15445
0.29661
0.12386
0.1377
1.8868
0.38888
0.21477
0.36647
0.14875
0.14288
0.06105
0.40836
0.12533
0.09027
0.38843
0.23964
0.17748
0.14746
0.056632
0.13268
0.07216
0.13243
0.16973
0.28837
0.13791
0.19437
0.3023
0.19065
0.16314
0.23685
0.15131
0.19218
0.13539
0.17289
0.11533
0.78114
0.22589
0.16703
0.13807
0.44381
0.31237
0.20437
0.12309
0.19152
0.42903
0.18173
0.16445
0.20214
0.21892
0.25585
0.30854
3.0246
0.28662
0.16177
0.12284
0.32833
0.29552
0.078886
0.31751
0.16871
0.24415
0.32009
0.052604
0.15786
0.30384
0.35265
0.15912
0.17538
0.15501
0.19289
0.42329
0.22243
0.12805
0.33711
0.19617
0.29635
0.47394
0.27835
0.22669
0.21146
0.15265
0.30044
0.50616
0.099819
0.23773
0.13587
0.31204
0.28482
0.24979
0.15228
2.7013
0.27205
0.13442
0.30473
0.19101
0.21152
0.23905
0.26591
0.10604
0.18217
0.22886
0.081171
0.41351
0.27225
0.59421
0.30548
0.048376
0.28023
0.15804
0.23372
1.378
0.26701
0.13604
0.66115
0.063371
0.38877
0.085345
0.15454
0.32861
0.15073
0.52645
0.27625
0.27436
0.51164
0.23135
0.20407
0.15318
0.23886
0.34063
2.8861
0.13817
0.31903
0.68118
0.35976
0.13955
0.36832
0.32093
0.22581
0.31733
0.42435
0.22786
0.45493
0.46516
0.26427
0.15118
0.11402
0.080214
0.096003
0.19585
0.15617
0.27083
0.22122
0.21388
0.20242
0.32141
0.36153
0.10547
0.42194
0.3057
0.29768
0.31455
0.14975
0.33676
0.37042
0.24204
0.19725
0.15473
0.4379
0.31808
0.30297
0.40715
0.43508
0.35016
0.060885
0.3805
0.11903
0.058618
0.099818
0.12622
0.17642
0.038957
0.1332
0.58304
0.16282
0.28449
0.15809
0.098252
0.19877
0.27036
0.29316
0.57754
0.28618
0.12105
0.19789
0.14675
0.29374
0.24868
0.25203
0.46124
0.4677
0.17204
0.24168
0.22508
0.13152
1.3725
0.14481
0.072891
0.2695
0.11598
0.18734
0.36742
0.31788
0.15139
0.24537
0.16293
0.09392
0.37066
0.25512
0.34549
0.23935
0.52644
0.2701
0.21758
0.30764
0.21333
0.14781
0.20874
0.36293
0.061725
0.26656
0.27797
0.11706
0.19613
0.3842
0.1648
0.37033
2.5001
0.1109
0.1969
0.13731
0.23938
0.13749
0.13001
0.1286
0.21566
0.23023
0.066478
0.2358
0.10484
0.10703
0.22663
0.15191
0.12732
0.18355
0.2907
0.18906
0.16271
0.22762
0.11731
0.14478
0.15316
1.0213
0.13571
0.24764
0.17932
0.38515
0.18474
0.33895
0.14507
0.097723
0.38739
0.29572
0.17794
0.34906
0.26548
0.83245
0.067084
0.66415
0.26365
1.1612
0.41871
0.33216
0.28505
0.24328
0.32462
0.19286
0.34034
0.24553
0.44068
0.15885
0.02239
0.27203
0.22646
0.20127
0.18514
0.38372
0.38016
0.11447
0.20475
0.20825
0.26362
0.30889
0.25329
0.12552
0.43739
0.13827
0.27977
1.2836
0.30189
0.27309
0.33191
0.22859
0.10842
0.19624
0.42147
0.24837
0.25869
0.35572
0.091728
0.2622
0.12714
0.06241
0.15315
0.13241
0.25317
0.46358
0.58898
0.23012
3.102
0.2176
0.19997
0.32284
0.1548
0.16241
0.26301
0.51537
0.38053
0.10196
0.29
0.61128
0.40137
0.58111
0.17393
0.2557
0.14761
0.25568
0.30029
0.89502
0.2947
0.17904
0.053607
0.16054
0.18789
0.29597
2.289
0.30386
0.28252
0.33099
0.21637
1.8158
0.27873
0.096072
0.4717
0.25268
0.45828
0.46619
0.12447
0.14965
0.14758
0.32329
0.13315
0.20537
0.13928
0.24371
1.7597
0.27348
0.14571
0.2894
0.74425
0.10735
0.20726
0.16539
0.26065
0.072436
0.29983
0.25952
0.12401
0.12326
0.55129
0.18472
0.29195
0.61658
0.43491
0.19438
0.56902
0.22265
0.20355
0.29428
0.093496
0.14759
0.095019
0.14413
0.19809
0.23526
0.36772
0.14494
0.29933
0.19232
0.11972
0.18511
0.24188
0.40542
0.29865
0.18262
0.27697
0.15746
0.29149
0.3401
0.22414
0.25177
0.12354
0.22096
0.10612
0.4777
0.28653
0.11228
0.21318
0.43406
0.17983
0.40913
0.17903
0.21682
0.13123
0.093034
0.1243
0.11744
0.36726
0.11548
0.37194
0.25451
0.28382
0.32158
0.23653
0.079064
0.47915
0.17402
0.39626
0.16546
0.21169
0.19265
0.17455
0.15756
0.17192
0.24669
0.5621
0.30943
0.23996
0.37753
0.19731
0.52653
0.15562
0.13344
0.1285
0.25999
0.19212
0.35066
0.070776
0.11095
0.21197
0.22734
0.31911
0.29758
2.1896
0.056543
0.19881
0.27685
0.05236
0.1876
0.27818
0.27419
0.22146
0.17666
0.15943
0.17432
0.20143
0.18408
0.11156
0.30236
0.27067
3.4489
0.038204
0.70892
0.087334
0.27978
0.14487
0.096599
0.14511
0.050463
0.53552
0.20506
0.1188
1.4259
0.31413
0.31981
0.25238
0.36224
0.19574
0.14997
0.14473
0.19312
0.36217
0.16176
0.15807
0.17063
0.13533
0.25567
0.13983
0.10971
0.21565
0.060051
0.32583
0.49105
0.21872
0.18029
0.078729
0.2262
0.050242
0.1465
2.6512
0.07938
0.50002
0.25759
0.099982
0.32705
0.13752
0.16834
0.4006
0.099558
0.38323
0.089507
0.67151
0.1552
0.27513
0.3105
0.29706
0.12986
0.24723
0.065796
0.39256
0.18934
0.50199
0.21708
0.25673
0.45213
0.15033
0.73328
0.077646
0.091923
0.57083
0.25638
0.15031
0.33862
0.35995
0.2626
0.17481
0.20617
0.32001
0.081828
0.23464
0.031604
0.36788
0.36181
0.10983
0.33817
0.16132
0.38754
0.39019
0.75224
0.095628
0.1914
0.30656
2.3823
0.17425
0.32727
