-92.873
63.167
-73.959
-77.914
-65.568
-47.789
-52.781
-59.98
47.255
-45.222
-77.982
-84.645
-74.464
-81.139
-86.765
-85.375
-48.204
-57.819
-41.457
-60.011
-53.786
-77.865
-37.172
-65.453
-80.971
-87.876
-87.384
-20.077
-94.968
-78.274
-57.676
-79.201
-88.254
-65.914
-93.6
-80.647
-94.703
-95.823
-87.205
-86.648
-83.686
-51.725
-94.855
-86.31
-29.655
-79.838
-93.298
-88.19
-90.39
-91.109
-96.259
-64.073
-80.476
-84.697
-86.575
-56.013
-65.989
-43.523
-69.637
-69.12
-80.361
-61.066
-82.555
-92.994
-46.159
-54.506
-31.516
-93.97
-90.744
-93.532
-50.469
-71.736
88.345
-79.545
-70.334
-93.311
-61.48
-62.671
-79.186
-87.08
-78.593
-71.831
-89.498
-48.431
-8.2904
-91.201
-42.75
-66.487
-69.357
-93.033
-93.64
-81.607
-40.496
-84.265
-71.823
-88.045
-79.228
-69.851
-64.604
-76.561
-75.12
-90.893
-23.881
-58.541
-70.434
-57.459
-86.841
-84.58
12.298
-46.226
-38.389
-95.5
-79.914
-79.657
-85.037
-85.936
-90.192
-91.054
-95.758
-56.083
-41.576
-66.839
-83.031
-90.687
-95.747
-41.5
-98.787
-78.98
-64.804
-58.46
-63.49
-66.976
-63.753
-67.787
-93.722
-86.703
-66.701
-46.559
-81.044
-20.784
-49.624
-87.28
-41.933
-69.397
-5.7324
-63.104
-96.197
-81.228
-79.506
-89.881
-96.04
-58.243
-66.671
-85.83
-46.604
-72.209
-98.443
-93.303
-63.586
-83.106
-85.85
-98.612
-81.325
-59.039
-87.317
-84.402
-63.201
-78.752
-81.994
-24.656
-65.058
-36.67
-75.406
-45.695
-95.289
-87.488
-80.977
-83.081
-90.215
-91.537
6.5061
14.055
-96.128
-54.425
-63.754
-41.774
-61.233
-53.575
-76.2
-86.375
-65.211
-95.758
-52.99
-87.594
-87.987
-83.395
-43.991
-66.379
-84.23
96.299
-79.801
-53.076
-13.258
-81.675
-30.849
-70.32
-70.497
-89.136
-80.352
-93.616
-86.176
-76.548
-92.888
-43.533
94.11
-99.227
-66.589
-67.01
-88.373
-78.808
-74.689
-99.972
-80.526
-87.683
-98.665
-39.314
-72.833
91.992
-81.658
-78.072
-97.805
-93.66
-16.839
-66.769
-52.71
-80.006
-86.375
-65.644
-93.345
-73.667
-99.01
-73.801
-95.419
-53.432
-64.273
-55.174
-71.362
-84.322
-80.69
-94.305
-88.719
-78.641
-73.587
-32.046
10.053
-74.455
-91.91
-55.973
-73.086
-87.932
-44.567
-91.221
-28.107
-40.058
-83.292
-89.309
-43.853
37.565
-56.639
-85.864
-81.268
-96.553
-64.339
-90.481
-75.245
-68.62
-91.647
75.141
-87.779
-88.074
-80.518
-84.415
-41.583
-70.176
-56.981
-75.651
-67.471
-21.351
-81.455
-93.785
-72.403
85.086
-86.684
-91.624
120.94
-69.628
-88.76
-15.48
-94.524
-86.324
-34.695
-40.116
-63.253
-55.836
-50.115
-87.65
-69.374
-66.629
-87.937
-86.864
-54.007
-96.931
-75.637
40.136
-97.369
-99.297
-70.667
-75.466
-17.734
10.34
-60.454
-81.362
-51.592
-73.198
-17.135
-83.777
-39.933
-86.047
-89.407
-44.991
-62.717
-66.882
48.193
-80.189
-97.4
-61.042
-89.56
-9.5174
-83.663
-67.369
-93.491
-49.302
-83.264
-47.437
-82.308
-65.425
-75.916
-80.84
-36.827
-46.82
-53.814
-52.617
-81.409
-9.9346
-98.305
-65.805
-83.37
-72.889
-68.178
-59.705
-8.8897
-95.933
-58.598
-65.678
-42.564
-48.462
-70.32
-38.697
-49.617
-94.501
-86.106
-72.88
-94.018
-86.597
-59.291
-61.835
-53.434
-86.642
-60.758
-99.742
-84.005
-74.318
-82.16
-95.05
-54.613
-82.154
-81.551
-78.479
-82.122
-28.785
-46.718
-91.845
-15.865
-99.251
-72.898
-93.181
-86.994
-87.529
-58.478
-67.142
-84.104
-79.524
-73.337
-53.457
48.892
-79.739
-91.389
-33.141
-94.26
-84.603
-78.43
-85.755
-89.952
-89.947
-69.438
-65.782
-35.969
-96.038
-84.278
-89.613
-91.246
-22.101
-55.458
-91.213
-75.283
-16.576
-76.444
-83.68
-87.839
-75.951
-55.906
-95.581
-31.463
33.232
-97.283
-89.606
-87.886
-64.358
-68.177
-82.547
-53.072
-87.133
-82.195
0.12005
15.556
-44.121
-76.379
-94.641
-82.903
-85.321
-82.897
-62.93
56.672
-77.169
-75.425
-99.645
-54.503
-90.494
-76.476
-90.792
-93.761
-59.717
-72.015
-60.183
-25.693
-71.207
-94.952
-86.237
-17.787
-69.558
-91.971
-89.107
-25.435
-73.988
-89.979
-85.445
67.177
-83.394
-66.293
-67.708
-79.413
-87.778
-78.361
-89.712
-69.779
-83.144
-86.371
-58.998
-79.265
-77.882
-85.288
-95.565
-80.702
-69.581
-79.302
-93.754
-91.666
-61.442
-89.968
-75.467
-80.111
48.69
-44.158
-86.752
-61.487
-77.557
-46.309
-98.459
-82.268
-62.336
-80.986
-84.504
-87.349
-85.06
-92.469
-0.31032
-57.876
0.98547
-84.554
-79.321
-78.954
-98.659
-61.233
21.136
-97.34
-70.92
-85.078
-92.765
-86.426
-86.344
-92.944
-94.492
-77.362
-95.62
-85.547
-81.807
-93.429
-47.183
-82.824
-34.386
-35.214
-84.628
-90.383
-5.9158
-89.944
-75.097
-63.254
-73.723
-62.4
-93.068
-57.187
-48.14
-62.744
-85.026
-74.192
-47.497
-91.625
-52.116
-86.435
-79.47
-89.226
-88.478
-70.614
3.3528
-24.502
-90.331
-98
-37.619
-53.243
-75.848
-36.243
-71.224
-91.878
-55.725
-95.026
-72.08
-67.165
-2.3959
-88.904
-83.431
-86.127
-76.382
-69.653
-76.611
-84.608
-94.368
-80.694
-82.811
-55.885
-89.454
-63.31
-69.113
-90.59
-63.105
-3.1806
-40.948
-84.046
-49.925
-50.075
-95.378
-101.1
-78.911
-68.893
-22.278
-69.565
-89.416
-85.829
-28.462
-26.315
-82.292
-95.883
-100.16
-50.695
-65.332
-75.231
-86.233
-54.339
-38.897
-70.367
-89.284
-54.446
-79.728
-69.357
-67.448
-83.557
-69.012
-53.807
-97.247
-52.412
-7.527
-96.163
-80.893
-46.652
-84.256
-70.67
-91.269
-64.853
-64.917
-84.712
-56.236
-82.798
-38.998
-64.862
-35.28
-101.17
-62.663
-24.361
-89.15
-57.8
-79.05
-76.669
-70.989
-26.997
-32.918
-76.823
-3.3744
-81.783
-89.925
-65.053
-83.1
-96.049
-8.6717
-97.592
-69.477
-58.791
-82.6
-21.705
-73.106
-58.863
-82.332
-85.193
-62.609
-36.59
-80.095
-95.971
-61.103
-26.949
-81.065
-99.13
-84.416
-66.793
-71.411
-87.89
-87.19
-56.263
-58.538
-81.677
-37.456
-74.34
-67.405
-48.523
-58.369
-54.058
-80.735
-57.256
-88.262
-88.953
-80.908
96.852
-30.115
-95.519
-63.838
-95.78
-84.029
-65.247
-45.996
-69.514
-71.082
-81.076
-31.123
-19.772
-92.915
-96.961
-93.638
-88.731
-77.264
-81.152
-60.128
-68.726
-89.441
-48.042
-99.577
-73.69
-89.755
-44.869
-93.987
-53.839
-84.371
-84.144
-98.29
-5.6583
29.181
-65.084
-90.122
-79.401
-80.274
-49.379
-67.657
-96.605
-84.914
-88.184
-84.438
-63.058
-48.951
-61.574
-87.76
-96.07
-92.647
-69.556
-54.701
-78.597
-74.484
-74.909
-91.495
-94.271
-61.36
-98.291
-93.891
-86.834
-73.852
34.244
-80.397
-72.522
-89.46
-58.973
-10.065
-69.482
-94.672
-91.226
-29.175
-91.374
-94.531
-68.835
-84.786
-78.206
-95.05
36.742
39.929
-88.288
-43.028
-75.683
-0.18801
-92.421
-89.35
-86.019
-91.112
-52.539
-85.069
-82.924
-74.597
-77.008
-93.629
-93.773
-88.045
-82.3
-81.959
-87.494
-81.867
-91.27
-80.604
-93.601
-45.213
-88.388
-8.1636
-89.099
-96.212
-62.921
18.586
-81.854
-91.171
-87.852
-42.991
-85.943
-73.12
-87.746
-90.56
69.5
-54.461
-64.425
-86.932
-91.133
-79.192
-74.811
-93.414
-57.852
-21.437
-96.405
-90.939
-94.806
-83.797
-55.433
-55.511
60.692
-52.379
-86.957
-84.33
-59.289
-75.892
-91.058
6.6732
-74.933
-73.32
54.031
-98.952
-81.531
-19.251
-82.648
-45.677
-62.179
-91.943
-67.659
-93.389
-83.605
-86.495
-66.556
-34.576
-91.372
-57.302
-78.659
-84.716
68.744
-5.9528
-99.738
-85.551
-81.85
-82.385
-76.521
-60.51
-93.616
-67.592
-51.707
-78.611
-49.618
-97.412
-96.042
-68.269
-68.725
-40.248
-91.657
1.1439
-81.479
-88.349
-51.995
-93.187
-80.777
-52.186
-65.184
-88.856
-92.197
-1.4444
-54.598
-78.031
-56.543
-84.701
-90.42
-63.734
-26.472
-61.672
-90.319
-94.208
-68.361
-71.973
-93.657
-59.286
-83.509
-95.28
-85.366
-86.369
-86.016
-70.487
-65.731
-68.842
-94.766
-96.729
-45.75
5.4969
-86.013
-72.782
-100.21
-58.011
-88.783
-83.531
-92.418
-71.737
-91.436
40.339
-100.75
-93.209
-85.695
-94.391
-80.104
-92.026
-52.119
-91.593
-87.735
-81.359
-92.259
-76.131
-30.315
-90.678
-62.55
-93.912
-77.762
-93.063
-72.71
-82.306
-72.273
-6.3761
-81.206
-61.414
-96.557
-73.514
-96.904
-65.487
-50.526
-72.399
-48.911
-77.139
-77.741
-74.56
-62.488
11.001
-67.861
-93.682
-92.763
-44.22
-89.515
-81.58
-86.437
-71.452
-68.01
-87.247
-52.491
-83.155
-56.381
-62.972
-66.422
-52.514
-95.57
16.382
-99.693
9.1331
59.057
-51.002
-66.614
-7.3746
-67.663
-64.563
-63.301
-37.942
-58.088
-95.298
-80.755
-69.185
-77.452
-75.665
-66.113
-81.715
61.366
-88.384
-97.346
-69.179
-83.547
-71.875
-8.0191
-78.573
-51.311
-80.328
4.5725
-72.656
-84.074
-77.474
-86.955
-92.16
-93.306
-74.606
-90.375
-48.52
-58.905
-94.784
-51.237
-91.249
-84.455
27.576
-75.279
-58.893
-67.682
-62.035
-93.333
-84.021
-95.882
-99.294
-43.672
-78.675
-84.864
-75.376
-98.235
-92.241
-14.837
-87.367
-88.848
-90.352
-94.848
-76.324
-61.827
-79.476
-91.208
-45.922
-4.33
-78.422
