0.62313
0.30479
0.26681
0.36573
0.31779
0.6238
0.64432
0.60905
0.37452
0.49935
0.38627
0.23937
0.46412
0.18334
0.32691
0.27865
0.64484
0.26
0.44583
0.41072
0.46993
0.3583
0.37871
0.91979
0.1959
0.28423
0.2862
0.27827
0.42226
0.38296
0.24422
1.1374
0.45489
0.23991
0.35836
0.27961
0.22163
0.4495
0.44149
0.21655
0.30283
0.54804
0.59692
0.61035
0.57341
0.36734
0.55165
0.39127
0.48514
0.47429
0.6691
0.86586
0.8855
0.6696
0.33464
0.58006
0.57671
0.51682
0.64985
0.32975
0.29454
0.33805
0.6146
0.19854
0.5207
0.28025
0.49595
0.67519
0.39694
0.37451
0.35881
0.27964
0.19035
0.35682
0.3898
0.64541
0.42325
0.33847
0.51029
0.47069
0.35766
0.26734
1.2346
0.40642
0.38471
0.52355
0.43267
0.28973
0.42503
0.58806
0.48439
0.34305
0.31274
0.65532
0.50738
0.72157
0.49207
0.4704
0.28835
0.49019
0.33766
0.23073
0.28172
0.31202
0.36449
0.45694
0.70831
0.24107
0.4621
0.38482
0.2655
0.5909
0.23628
0.21613
0.44945
0.85929
0.29225
0.70791
0.35962
0.46926
0.32981
0.35403
0.24799
0.29768
0.51956
0.43048
0.5726
0.71172
0.36563
0.23305
0.50693
0.41673
0.54515
0.35498
0.33711
0.45933
0.59514
0.46079
0.33457
0.44963
1.0173
0.32493
0.3131
0.46601
0.33793
0.25931
0.606
0.33176
0.58863
0.99979
0.29759
0.34503
0.20698
0.39162
0.54529
1.0408
0.27234
0.31886
0.4969
0.2919
0.79633
0.80831
0.73452
0.52714
0.39564
0.38897
0.6906
0.48169
0.54177
0.26878
0.30107
0.2763
0.34785
0.32614
0.47908
0.96948
0.36586
0.31411
0.34773
0.40248
0.40485
0.28379
0.37452
0.53685
0.35033
0.31011
0.5352
0.32226
0.59265
0.41742
0.28788
0.59189
0.44398
0.688
0.94938
0.29244
0.51866
0.38804
0.65341
0.5974
0.50594
0.36187
0.50903
0.474
0.40808
0.32623
0.44226
0.46354
0.3897
0.27517
0.57854
0.26644
0.70947
0.80138
0.48917
0.53551
0.30575
0.63707
0.40574
0.33067
0.26081
0.48772
0.73913
0.80869
0.40763
0.41737
0.34825
0.43325
0.46003
0.43991
0.51695
0.24772
0.28979
0.3302
0.44052
0.35586
0.43949
0.30668
0.35108
0.81686
0.31854
0.56848
0.35354
0.48551
0.21141
0.39143
0.57797
0.57347
0.47335
0.72201
0.37224
0.33652
0.87351
0.34579
0.55722
0.31519
0.50325
0.56139
0.61147
0.28248
0.71033
0.55473
0.66705
0.4648
0.24404
0.38843
0.58171
0.31007
0.64035
0.3422
0.26488
0.38605
0.38948
0.30606
0.26804
0.47497
0.33417
0.68353
0.34274
0.31617
0.39332
0.22818
0.2656
0.34677
0.41511
0.3319
0.75338
0.33428
0.65502
0.43182
0.47965
0.58751
0.34887
0.55187
0.31058
0.48858
0.34217
0.21765
0.3172
0.29454
0.73388
0.25307
0.62316
0.48433
0.46698
0.62046
0.54589
0.32808
0.72788
0.42615
0.37754
0.36684
0.29795
0.36183
0.58845
0.51945
0.22455
0.38164
0.6602
0.3206
0.42067
0.22242
0.56518
0.55728
0.63654
0.215
0.45481
0.74866
0.39022
0.35074
0.2588
0.36243
0.32663
0.52458
0.33997
0.33733
0.36383
0.66654
0.23752
0.50785
0.36846
0.78712
0.56537
0.30223
0.45346
0.38244
0.22663
0.56111
0.34946
0.5236
0.49806
0.32832
0.44717
0.3775
0.49225
0.2093
0.34137
0.46108
0.38276
0.29585
0.69044
0.42077
0.46178
0.47177
0.45346
0.1316
0.55344
1.236
0.6884
0.47947
0.56297
0.49669
0.35635
0.23656
0.30522
0.63473
0.43264
0.33311
0.31739
0.52638
0.43583
0.40253
0.3738
0.29943
0.35967
0.41364
0.42531
0.71683
0.41874
0.46685
0.69489
0.48661
0.18725
0.47373
0.38877
0.52218
0.44303
0.47048
0.34399
0.47528
0.46896
0.2419
0.82506
0.54599
0.5991
0.68999
0.57309
0.31416
0.59612
0.33308
0.19962
0.55976
0.35222
0.66222
0.30775
0.3088
0.26615
0.48468
0.3321
0.67586
0.25099
0.34562
0.57123
0.44568
0.47976
0.58887
0.28885
0.68774
0.51718
0.26163
0.37549
0.20198
0.37338
0.47168
0.32289
0.33226
0.2787
0.29589
0.35354
0.33177
0.30662
0.34668
0.51349
0.5878
0.42771
0.48576
0.46456
0.27032
0.60934
0.88932
0.2621
0.44299
0.68861
0.58801
0.27422
0.36317
0.37759
0.35968
0.52063
0.35065
0.22614
0.61231
0.34946
0.408
0.29632
0.36013
0.2491
0.48385
0.26595
0.3906
0.46575
0.23646
0.37143
0.6031
0.43759
0.51557
0.31661
0.36574
0.51603
0.35776
0.59633
0.49104
0.55743
0.49587
0.4097
0.5566
0.42881
0.65853
0.55294
0.62966
0.1937
0.47135
0.3578
0.46715
0.50745
0.42104
0.33258
0.37378
0.36076
0.31857
0.4835
0.38612
0.3789
0.2365
0.46065
0.33218
0.27184
0.3419
0.36541
0.37258
0.45193
0.43225
0.39432
0.46939
0.46508
0.32868
0.46864
0.3304
0.41852
0.39671
0.34076
0.30053
0.23005
0.30422
0.45129
0.77928
0.43474
0.60872
0.45621
0.30011
0.35194
0.54028
0.26585
0.55224
0.35183
0.36894
0.32571
0.48596
0.64546
0.60193
0.74039
0.67734
0.5313
0.39186
0.40158
0.35821
0.52675
0.30167
0.63951
0.30231
0.51368
0.34741
0.44398
0.41881
0.59172
0.44929
0.32387
0.51514
0.43102
0.41049
0.59078
0.54977
0.50883
0.50926
0.72844
0.51236
0.43088
0.54413
0.64181
0.28771
0.66703
0.29425
0.25088
0.36554
0.38931
0.38953
0.55085
0.40884
0.25302
0.88044
0.30639
0.45211
0.45739
0.32599
0.33353
0.57516
0.55551
0.38857
0.31234
0.43092
0.71707
0.23142
0.77125
0.40222
0.40663
0.79598
0.29793
0.28928
0.34574
0.40378
0.41105
0.45101
0.34528
0.48786
0.60942
0.39061
0.6519
0.33961
0.43752
0.30906
0.46014
0.52555
0.5179
0.46076
0.44013
0.21037
0.62903
0.37362
0.46322
0.29156
0.39916
0.30899
0.18609
0.9653
0.7238
0.45501
0.2383
0.53682
0.32206
0.45462
0.33347
0.38308
0.30513
0.83171
0.53592
0.52821
0.4678
0.32704
0.19402
0.36517
0.86442
0.4499
0.41293
0.26674
0.57816
0.36449
0.34138
0.35968
0.4052
0.39377
0.37011
0.44311
0.31922
0.85346
0.45886
0.21773
0.4043
0.41391
0.4667
0.31274
0.30338
0.4856
0.28792
0.68846
0.35211
0.28807
0.42698
0.37395
0.44145
0.29736
0.49029
0.30247
0.31179
0.26656
0.45215
0.32449
0.65953
0.72607
0.44353
0.33174
0.26443
0.4464
0.387
0.59108
0.33398
0.63251
0.41771
0.44822
0.38865
0.45709
0.45622
0.37129
0.18176
0.52733
0.44309
0.32004
0.3146
0.28712
0.52983
0.3694
0.39771
0.41939
0.32245
0.38042
0.33589
0.43983
0.48443
0.37331
0.38528
0.47644
0.42837
0.51628
0.51313
0.36428
0.48451
0.6639
0.33775
0.29475
0.25202
0.46309
0.37556
0.25646
0.37794
0.50315
0.34586
0.31738
0.45707
0.20992
0.46879
0.40899
0.30177
0.42103
0.26481
0.44124
0.41285
0.25145
0.38573
0.33667
0.39888
0.60625
0.1741
0.74951
0.60531
0.24382
0.56035
0.37686
0.29581
0.32208
0.40524
0.22574
0.31096
0.38965
0.34818
0.49124
0.42974
0.7695
0.60215
0.44501
0.51096
0.51715
0.38911
0.5242
0.3382
0.41128
0.50911
0.2543
0.44655
0.29283
0.42265
0.44789
0.37939
0.55212
0.535
0.69508
0.52486
0.50577
0.27447
0.54373
0.53423
0.29083
0.56852
0.8118
0.51425
0.25667
0.4234
0.57042
0.284
0.3323
0.20643
0.66742
0.58156
0.56299
0.64584
0.34007
1.0777
0.4637
0.30527
0.33882
0.56663
0.68945
0.45222
0.40023
0.53064
0.37752
0.93337
0.40163
0.38789
0.19492
0.30849
0.93985
0.58799
0.63632
0.58278
0.35185
0.18177
0.62148
0.37978
0.34154
0.26924
0.32724
0.36825
0.64523
0.32483
0.54002
0.51331
0.31835
0.50497
0.48242
0.6729
0.9942
0.29286
0.28195
0.53907
0.53189
0.55788
0.43568
0.54492
0.24936
0.22895
0.4288
0.37339
0.58873
0.20365
0.34209
0.38658
0.44074
0.34147
0.27254
0.24152
0.22152
0.2792
0.58525
0.37876
0.49216
0.45875
0.42202
0.59799
0.32948
0.3001
0.43922
0.37029
0.17725
0.38435
0.35628
0.39254
0.24524
0.31514
0.46339
0.44271
0.16381
0.40841
0.55892
0.52562
0.20675
0.4348
0.3433
0.53401
0.4897
0.37412
0.38733
0.45097
0.40964
0.37726
0.40485
0.46489
0.30023
0.27732
0.61651
0.55042
0.30866
0.3697
0.34294
0.34904
0.56086
0.36072
0.5624
0.35466
0.36341
0.46724
0.60559
0.25394
0.28826
0.55002
0.54667
0.96799
0.71151
0.32987
0.34277
0.6788
0.43392
0.44728
0.77837
0.25073
0.29105
0.27456
0.56275
0.26229
0.50134
0.63044
0.55492
0.45591
0.30928
0.73811
1.4098
0.55313
0.49896
0.36799
0.53486
0.39198
0.42475
0.48706
0.51598
0.4533
0.25742
0.36575
0.27864
0.35871
0.49634
0.66963
0.65201
0.42643
0.46276
0.62989
0.60398
0.56768
0.32491
0.26614
0.35038
0.48539
0.37497
0.26181
0.2597
0.31677
0.52482
0.3979
0.50551
0.59699
0.38385
0.52307
0.31659
0.49369
0.58524
0.49462
0.3582
0.385
0.57895
0.35027
0.4072
0.24016
0.43174
0.22127
0.45573
0.66637
0.69511
0.41571
0.42393
0.37101
0.39984
0.34173
0.27617
0.77684
0.33936
0.79939
0.82592
0.45838
0.37324
0.38214
0.5223
0.4294
0.62593
0.66666
0.44275
0.35906
0.59112
0.38975
0.58655
0.52648
0.30017
0.35215
0.44409
0.42944
0.4582
0.43966
0.34722
0.90877
0.42003
0.59593
0.22667
0.22807
0.49276
0.71305
0.4507
0.31057
0.27205
0.64678
0.5441
0.56258
0.4279
0.48249
0.53246
0.3688
0.52768
0.53861
0.55211
0.63995
0.57413
0.49369
0.48182
0.33959
0.54627
0.37637
0.36736
0.33343
0.41315
0.35273
0.53361
0.4364
0.32711
0.4842
0.19816
0.63701
0.32426
0.28603
0.35189
0.715
0.31874
0.51546
0.42211
0.58571
0.3857
