-95.199
14.514
-90.069
-109.07
-73.015
-94.782
-71.966
-59.792
47.074
-61.791
-102.63
-89.878
-87.078
-83.284
-95.79
-109.54
-68.084
-69.198
-54.827
-71.728
-86.231
-96.262
-56.585
-82.159
-89.284
-98.503
-86.016
-65.85
-107.42
-88.529
-60.712
-77.126
-99.121
-80.152
-101.02
-84.871
-100.58
-102.68
-83.795
-102.74
-101.99
-59.303
-106.28
-98.89
-39.28
-94.707
-106.26
-95.216
-99.001
-95.237
-119.76
-78.8
-94.412
-92.635
-100.97
-64.517
-81.472
-62.792
-80.436
-83.595
-94.185
-69.96
-104.56
-98.197
-60.611
-63.548
-48.585
-117.7
-103.96
-99.959
-87.192
-75.259
209.39
-81.881
-92.102
-103.54
-77.199
-76.451
-93.181
-94.93
-92.453
-86.382
-115.12
-68.612
-24.533
-101.65
-54.445
-92.737
-90.687
-104.19
-97.996
-92.394
-41.632
-89.948
-92.834
-97.223
-90.231
-77.35
-78.946
-90.907
-96.722
-106.39
-47.582
-66.972
-94.399
-69.199
-91.837
-93.506
6.2008
-59.607
-54.688
-96.491
-86.773
-92.071
-94.063
-112.22
-107.36
-106.63
-97.8
-69.118
-61.537
-85.251
-101.97
-96.826
-99.848
-65.28
-96.429
-87.464
-69.504
-70.747
-80.727
-86.291
-66.239
-85.791
-113
-90.009
-80.672
-52.674
-82.992
-1.6453
-60.82
-123.74
-55.572
-94.772
-33.302
-90.764
-116.45
-88.645
-94.611
-114.38
-101.52
-75.673
-76.022
-87.333
-42.256
-85.925
-111.67
-103.32
-94.498
-88.225
-98.024
-112.18
-93.208
-68.189
-100.19
-98.909
-72.501
-91.597
-102.2
-47.231
-73.341
-58.546
-100.89
-61.285
-107.88
-105.06
-103.47
-94.583
-95.345
-97.092
-36.407
24.717
-101.03
-58.086
-65.684
-60.765
-67.81
-82.858
-88.497
-94.368
-90.532
-101.85
-70.328
-98.654
-107.02
-92.149
-82.491
-77.349
-96.682
52.76
-90.786
-64.397
-24.288
-101.6
-42.753
-88.347
-88.883
-90.918
-89.906
-102.76
-96.95
-85.653
-109.03
-58.874
146.05
-115.67
-78.669
-78.745
-103.95
-86.496
-81.148
-88.345
-85.01
-93.88
-108.91
-68.168
-82.189
-0.15123
-95.605
-89.939
-106.42
-96.668
-36.154
-86.25
-66.808
-90.946
-100.23
-74.42
-97.438
-88.441
-103.64
-85.74
-100.58
-76.785
-83.523
-62.947
-86.79
-90.914
-90.212
-83.46
-104.66
-89.032
-95.891
-45.438
-1.5751
-90.686
-106.14
-66.878
-97.531
-97.217
-83.164
-97.117
-39.029
-46.166
-91.548
-102.46
-81.886
41.607
-87.449
-100.07
-94.087
-102.05
-67.918
-102.94
-94.453
-79.059
-94.596
102.22
-101.86
-101.33
-85.656
-95.709
-64.391
-75.484
-79.93
-84.555
-65.609
-79.823
-90.888
-116.82
-95.166
201.85
-93.147
-93.147
42.022
-78.01
-91.561
-24.375
-101.16
-109.1
-65.272
-20.071
-83.726
-75.428
-74.595
-122.82
-78.804
-84.426
-108.09
-95.627
-56.829
-103.83
-84.428
-45.255
-108.91
-96.168
-92.145
-76.769
-28.854
-12.347
-86.944
-94.7
-79.531
-81.678
-52.191
-98.162
-48.953
-97.452
-92.665
-56.755
-78.159
-89.339
9.4793
-97.558
-106.32
-83.855
-104
-44.174
-93.479
-81.536
-97.146
-66.057
-85.3
-59.139
-82.914
-80.384
-86.976
-87.802
-61.665
-58.948
-76.583
-61.191
-96.423
-35.593
-110.24
-79.24
-98.858
-86.68
-82.981
-73.267
-42.326
-114.18
-92.737
-77.911
-71.765
-67.861
-83.525
-72.11
-53.002
-115.27
-116.92
-94.035
-105.09
-86.89
-79.031
-86.16
-77.365
-92.74
-70.527
-110.12
-97.717
-84.614
-97.216
-104.01
-82.171
-96.067
-92.285
-82.771
-89.189
-39.045
-65.02
-105.24
-20.343
-123.15
-90.759
-97.927
-99.662
-93.196
-69.932
-89.198
-96.07
-93.21
-87.872
-74.897
56.072
-92.113
-92.724
-74.648
-97.068
-95.396
-86.308
-99.293
-105.02
-96.82
-81.881
-83.74
-50.793
-108.96
-106.11
-109.38
-98.156
-44.784
-110.61
-108.92
-90.211
-27.671
-92.131
-100.3
-119.53
-84.015
-67.629
-105.17
-46.787
-60.656
-110.01
-107.97
-99.773
-81.239
-76.562
-103.09
-67.398
-103.4
-90.756
-13.143
30.917
-48.528
-82.722
-100.85
-98.435
-100.78
-104.73
-77.643
-18.694
-93.737
-90.188
-118.66
-73.754
-103.37
-102.68
-98.532
-103.11
-79.246
-90.153
-88.01
-49.593
-69.085
-108.44
-98.194
-63.493
-71.536
-80.047
-92.125
-31.942
-94.616
-90.635
-90.292
89.798
-99.859
-74.865
-79.199
-98.215
-100.58
-88.292
-100.06
-88.499
-89.582
-100.96
-59.625
-99.822
-90.101
-111.75
-95.352
-97.151
-93.664
-94.968
-97.893
-103.76
-93.817
-96.352
-91.553
-92.915
25.594
-67.897
-105.89
-84.511
-101.74
-67.16
-98.843
-101.14
-80.488
-93.388
-104.19
-98.297
-107.19
-98.958
14.921
-82.294
-69.427
-86.552
-96.615
-94.522
-106.4
-83.634
-16.472
-116.4
-81.754
-100.27
-109.86
-104.74
-103.19
-94.45
-98.884
-94.217
-106.98
-89.128
-90.251
-105.81
-67.695
-105.76
-61.477
-28.551
-87.23
-107.85
-38.751
-100.45
-78.566
-90.164
-94.964
-82.137
-93.938
-72.873
-66.44
-88.737
-90.075
-85.165
-81.162
-92.728
-74.95
-98.66
-103.49
-95.36
-100.38
-91.041
-41.47
-30.422
-98.775
-112.4
-45.453
-60.712
-93.27
-49.79
-78.748
-102.58
-87.885
-122.77
-76.999
-87.671
-6.0028
-92.691
-94.976
-99.839
-91.123
-82.006
-106.34
-109.37
-102.49
-87.605
-93.915
-69.417
-96.767
-86.774
-82.533
-108.34
-80.512
-15.885
-71.522
-88.224
-49.706
-80.423
-110.7
-114.6
-99.621
-87.454
-22.88
-79.451
-96.798
-102.53
-52.543
-38.879
-86.683
-112.07
-108.68
-44.741
-83.505
-89.742
-88.666
-86.604
-39.288
-91.038
-104.7
-71.087
-90.636
-82.719
-99.164
-96.303
-87.005
-75.985
-108.76
-74.058
-83.222
-103.77
-91.7
-64.479
-100.58
-82.641
-106.37
-87.402
-74.767
-96.31
-59.648
-97.384
-61.388
-77.641
-51.627
-114.74
-76.417
-51.68
-99.103
-73.83
-88.426
-90.801
-73.818
-47.664
-72.359
-87.556
-36.645
-94.064
-98.274
-87.055
-89.176
-102.83
-49.39
-120.72
-79.749
-89.575
-90.882
-29.946
-94.581
-73.725
-96.215
-80.488
-83.786
-61.632
-93.947
-104.47
-71.728
-55.93
-101.2
-113.78
-97.724
-69.261
-89.983
-108.96
-96.048
-88.694
-78.941
-97.787
-49.928
-96.884
-84.167
-79.254
-50.527
-63.326
-107.77
-70.491
-91.513
-99.287
-80.443
100.07
-39.935
-116.88
-90.532
-87.908
-82.192
-109.44
-59.603
-93.849
-87.328
-97.748
-53.864
-52.79
-102.61
-100.82
-107.43
-107.03
-89.136
-84.277
-70.685
-74.021
-99.326
-79.753
-104.52
-84.79
-96.406
-71.877
-93.506
-62.004
-98.173
-93.576
-106.73
-19.504
23.532
-87.638
-94.877
-94.963
-95.495
-61.223
-73.374
-124.19
-87.18
-103.05
-94.17
-79.011
-63.184
-63.643
-78.543
-108.41
-100.94
-79.818
-66.869
-86.686
-91.654
-86.439
-119.64
-108.04
-87.539
-109.3
-99.996
-104.64
-86.05
-3.8476
-82.306
-82.085
-97.56
-79.351
-12.355
-82.722
-113.96
-99.191
-42.923
-91.371
-112.17
-79.136
-67.539
-92.373
-101.28
38.944
69.831
-95.799
-51.665
-96.521
-62.255
-98.483
-93.355
-97.326
-99.898
-84.141
-89.169
-84.727
-92.811
-87.034
-106.14
-105.72
-97.47
-89.037
-96.346
-110.7
-103.8
-109.57
-85.922
-102.55
-55.077
-97.372
-4.0141
-108.96
-97.993
-73.724
26.115
-94.779
-111.81
-106.91
-51.85
-93.618
-75.973
-96.258
-97.574
33.428
-66.758
-84.692
-101.54
-95.135
-101
-98.265
-111.12
-72.769
-71.414
-100.66
-94.145
-103.49
-98.589
-84.931
-72.114
89.65
-60.987
-99.723
-94.544
-85.308
-91.19
-114.83
20.841
-98.069
-90.508
86.724
-109.59
-100.68
-40.052
-90.153
-67.075
-66.99
-118.38
-80.131
-95.939
-97.549
-94.152
-77.808
-59.879
-101.76
-64.344
-79.807
-96.355
122.22
-44.476
-115.4
-98.38
-96.39
-103.09
-80.035
-80.214
-99.711
-81.12
-73.655
-86.738
-76.985
-115.18
-114.72
-76.611
-79.798
-37.97
-95.279
68.667
-91.17
-94.14
-60.112
-90.026
-100.46
-74.871
-83.212
-106.55
-98.026
22.958
-69.364
-91.095
-96.17
-108.32
-93.559
-78.341
-33.299
-68.497
-98.608
-99.01
-73.519
-75.349
-95.568
-82.377
-95.884
-107.8
-90.655
-92.392
-89.093
-93.315
-83.808
-95.387
-107.42
-99.147
-61.784
-36.916
-94.924
-97.047
-112.15
-76.032
-101.45
-88.115
-111.01
-95.256
-94.535
15.581
-105.29
-104.46
-92.166
-102.74
-104.43
-97.387
-61.722
-104.57
-103.58
-91.783
-118.89
-90.987
-72.322
-96.105
-79.775
-101.74
-99.886
-100.17
-88.342
-87.994
-84.911
4.6092
-90.08
-62.169
-106.37
-102.81
-102.17
-85.827
-67.868
-98.269
-65.47
-88.37
-95.747
-84.801
-83.656
8.7213
-77.722
-100.48
-98.869
-57.34
-104
-84.575
-93.492
-86.323
-79.118
-97.402
-70.261
-103.65
-74.327
-74.194
-85.526
-50.76
-111.25
18.518
-112.7
28.256
12.048
-70.82
-80.855
-10.06
-84.773
-78.302
-75.104
-61.936
-72.797
-105.47
-94.743
-84.117
-80.714
-84.93
-84.523
-99.864
40.725
-96.33
-98.813
-91.283
-102.07
-80.95
-32.143
-87.687
-77.526
-97.263
-1.8739
-82.798
-94.585
-85.557
-102.44
-92.786
-108.59
-83.014
-113.67
-70.899
-71.619
-101.63
-59.535
-97.539
-101.78
-40.467
-79.795
-80.037
-80.298
-72.337
-107.05
-95.923
-108.9
-106.24
-72.87
-88.955
-96.637
-92.706
-107.56
-106.46
-53.067
-102.5
-117.15
-103.68
-117.2
-89.088
-81.8
-79.921
-94.34
-75.954
-25.724
-85.655
