-117.8
54.81
-87.725
-119.68
-100.99
-58.789
-76.889
-75.952
42.246
-64.789
-123.24
-110.16
-101.98
-93.614
-112.3
-119.18
-77.084
-80.523
-55.299
-83.162
-79.649
-98.184
-50.616
-91.002
-111.13
-111.7
-102.48
-39.849
-133.01
-99.93
-75.542
-90.771
-125.5
-88.943
-123.91
-99.704
-116.69
-123.09
-113.84
-113.05
-116.69
-75.019
-125.69
-110.09
-51.578
-97.868
-128.66
-124.19
-115.53
-112.06
-136.49
-94.336
-104.75
-109.98
-123.79
-89.485
-87.758
-61.965
-106.04
-90.132
-105.29
-69.643
-128.32
-114.63
-58.596
-86.121
-43.192
-136.13
-144.6
-111.39
-80.645
-94.418
92.584
-102.69
-91.312
-122.33
-93.351
-78.84
-105.56
-117.79
-105.38
-95.61
-139.39
-80.063
-17.012
-114.73
-58.599
-92.565
-99.331
-118.22
-121.18
-98.573
-57.372
-104.44
-102.9
-111.49
-111.3
-89.185
-84.318
-107.03
-119.26
-120.2
-53.465
-85.045
-98.318
-79.27
-116.26
-98.36
2.7065
-76.488
-72.377
-144.48
-92.173
-109.21
-123.79
-126.06
-113.82
-118.52
-115.53
-77.161
-58.207
-92.147
-132.02
-109.43
-123.63
-66.918
-118.35
-92.424
-80.308
-84.493
-87.46
-93.272
-78.098
-97.039
-128.39
-110.24
-98.42
-57.102
-102.68
-35.507
-76.373
-134.03
-72.811
-96.681
-21.58
-109.9
-132.5
-107.94
-100.77
-133.28
-127.51
-79.304
-92.956
-107.11
-66.991
-96.26
-138.47
-121.26
-93.261
-107.7
-128.39
-142.64
-104.97
-80.04
-126.19
-117.65
-85.284
-102.48
-120.55
-31.299
-77.427
-49.365
-111.12
-80.641
-122.02
-135.96
-119.58
-113.09
-112.99
-117.86
-3.1543
-7.2522
-116.46
-76.292
-82.029
-75.199
-94.334
-71.292
-102.45
-109.04
-102.24
-122.01
-78.23
-107.47
-113.1
-111.08
-83.049
-92.408
-106.85
105.52
-100.6
-65.698
-21.83
-108.15
-57.484
-103.23
-117.37
-107.85
-100.63
-127.52
-115.59
-103.21
-133.11
-73.054
96.832
-138.01
-89.966
-94.629
-132
-106.96
-90.423
-121.18
-102.51
-110.69
-124.37
-58.368
-95.224
77.782
-112.05
-113.55
-134.23
-112.52
-66.361
-92.053
-84.896
-99.647
-110.84
-95.703
-112.47
-105.29
-126.71
-102.19
-112.6
-70.882
-96.082
-72.924
-92.323
-106.99
-107.43
-114.67
-123.51
-93.154
-106.36
-48.549
-7.1926
-106.5
-124.24
-76.553
-107.47
-108.49
-55.821
-115.75
-36.558
-47.061
-101.52
-108.68
-72.518
38.163
-88.264
-112.26
-111.27
-130.44
-85.558
-117.63
-110.28
-101.58
-129.31
57.784
-117.11
-111.72
-107.96
-101.29
-62.328
-86.366
-77.313
-97.3
-86.284
-38.892
-113.09
-133.67
-106.25
70.408
-107.43
-114.42
132.38
-89.188
-106.46
-23.503
-113.57
-113.46
-48.891
-61.628
-104.87
-87.444
-85.626
-149.78
-90.456
-108.28
-116.08
-104.53
-67.859
-127.83
-98.583
37.028
-116.72
-139.62
-96.417
-87.852
-44.024
2.7266
-119.35
-115.65
-81.489
-93.005
-44.219
-115.47
-64.663
-110.12
-118.49
-52.813
-96.912
-109.65
34.334
-100.22
-122.19
-80.187
-121.45
-22.379
-107.21
-82.889
-135.92
-68.989
-112.36
-60.437
-101.6
-97.183
-103.83
-107.53
-72.624
-60.917
-77.288
-74.296
-108.01
-21.354
-123.84
-90.604
-111.94
-109.03
-100.18
-84.197
-37.15
-125.21
-108.14
-84.506
-65.55
-75.689
-95.24
-77.188
-62.216
-130.61
-134.11
-115.89
-114.16
-112
-81.641
-89.226
-87.021
-117.14
-76.493
-137.06
-137.51
-109.11
-112.46
-118.76
-73.34
-118.07
-104.95
-95.87
-104.38
-46.345
-67.305
-116.35
-19.922
-142.68
-95.375
-120.98
-114.85
-103.8
-77.913
-93.927
-109.67
-103.57
-104.94
-77.254
14.487
-98.265
-109.43
-59.102
-115.22
-113.97
-87.916
-111.15
-121.85
-108.85
-92.261
-92.962
-50.613
-126.65
-124.91
-123.09
-115.91
-57.827
-105.83
-134.32
-101
-37.688
-94.823
-121.95
-141.14
-92.418
-82.636
-118.59
-54.669
32.295
-126.65
-117.89
-108.55
-97.32
-88.826
-110.66
-76.268
-118.06
-102.76
-20.379
2.9175
-70.217
-93.898
-125.36
-106.63
-121.17
-116.76
-77.114
55.462
-106.59
-88.658
-135.7
-68.965
-113.83
-110.58
-110.03
-116.51
-85.448
-91.072
-92.09
-38.747
-96.805
-118.19
-124.25
-40.312
-88.294
-103
-110.65
-54.877
-106.21
-108.54
-103.91
65.815
-103.2
-78.084
-89.455
-102.5
-106.42
-110.07
-115.4
-87.011
-108.91
-102.33
-76.635
-114.51
-116.65
-131.18
-116.8
-102.96
-105.78
-105.96
-121.1
-119.34
-97.189
-118.26
-122.19
-98.089
24.707
-77.18
-118.99
-83.003
-106.64
-70.102
-118.67
-119.34
-74.682
-106.76
-127.3
-113.77
-115.29
-130.95
-12.55
-112.18
-18.607
-97.777
-107.85
-108.31
-131.99
-91.845
5.2359
-126.94
-83.612
-120.29
-123.95
-126.2
-115.8
-111.97
-110.34
-107.57
-129.77
-108.88
-97.885
-120.97
-71.452
-114.53
-51.164
-57.227
-97.547
-120.67
-20.113
-113.69
-95.331
-99.188
-114.27
-98.215
-109.55
-73.854
-66.885
-109.17
-103.9
-108.55
-68.37
-113.49
-65.166
-106.35
-108.86
-125.21
-126.34
-106.35
-9.7427
-62.175
-119.48
-127.33
-54.911
-64.533
-101.48
-51.155
-84.773
-119.89
-88.17
-147.38
-83.526
-84.343
-21.908
-105.58
-109.87
-127.61
-111.79
-97.729
-113.13
-123.16
-116.18
-96.494
-99.818
-73.665
-111.57
-92.256
-88.684
-120.97
-92.079
-19.762
-64.327
-110.23
-71.552
-90.421
-128.95
-145.94
-104.39
-87.131
-47.065
-85.465
-100.7
-113.98
-52.314
-43.621
-99.455
-131.04
-133.58
-59.519
-92.574
-104.19
-100.44
-93.035
-60.719
-94.561
-125.81
-66.583
-116.44
-103.57
-96.984
-119.19
-88.045
-81.633
-120.86
-72.53
-29.23
-119.42
-108.86
-55.49
-125.44
-94.232
-115.74
-89.558
-96.498
-106.88
-78.827
-112.93
-60.19
-87.125
-50.538
-147.6
-72.795
-39.532
-116.65
-88.224
-99.371
-99.754
-82.15
-43.425
-78.344
-103.62
-22.085
-111.1
-116.11
-96.476
-112.22
-133.84
-55.411
-142.83
-90.518
-99.106
-101.44
-62.981
-114.2
-75.628
-116.57
-120.24
-91.273
-77.718
-109.68
-129.76
-92.312
-39.281
-117.48
-128.57
-111.77
-76.663
-108.63
-129.08
-124.35
-93.825
-91.164
-116.84
-52.994
-110.89
-92.553
-81.185
-81.993
-79.044
-124.5
-95.9
-105.21
-118.92
-94.883
88.099
-59.926
-134.58
-85.078
-133.37
-94.077
-103.41
-69.674
-98.807
-100.03
-101.83
-56.54
-35.421
-116.3
-112.67
-119.55
-127.46
-97.588
-99.768
-92.974
-94.946
-123
-89.381
-128.7
-91.657
-124.72
-66.32
-124.67
-65.815
-113
-114.89
-128.37
-36.983
19.309
-94.302
-119.17
-111.49
-111.15
-66.688
-95.848
-140.71
-98.575
-118.13
-104.97
-86.252
-62.704
-75.701
-122.22
-123.84
-113.1
-89.754
-98.641
-105.47
-97.226
-93.735
-141.92
-120.36
-90.485
-124.06
-108.5
-120.99
-95.532
23.195
-94.213
-90.877
-112.06
-94.066
-16.826
-92.046
-126.03
-113.53
-47.366
-111.46
-129.37
-85.431
-114.71
-102.27
-124.09
27.625
29.436
-112.04
-63.272
-111.5
-9.992
-114.67
-106.28
-114.4
-113.05
-84.227
-118.07
-99.585
-117.4
-105.77
-125.78
-116.11
-115.91
-115.23
-106.97
-130.19
-122.25
-127.5
-100.3
-114.23
-65.813
-124.43
-24.552
-123.06
-120.89
-77.809
13.657
-108.51
-121.25
-119.28
-63.762
-111.07
-91.511
-105.36
-109.25
62.132
-108.46
-95.136
-111.26
-114.19
-115.72
-107.11
-127.06
-73.286
-34.285
-116.09
-124.34
-118.7
-115.11
-85.624
-83.376
66.483
-74.326
-115.36
-109.27
-86.16
-103.53
-128.43
-19.063
-120.3
-103.98
42.592
-130.51
-112.71
-35.406
-102.41
-69.337
-94.769
-127.84
-86.488
-119.8
-112.49
-124.13
-92.663
-54.157
-120.82
-76.695
-106.21
-118.17
71.729
-35.784
-142.52
-115.55
-103.73
-113.1
-91.705
-85.347
-118.87
-109.17
-84.85
-98.084
-72.279
-131.21
-136.53
-86.638
-94.504
-58.113
-109.33
-7.6632
-92.745
-107.35
-74.728
-113.33
-100.14
-65.98
-96.126
-125.58
-127.61
-20.786
-77.13
-97.002
-72.506
-130.75
-114.21
-87.827
-46.309
-86.841
-116.96
-111.28
-86.353
-87.178
-115.89
-74.225
-110.22
-137.73
-110.11
-109.59
-120.29
-102.04
-88.443
-104.58
-125.37
-121.17
-74.031
-32.971
-109.17
-117.78
-129.46
-77.509
-114.48
-104.36
-125.71
-96.923
-118.92
32.307
-141.83
-121.75
-105.02
-115.53
-102.4
-113.95
-71.708
-118.24
-111.57
-101.2
-141.88
-110.65
-48.109
-113.28
-84.415
-128.33
-113.55
-133.7
-117.86
-100.15
-98.06
-39.032
-114.82
-73.71
-128.53
-114.44
-131.28
-79.925
-85.681
-91.682
-63.101
-106.26
-101.49
-94.799
-86.482
6.6154
-95.782
-118.06
-112.3
-63.51
-119.39
-98.542
-113.17
-101.29
-94.485
-121.27
-94.999
-112.43
-78.08
-75.269
-92.241
-72.183
-136.78
8.3676
-147.93
-2.9365
43.689
-67.309
-87.679
-19.399
-100.46
-96.112
-86.262
-66.599
-72.088
-123.3
-101.79
-100.31
-100.93
-87.34
-96.044
-125.59
59.182
-125.99
-123.79
-94.66
-117.67
-82.597
-22.412
-107.42
-88.69
-114.82
-27.659
-82.328
-115.89
-99.129
-111.82
-108.85
-123.84
-87.489
-124.59
-78.191
-68.968
-122.2
-61.103
-110.01
-118.56
7.9951
-116.62
-86.254
-85.205
-91.085
-126.25
-107.37
-129.16
-120.42
-82.693
-95.307
-118.03
-123.45
-123.53
-133.76
-40.01
-114.97
-134.88
-122.6
-131.68
-105.58
-78.028
-97.308
-115.66
-65.707
-25.87
-91.12
