8.3526
5.1381
6.8824
6.2773
4.8088
3.4936
4.176
4.6725
3.031
4.7359
2.1104
5.5416
2.9945
6.443
5.6078
5.7023
3.4475
1.6527
3.6466
1.4811
3.7199
2.85
3.7594
4.1982
1.2706
2.5091
3.0775
3.2336
4.6211
3.3214
3.0852
4.1347
8.1034
6.7621
2.1356
8.6998
7.391
3.0753
3.0202
3.5964
3.9004
3.8946
6.1663
3.126
3.6488
2.6691
3.6788
1.6017
3.8156
5.3335
4.7523
4.0418
4.1161
1.6585
3.2539
3.9372
7.1022
4.529
3.6995
3.4226
4.5236
5.3849
3.8234
4.1794
4.1036
4.1701
4.6398
6.4783
4.2416
1.5171
3.4244
3.8258
2.5262
4.6839
2.0738
4.5047
1.7458
2.1087
4.2811
4.5937
4.227
4.565
3.5061
2.9551
5.2783
5.3854
3.0084
5.776
1.3265
2.3452
4.0738
2.0435
2.6259
7.1638
4.4655
2.249
5.3219
3.5713
2.5082
3.2565
2.442
4.5029
3.7845
5.1546
2.6765
3.8447
6.5561
5.1038
1.9867
3.1237
1.2237
3.0024
2.8231
5.7036
4.8457
6.3356
6.2556
2.375
2.6849
3.4702
3.8275
4.3162
1.1682
3.2614
1.044
4.5445
4.7746
4.246
2.9189
3.8004
1.5424
2.0913
2.8616
3.6567
4.3054
2.4169
3.8779
4.2103
4.4558
2.4673
4.3093
2.5154
2.8519
4.3968
3.4427
4.5023
2.4263
4.6075
2.9275
1.0238
5.1507
4.9982
3.049
1.4193
2.7544
4.8893
1.4456
5.2698
2.7826
6.8402
3.7394
3.518
2.6699
6.5103
1.4984
5.7554
5.1732
5.0331
1.689
2.1
2.4255
3.0074
3.1265
1.727
2.7661
3.4198
4.4992
3.6491
2.7763
3.7602
3.3079
3.7788
3.8358
4.4589
3.6801
3.0284
5.82
5.4858
3.7194
4.2179
7.6901
2.6159
3.0828
4.7711
0.42914
7.4095
4.0771
2.4126
5.155
6.8527
3.116
2.5301
2.275
2.9874
1.9851
2.4842
5.36
3.0348
5.1618
4.8905
5.576
3.6466
3.4416
4.5137
3.1224
5.3806
2.6575
2.7879
2.8404
5.1832
3.0867
3.6266
3.1985
3.5265
3.6117
3.4058
2.248
5.7319
4.4199
3.8098
5.6718
4.1913
6.0147
3.9079
6.3799
4.0522
7.1651
4.4294
3.686
4.3454
4.9011
5.0634
4.9836
2.4398
4.4301
1.7224
2.4844
2.2392
4.2349
3.0843
5.9811
2.4172
3.7812
1.5296
3.8229
2.3832
3.7142
3.2926
3.6152
2.5239
2.2455
1.8695
1.9816
3.7711
7.9468
2.5577
3.7897
2.5739
4.6877
3.824
3.6113
5.3362
3.1296
2.5775
5.3453
3.4432
2.4556
2.4974
4.3176
1.2343
3.6355
2.3291
4.1536
4.2179
3.7696
0.51323
2.9084
6.3699
3.4864
5.0817
5.7886
1.482
4.1636
5.2878
4.3744
2.5288
4.4778
4.4033
5.3824
4.5008
7.1988
4.1633
3.4773
3.4376
4.1997
2.9668
4.4689
2.5615
5.7184
3.758
3.122
3.9306
3.8617
2.6221
3.6336
3.7048
4.3236
4.8597
3.6341
4.5175
6.2073
3.3531
4.6176
3.4466
3.0345
4.4655
1.8287
2.3447
4.875
2.5679
3.8784
3.1461
4.2942
5.3812
1.4809
2.7622
4.3523
3.8609
3.7709
6.2558
6.4645
3.0044
2.3128
4.3298
1.4617
1.1092
1.9005
2.2391
2.5374
3.9875
4.4788
2.4376
2.9011
5.0753
4.2773
4.4345
3.8376
4.5366
5.3865
5.7759
1.2879
3.2833
6.9727
3.8849
3.3692
1.9853
2.356
3.7824
3.3741
7.5529
1.517
5.3104
2.5385
2.6717
3.0245
5.5993
5.3018
2.3537
4.044
3.8704
4.3328
6.5049
2.9741
3.446
4.1444
2.103
2.9855
1.3983
5.3692
6.9156
5.7882
4.6697
2.4013
3.778
5.8189
2.1372
2.3434
4.5239
4.3553
4.1045
1.5422
5.9632
2.4469
3.2123
1.595
4.1597
6.045
2.9564
4.5594
3.1698
4.7354
2.9429
3.9897
6.2711
5.4061
4.1051
3.457
5.099
2.1241
1.5637
4.5586
5.2003
7.4965
2.789
3.395
4.6001
3.1967
3.8887
5.5029
3.4089
5.2469
3.5999
2.3226
2.415
5.2041
8.035
2.0094
3.9691
5.9373
4.2231
2.9768
3.6426
2.2169
6.7669
2.3889
5.9182
2.5408
4.8124
1.7269
2.8584
3.4748
4.532
4.7939
4.6664
3.555
3.104
3.7737
3.9732
5.1508
2.3613
3.2509
3.4629
3.4528
5.1523
3.1565
3.3104
1.5566
4.6425
3.5399
4.0959
1.7681
0.89806
2.3087
5.4009
1.9099
3.6046
2.9352
3.448
3.0417
3.9573
5.3737
5.9525
2.6532
5.3158
5.1622
6.8049
1.3171
1.4916
3.2039
6.8887
4.0064
5.1161
3.3239
3.6006
4.6134
2.0067
4.1884
4.5161
4.0842
4.8654
2.5334
2.8076
1.0389
3.6309
3.6205
1.3485
2.1541
3.5244
2.5271
5.1627
3.8359
2.3535
3.9688
4.7235
3.6969
3.4782
3.3563
2.175
2.6013
3.0268
2.2565
4.1425
2.9626
3.7998
1.7627
3.7282
3.9501
3.7594
2.9987
3.7818
3.3113
3.6619
4.8754
2.4162
1.7565
2.1655
3.8081
6.2784
5.0272
2.4902
2.1955
6.3311
4.4753
6.2463
4.3826
3.2793
2.2727
5.0923
3.8552
5.3615
4.4493
4.2911
2.8431
4.0637
2.4261
2.6748
2.8681
6.0606
5.5645
3.4639
3.8597
5.6794
4.9371
3.0077
5.369
3.7837
4.6535
5.3348
4.1549
6.9545
2.4754
2.4399
3.9467
1.7845
5.0721
2.8632
5.9263
5.1995
2.2487
6.3771
3.0959
4.6622
3.4605
2.7668
2.854
3.8027
1.8493
2.2719
3.828
1.927
4.4654
3.0432
5.6947
2.852
3.1609
4.911
3.5546
4.59
3.715
2.6507
1.9861
2.7062
2.6906
2.8122
1.9542
4.1477
3.0431
3.2126
4.5502
3.2841
2.55
3.4003
2.1258
2.395
4.4813
3.5702
4.6727
1.5046
2.8852
5.5385
3.7212
2.4532
6.5499
0.92603
3.3725
6.8962
3.1767
2.8785
4.8947
3.3454
1.8042
2.2791
5.9221
4.107
3.129
3.393
4.0113
3.6588
3.2323
4.5862
7.2403
1.7545
4.3755
2.5418
2.1602
3.5792
3.5482
3.3985
2.0371
0.31559
5.013
1.7336
4.1799
2.3886
3.0114
3.7183
4.5318
2.7178
3.2201
2.1615
6.9162
2.4613
3.48
5.6092
3.8992
1.87
4.4695
4.039
6.4227
2.3279
2.9318
4.0839
3.1407
3.7338
3.3986
5.1141
4.2482
3.6685
4.4147
3.3784
3.9774
2.2754
3.5037
3.7458
4.8524
3.0038
4.6844
3.9466
4.0062
2.1873
3.6303
2.7258
5.6225
2.7808
3.9203
6.4556
5.158
4.0542
2.2343
3.6561
4.0727
4.5357
2.6202
3.1814
7.1293
3.2962
3.146
3.3914
2.023
2.8511
4.6917
6.0804
4.8813
4.8578
0.73243
3.1287
2.6173
3.9564
3.7758
3.1964
4.5174
5.2486
4.8163
3.9303
3.208
1.4683
2.5258
3.9098
3.9879
6.3176
3.199
6.0769
2.5699
1.7712
6.3864
1.4771
5.0253
3.6479
3.9525
3.1589
4.8569
5.726
7.8185
2.4131
5.8505
6.1751
6.6689
2.672
4.0345
3.6991
4.7441
1.1371
5.0976
2.8913
1.3586
1.4392
4.1273
3.1056
4.4153
6.869
4.7243
5.1855
3.077
5.4491
5.2963
4.4432
3.2693
5.0322
1.6186
5.489
3.634
4.7465
6.1724
4.4177
5.4747
2.9066
3.1669
5.2552
1.8164
2.146
4.8716
2.8592
4.4273
4.2056
4.8565
1.2172
2.622
5.4663
1.3191
4.0542
3.7067
3.3656
3.7438
4.5478
4.4523
2.6995
3.3956
2.2511
6.7599
2.7936
6.0496
3.4973
2.4497
2.9473
1.5157
2.2088
3.509
3.7419
2.1578
2.6868
3.0448
3.361
3.4441
4.0662
2.6336
6.2301
6.9651
3.9311
1.1425
4.8475
6.9886
4.0889
2.9042
6.1036
4.2365
2.6563
6.3558
4.2628
4.143
4.1078
2.4615
2.0965
3.8702
1.4036
3.3738
2.3099
2.9482
3.3914
3.216
4.1006
3.4684
3.8028
4.282
2.8323
2.3314
4.3829
2.1643
3.5293
4.8378
1.4269
3.7371
5.527
1.8424
3.806
6.306
3.5959
3.274
5.0845
3.0822
3.4594
3.4968
4.3636
4.4547
2.4377
3.5978
3.6689
4.4355
6.8193
5.9724
5.0465
4.9918
5.3258
3.3228
3.4498
2.9672
5.2877
1.3962
2.3241
3.4547
5.9007
3.6406
3.6957
2.8157
5.588
1.5879
3.0201
5.9984
3.8338
6.0868
4.2463
2.6171
5.0923
2.9151
5.408
0.83
5.2583
4.5757
1.9509
8.2011
4.5012
3.5581
5.9375
2.7792
2.942
3.6119
4.4021
3.8887
6.0037
2.2101
6.4021
3.8798
1.1802
1.8093
1.0431
2.3029
3.5335
8.0016
6.3719
4.2478
1.4684
3.4172
3.5631
1.7869
3.7792
2.2807
4.4577
9.949
6.2605
3.554
3.6198
4.9467
4.767
2.832
5.3427
3.5705
5.7257
3.8014
2.1925
3.0532
4.6888
5.5965
3.6031
3.41
1.8891
2.4805
2.2689
5.8417
3.2975
3.2275
2.8879
3.4628
3.3577
5.1325
5.89
4.6068
3.8248
5.0042
5.1459
7.7024
4.3937
2.9402
2.6953
3.6299
2.9847
3.8766
4.0591
5.3247
5.7211
4.4804
3.5078
1.3281
8.7362
5.4016
4.318
4.9775
3.713
3.2193
4.0017
1.6542
3.6935
4.1872
5.0178
3.9511
5.2828
2.6524
2.9199
3.5976
4.456
4.0863
4.4311
4.0236
4.1627
5.4348
5.3345
3.1254
4.7086
3.9097
2.9649
2.5095
2.7711
4.9211
2.6785
3.562
4.0347
2.1953
6.4222
3.0483
4.3138
4.187
6.5118
3.2752
2.0814
4.7484
5.5368
3.3421
4.4444
3.5431
3.0906
2.1085
6.4379
1.7283
4.4139
3.6496
3.9905
3.9326
5.0194
5.2516
6.7688
5.4799
6.3263
4.3495
2.3213
3.1989
5.3056
4.7327
3.0624
4.6805
3.306
2.1188
4.9381
5.8969
3.6823
1.2051
1.9042
6.3182
3.968
4.0867
2.5796
5.0096
3.6787
