57.586
13.556
30.119
15.264
9.9836
7.5963
12.78
8.7423
5.1027
8.3276
4.1783
7.4674
5.2661
19.355
8.2423
20.54
4.7592
2.6291
6.4918
0.97819
6.4635
4.0864
3.5818
9.7283
1.3519
4.0403
2.4051
5.5851
14.077
3.8384
5.4948
10.317
42.596
42.552
3.3795
25.268
19.934
5.8494
1.8329
10.843
6.9721
10.904
14.144
5.4209
6.0723
4.2897
5.5117
2.5151
6.7502
12.59
13.633
10.093
13.091
2.3653
5.589
9.8671
28.57
8.1608
3.2797
5.6133
7.3939
10.201
6.4079
10.637
11.043
7.2067
9.3983
22.407
8.9615
2.3409
6.9336
8.9885
3.4019
9.7515
3.4507
8.4002
3.6633
3.3169
6.4097
11.285
7.578
15.572
8.3086
5.126
21.654
17.576
3.0449
18.769
1.112
2.1302
10.347
2.7495
3.4734
11.655
8.7042
4.1513
12.23
6.249
4.374
7.8975
2.3559
9.0741
6.0867
19.966
5.0593
9.4737
20.081
16.552
2.0576
3.6661
1.475
3.8645
4.52
19.862
9.3815
16.673
16.709
3.3736
3.4316
5.0051
6.7421
7.7432
1.7324
5.0134
0.47488
9.1574
7.9986
13.009
3.2786
6.8971
2.5531
2.9475
4.5447
6.9656
6.368
2.9903
8.1059
8.4256
6.6155
4.2647
6.1468
4.6178
3.7364
8.2788
4.4737
16.619
3.4574
6.1435
4.4926
1.899
12.241
11.967
4.3563
2.6622
3.1685
5.8006
0.95457
12.413
5.4829
30.48
5.3378
7.7289
3.5253
27.004
1.4527
20.048
11.634
10.593
2.9029
3.0052
2.4267
3.3622
6.2701
1.7989
4.0846
5.5162
16.368
4.3394
4.4076
4.3109
4.1344
6.9049
9.3029
11.921
7.3991
5.7546
24.549
12.964
4.2413
11.023
30.497
3.7911
7.9099
16.25
0.78045
22.268
11.998
2.895
9.7125
30.701
5.6267
3.1153
3.9573
2.9279
2.9707
3.6434
19.298
6.5773
12.952
14.01
17.193
4.2431
5.1783
8.2495
4.1947
11.332
4.4035
3.6539
2.796
9.9512
4.0401
3.3455
7.7186
7.7058
5.107
5.0551
3.3849
11.262
10.087
7.6147
21.943
7.5929
14.407
11.555
19.128
5.7855
32.686
8.1068
6.4536
8.3836
12.186
11.737
8.824
4.4485
12.892
2.1055
2.9065
2.8374
8.3525
6.9499
24.051
4.0395
6.4173
1.7514
3.019
3.7287
6.2149
6.844
4.7865
4.6261
4.4162
2.662
1.9579
4.7027
46.173
4.9759
6.4993
3.5605
5.3375
4.5974
8.5179
20.293
3.952
3.3291
9.542
4.7011
3.5249
2.4798
7.3163
1.799
8.2205
4.0488
7.5083
8.8179
6.4799
1.1945
3.3604
22.106
4.8687
16.309
7.5522
2.9617
10.182
12.365
15.575
3.3791
7.2346
9.3161
12.777
6.3645
24.491
8.0175
8.0227
3.3768
11.593
4.8542
9.1786
3.2458
12.244
6.7281
4.0112
5.1324
6.4528
4.0431
4.3392
4.9874
7.0582
16.409
9.4314
15.089
34.361
6.5174
13.78
6.8558
4.36
7.8238
3.2605
3.49
7.1825
4.1826
5.4802
4.9594
6.8792
14.163
1.4548
3.0044
12.13
9.6567
7.7607
15.911
18.022
5.4534
4.9969
6.1942
2.0931
1.0036
3.7045
2.6516
4.193
4.0149
7.5907
4.6436
6.4661
11.558
7.9085
13.434
5.1089
12.25
10.778
11.787
1.7748
5.1384
41.04
9.3892
6.0238
1.8362
3.666
6.829
7.086
21.463
2.2591
12.475
2.8308
3.419
6.2735
9.1309
15.079
2.4146
8.9073
8.7727
8.6187
29.163
5.6088
5.7598
9.0893
3.0328
4.0599
2.1244
13.638
41.058
20.902
6.0565
4.8951
9.4547
18.519
4.1377
5.3749
8.4718
5.4891
10.99
0.71869
18.178
1.9049
7.7567
2.8146
6.6221
12.669
6.2035
8.6736
5.4554
9.2375
5.9768
5.8189
24.775
12.083
4.762
3.8069
14.476
1.8774
2.535
11.525
11.245
46.124
2.5787
5.7239
10.503
7.1071
5.4844
7.3816
8.6767
18.151
10.482
2.7791
1.5582
8.2103
32.849
1.9779
7.6934
15.539
13.075
4.3843
8.9533
2.3406
32.318
5.5004
30.224
4.4056
11.399
2.5712
6.7134
4.137
8.569
7.4319
14.587
6.0299
6.58
6.236
12.18
12.9
2.5229
6.7326
4.5669
8.2588
14.079
5.0422
8.279
2.8421
11.557
5.1416
6.7364
2.7045
0.84033
3.3652
21.462
2.5295
7.185
7.3362
7.3384
5.0796
7.5339
17.477
26.589
3.6764
12.109
12.621
21.734
2.1518
1.9895
6.368
47.472
12.189
7.2793
4.2034
7.2468
9.1295
2.9423
9.5022
15.039
10.06
10.46
3.5783
4.636
0.97576
7.5008
8.3972
1.837
4.4913
8.0233
4.6286
18.931
10.377
3.2022
5.9036
13.194
9.7812
5.4191
7.6106
2.4552
3.6457
4.2788
2.9669
7.053
3.8359
5.6611
2.362
5.421
7.981
6.4837
6.8696
5.8243
8.2346
6.2456
9.8359
4.3013
2.9814
2.8849
3.8903
28.997
9.2617
3.7863
3.4609
24.877
8.756
27.797
10.366
8.3059
4.0383
5.5137
5.6432
15.247
9.517
10.105
6.4643
6.4648
6.2476
5.1947
3.361
12.154
16.522
8.7465
7.9984
12.563
18.227
4.3402
9.4927
9.9005
10.266
11.169
10.159
29.915
3.9796
3.554
9.3777
2.8987
13.221
2.7974
17.7
10.193
3.5539
19.298
3.9737
8.6779
7.7833
3.0898
5.0038
11.355
1.5863
2.1783
6.1728
1.9361
9.4619
4.42
18.148
4.6469
5.1651
10.079
7.0406
7.2479
8.3674
6.2667
2.7071
6.908
3.8572
7.3072
2.8848
7.3629
5.6514
6.8937
6.7699
6.9742
3.5185
5.5499
2.684
3.7968
11.767
6.3166
9.0443
2.1769
2.6683
13.334
10.429
2.8525
33.632
1.6457
4.5
22.81
7.1084
4.8269
8.1535
4.9537
2.9662
2.0323
10.533
11.142
7.1536
6.0986
10.267
8.3459
6.5787
11.826
35.878
3.1394
7.7533
3.1381
3.596
5.8868
8.0348
5.6825
1.5787
0.99891
11.579
2.4952
8.0659
3.9511
5.1457
7.3374
7.9998
5.5868
8.1132
3.8367
29.064
4.5708
6.2773
17.293
10.684
2.3728
7.5664
6.2656
15.484
2.79
4.862
9.4778
6.2942
6.854
8.4959
21.528
8.2717
5.4417
11.471
5.9313
7.0284
3.4816
5.1684
6.4226
14.567
6.8115
16.033
3.9553
8.2321
2.3976
7.2837
4.3478
12.866
2.9256
9.3101
7.8667
16.355
7.1945
3.0591
5.8184
6.6559
7.5854
2.2074
5.7446
20.734
6.7929
4.4642
6.1847
4.0956
3.7883
9.8409
13.232
8.4633
10.244
1.3797
6.672
5.9669
5.6396
6.1055
7.6651
10.847
8.9205
14.721
7.8691
6.1248
1.9277
6.0457
5.8632
5.1609
30.253
7.1799
9.001
5.3859
1.8489
25.99
2.4111
11.199
6.7309
6.7678
3.3692
17.549
22.938
47.306
3.6614
16.386
9.3213
20.28
3.4462
7.077
8.1656
10.218
2.0303
12.481
5.4299
1.6795
2.2165
7.4435
6.6852
6.5508
12.792
10.587
13.032
3.5244
20.223
13.727
10.39
8.6198
14.941
1.7563
13.944
6.0078
12.287
20.233
5.4904
13.516
4.2402
5.6407
10.412
2.4577
2.3877
8.5758
5.6128
11.402
7.2316
17.301
1.8095
2.5995
15.169
2.148
7.3688
6.2401
6.7361
4.4645
7.1182
10.44
5.4065
7.4318
4.8826
14.695
2.8462
27.648
9.0662
4.0008
5.0536
1.1259
4.7869
8.8128
5.4599
2.9108
3.1235
5.2645
4.3886
6.0742
4.7109
3.364
13.314
21.089
7.3211
1.958
9.8401
27.603
4.2394
4.55
31.161
6.6871
6.1594
31.032
9.6667
5.7426
5.4971
4.8571
2.3665
6.6423
2.1033
8.7785
5.0205
5.7065
3.6129
3.0849
7.6652
5.1753
6.7346
4.8958
6.3504
4.337
7.0261
1.2523
9.9358
5.0331
2.0152
6.9536
17.353
2.1528
4.1297
8.8903
4.8827
5.9063
8.9869
3.5409
8.9203
8.2905
12.357
6.4965
1.7919
4.742
5.6769
3.7782
36.186
17.669
13.905
10.839
11.055
7.5287
3.7155
6.3917
7.6047
1.1711
4.1721
5.9247
25.934
4.4814
4.947
7.4546
13.321
1.876
4.9177
14.749
4.8747
15.889
6.7937
2.9179
9.1566
3.0609
13.359
0.93179
9.28
5.9084
2.243
32.482
12.008
4.49
11.927
5.3908
3.9434
8.8079
8.5278
10.782
16.222
3.622
21.219
7.5772
0.87137
2.4751
0.72274
3.2391
5.8196
39.474
20.791
8.6205
1.3187
5.5803
9.6835
2.7328
6.4478
3.9456
5.5046
77.9
18.018
5.2317
3.3674
7.6179
10.415
6.0121
8.8525
8.9366
20.164
8.8978
4.8008
5.4734
5.4795
10.768
5.8755
8.5025
2.2069
3.6027
3.7243
23.858
5.891
8.6701
4.1772
5.5082
7.7558
18.822
12.161
9.1101
6.6708
12.748
17.808
43.041
16.483
3.295
3.7143
10.501
3.5087
5.7431
6.9972
19.39
16.12
7.2575
2.7137
1.9149
92.396
14.477
8.4856
9.3777
5.3423
6.5671
5.9608
1.6629
7.0179
11.303
6.2315
10.014
14.422
4.6588
4.9847
6.8228
9.9797
9.2635
10.491
11.253
11.772
22.798
7.6212
2.6003
12.335
10.256
2.4716
3.0384
3.8319
10.661
3.4287
8.3628
13.175
2.7184
17.397
5.0874
12.545
12.938
12.864
8.2937
3.1146
8.6791
20.191
5.6817
6.9548
6.3529
5.7617
2.7954
17.504
2.5386
8.2117
8.4513
8.0008
11.283
10.72
12.688
16.447
16.914
14.065
12.014
3.1455
6.1998
12.677
14.42
7.0797
7.8471
7.5138
2.948
7.402
24.964
10.578
1.6302
2.02
29.024
4.3558
8.1098
3.6026
5.0437
10.084
