94.011
73.264
71.095
78.761
76.376
76.825
76.241
70.416
72.35
70.416
70.485
74.045
70.438
71.547
109.44
83.584
71.876
71.583
70.42
70.416
70.416
75.661
70.769
70.416
NaN
72.258
76.797
70.505
84.246
70.75
72.361
70.416
70.416
97.889
84.452
77.488
74.238
71.404
72.593
72.108
71.651
72.003
72.526
70.528
74.058
70.416
70.424
70.429
72.745
70.602
88.133
76.355
76.165
72.664
70.416
86.715
70.616
70.901
80.177
71.218
87.664
71.151
70.416
74.607
70.526
70.509
77.243
70.457
71.029
88.019
73.964
70.435
70.416
72.778
76.674
71.142
71.493
74.933
83.997
114.74
71.954
71.425
75.774
70.89
83.373
72.559
70.678
78.674
75.765
73.241
75.422
70.465
70.76
71.426
72.35
70.79
NaN
75.397
70.566
70.416
80.598
70.416
73.441
80.322
90.477
78.114
70.759
120.1
70.606
82.069
71.007
71.932
90.751
70.416
81.419
70.613
72.322
NaN
80.398
72.933
71.375
72.052
90.102
70.43
NaN
70.469
75.529
73.815
87.641
72.162
71.628
91.323
78.596
123.84
70.416
71.392
72.005
70.449
70.417
70.928
70.416
71.391
79.792
76.017
74.043
81.067
76.482
70.52
77.145
70.716
78.347
70.873
71.46
84.62
79.071
70.416
70.416
73.456
73.371
78.994
78.49
76.26
70.432
71.75
72.22
77.755
70.759
70.463
78.143
70.424
73.42
70.416
72.603
74.288
76.789
71.346
74.277
71.93
71.732
71.12
73.358
70.416
77.298
76.579
73.15
79.186
73.889
70.45
73.088
80.687
71.778
72.589
113.84
109.72
70.418
73.441
76.923
72.071
71.054
101.06
77.261
71.159
75.029
70.447
86.909
70.416
81.916
71.322
71.895
80.322
75.411
70.431
107.08
73.493
70.679
70.642
71.607
118.69
70.458
101.65
113.2
71.714
71.776
70.726
NaN
72.166
71.169
79.827
70.416
88.658
93.762
78.57
71.35
74.649
101.38
70.745
70.432
82.687
70.421
70.416
70.661
70.753
70.945
71.158
102.99
70.416
74.187
71.262
76.402
72.486
71.923
70.741
75.649
71.036
70.507
70.543
85.238
70.476
71.441
70.416
86.81
70.48
70.459
70.577
76.779
74.132
NaN
72.952
70.416
71.027
95.784
76.333
70.518
87.438
71.385
70.416
NaN
79.64
76.782
71.819
79.288
82.098
74.447
70.84
81.874
70.462
70.681
97.357
71.264
79.367
71.174
72.223
70.715
82.392
73.709
70.417
70.416
73.026
76.438
70.416
70.461
70.453
74.563
75.039
87.648
74.624
70.416
70.593
72.748
74.083
94.38
70.983
70.416
70.416
72.517
70.864
70.416
76.454
80.359
81.265
70.437
70.453
106.67
NaN
72.15
75.706
70.416
73.364
83.416
71.326
77.968
81.083
72.423
70.416
70.583
75.241
71.987
77.678
71.214
70.418
72.06
87.728
79.466
85.099
70.416
71.205
71.084
70.426
77.024
70.572
70.769
81.434
76.639
73.257
84.714
71.698
70.416
78.965
97.258
70.417
82.51
97.388
70.416
74.938
71.982
70.611
70.446
70.416
70.638
71.736
83.767
70.416
72.26
70.54
70.842
72.707
82.355
NaN
73.037
71.826
76.181
75.024
70.493
74.2
72.753
72.795
71.561
70.422
71.817
72.029
76.674
71.284
70.466
75.548
70.417
70.416
73.122
74.271
70.416
79.415
NaN
71.462
70.507
70.696
70.956
70.478
70.452
83.846
71.604
70.416
70.424
76.006
70.811
75.933
93.929
72.299
88.713
70.498
70.416
80.676
84.567
73.004
74.501
83.305
70.416
70.739
74.145
70.477
70.416
76.186
75.954
81.728
71.4
73.776
70.416
74.545
79.156
71.622
78.617
83.869
71.201
82.906
70.417
70.425
91.544
76.93
73.306
70.416
73.577
71.569
81.027
71.694
73.537
91.176
70.598
82.939
72.575
71.271
71.196
75.143
70.707
70.428
79.326
77.9
91.177
75.786
73.015
76.616
70.423
76.531
78.933
70.416
70.812
70.416
NaN
77.14
70.425
70.474
70.642
70.427
86.775
71.115
72.477
79.048
70.416
70.423
71.145
71.334
71.57
73.582
71.312
70.416
70.5
70.702
74.235
71.519
70.416
80.299
82.728
84.963
71.85
72.901
75.211
72.849
84.47
70.416
76.333
75.461
94.047
90.851
70.473
77.888
71.29
75.225
71.305
71.437
72.154
70.422
70.529
70.426
70.438
70.977
70.416
85.353
70.416
70.417
70.416
70.586
83.781
100.22
70.623
70.416
NaN
76.61
77.922
70.418
70.498
73.636
70.424
70.436
72.199
70.416
70.487
134.71
72.311
82.714
70.47
72.19
70.417
NaN
72.061
70.416
76.16
75.952
71.662
80.351
72.035
70.416
70.522
76.541
73.164
74.206
71.603
73.085
72.973
77.774
70.979
71.191
71.603
70.476
71.977
77.905
87.06
70.911
71.12
85.691
70.849
72.374
101.07
73.868
71.959
70.428
81.1
77.723
84.987
72.282
73.097
70.676
70.416
70.416
73.489
81.995
84.89
72.955
70.416
78.104
86.665
86.891
70.416
75.728
71.553
73.48
79.478
122.36
109.16
70.466
73.509
81.87
75.888
70.416
72.919
71.679
70.416
70.416
85.712
70.846
81.612
73.735
70.416
78.84
91.902
75.379
83.668
70.935
70.423
91.774
70.419
73.653
71.175
74.105
70.891
85.414
75.938
86.528
70.418
71.177
82.566
72.527
76.737
74.496
95.737
113.83
71.088
97.239
78.297
70.527
74.247
70.416
71.637
72.326
70.416
74.575
70.846
73.104
70.416
70.416
70.423
97.797
70.429
72.487
70.416
78.799
NaN
130.23
70.464
79.368
70.416
70.494
71.044
70.416
75.003
72.783
76.992
74.262
70.499
87.685
70.416
74.792
86.079
70.416
70.416
70.416
70.416
NaN
86.825
70.416
75.728
77.341
72.626
70.416
79.034
70.84
71.685
70.547
73.799
71.748
70.709
79.835
80.594
73.69
70.416
72.544
70.429
85.366
73.149
70.416
72.811
86.08
72.868
70.416
70.42
70.416
70.416
70.654
70.416
75.059
73.432
71.314
73.146
84.351
72.361
73.635
112.46
70.436
70.496
73.9
73.953
74.859
70.634
81.091
79.2
77.438
75.94
71.447
113.31
70.451
90.621
71.875
74.945
70.88
73.703
71.172
75.577
70.416
71.727
99.272
70.416
70.417
80.281
74.538
70.605
71.146
81.086
70.435
73.23
72.163
72.536
78.908
70.969
75.547
72.413
71.102
75.637
74.278
71.574
86.061
74.278
71.131
70.416
70.565
70.416
70.641
70.813
70.574
70.416
70.416
78.555
70.578
70.416
70.695
71.75
71.39
70.416
83.418
74.183
70.482
NaN
74.522
70.426
72.83
70.416
70.522
70.416
70.417
81.12
101.15
79.793
82.012
85.883
74.107
72.942
75.536
71.308
75.871
70.577
78.752
73.684
70.416
70.416
70.556
70.416
128.81
72.313
70.416
73.109
71.924
70.416
70.416
83.132
75.661
70.416
75.226
71.863
70.417
70.416
78.064
71.806
70.416
70.891
NaN
76.414
73.357
NaN
86.891
102.37
77.495
71.014
91.711
70.416
71.233
88.348
NaN
NaN
71.119
75.182
70.416
87.132
92.263
72.229
71.052
70.416
71.171
74.351
73.229
74.088
79.146
70.417
70.719
71.015
77.81
86.749
71.6
70.858
76.593
70.417
70.416
70.636
76.524
71.703
79.299
70.542
70.942
81.626
71.343
98.784
NaN
70.416
78.489
76.489
72.555
NaN
73.738
90.678
74.071
87.571
70.416
71.821
73.624
70.416
70.416
71.193
75.865
70.416
70.416
72.704
70.453
70.416
73.867
70.845
71.184
70.416
71.267
82.02
72.399
71.725
71.006
72.121
70.416
70.532
70.416
70.977
75.609
70.416
70.621
71.141
80.679
71.794
92.089
70.416
70.416
81.584
83.026
76.903
70.416
70.665
74.86
70.416
75.457
70.465
75.608
74.49
72.005
72.465
76.891
71.691
70.416
70.416
86.882
72.328
70.416
75.886
70.416
72.984
87.948
72.462
75.646
79.405
71.047
71.097
72.126
70.561
75.093
70.416
82.245
75.157
70.416
100.17
70.99
93.01
70.526
79.413
79.039
77.945
NaN
70.416
72.623
84.391
70.914
80.752
71.669
80.401
94.238
77.406
70.483
78.834
78.197
71.378
71.254
78.53
72.781
73.731
75.569
72.351
70.682
70.416
70.705
71.252
73.115
72.057
74.192
94.618
70.416
71.004
70.416
77.763
80.888
93.621
73.276
71.433
71.773
70.416
71.406
114.75
88.138
70.961
70.456
74.978
72.141
78.618
70.418
86.613
70.487
72.914
70.471
70.416
77.208
70.416
81.823
74.846
70.416
74.641
70.647
70.416
70.569
71.786
NaN
70.416
70.416
70.416
70.416
108.1
70.416
71.426
71.137
72.955
82.361
70.416
102.53
71.826
104.64
70.656
82.21
70.859
70.416
71.781
71.787
99.309
72.311
79.619
125.43
