-17.469
-0.201
0.54296
-1.4034
-3.812
1.5438
1.9486
1.0075
0.32692
1.4418
1.0035
1.252
-0.54166
-0.52942
2.0879
1.0656
1.371
0.76708
-0.1275
0.45764
1.7896
0.9266
1.5077
0.44139
0.57559
0.081745
2.1433
1.707
1.5349
0.011339
0.48906
0.80871
-8.6985
0.85292
1.3908
0.51052
1.8486
-0.15904
0.70343
-0.12519
-0.0055345
1.199
0.066598
1.7005
-5.8552
0.014064
-0.41299
0.54475
-1.9389
1.3206
0.34706
0.96428
-6.3824
0.77496
-0.19907
-9.9667
1.1789
0.17653
1.9358
-4.4649
0.61167
1.8562
1.2358
1.4992
-1.1384
0.43187
-0.23111
0.9199
-0.95368
0.81031
0.11222
-0.96829
-0.78936
1.5664
1.448
-8.921
0.64379
-0.064445
-0.34627
-1.6318
2.1033
-0.10492
1.9551
0.50949
-1.3502
-0.059534
0.81158
1.1511
1.4238
0.56895
-0.23895
1.0585
-1.7036
-0.13616
1.1595
1.6768
1.5525
0.76734
0.8495
3.2326
-0.16587
1.9763
1.8001
0.53094
1.7863
-10.846
0.95819
1.0254
0.512
1.5756
0.81193
0.031211
1.591
-0.9925
-1.4298
1.0313
0.83742
0.14457
1.4553
0.76398
0.28092
-0.030452
0.75696
-0.6315
0.35177
-0.55774
0.31319
-1.8432
1.0896
1.0925
0.52182
0.91011
-0.35366
0.18681
0.019318
1.3777
1.8111
-0.91783
0.16659
1.6328
0.039775
1.5096
0.94523
1.3643
0.46324
0.7555
0.50313
1.4269
-4.0464
0.091379
1.6709
1.4628
-0.49613
0.84198
-0.39816
1.3726
0.32393
0.72147
0.64376
1.0251
0.73505
0.22774
1.2575
-0.8977
0.16396
-13.494
0.087318
0.88581
1.2578
1.4495
0.71817
0.57563
1.3096
0.69659
0.1971
-6.7501
-6.4175
-0.2727
-3.0374
0.83799
0.18002
1.2693
0.48004
2.1526
0.56497
-3.9128
-1.7727
-1.1776
-2.1991
1.6228
-7.4665
1.3912
0.67011
1.4149
-0.027867
1.831
2.4509
0.99189
-1.3571
1.0547
0.50585
1.4376
0.50913
-0.19627
1.8982
0.7215
0.42426
0.20559
3.441
1.066
2.1125
-0.066622
0.80848
0.56796
-4.7913
1.1664
-0.11233
-0.65231
-3.4928
1.0514
1.2424
2.9611
-1.9938
0.73807
1.3665
0.84305
1.5734
0.044095
1.4651
-0.36874
0.14028
1.587
0.079066
0.67507
1.16
-3.5896
-0.26558
0.50301
0.60548
-0.52087
-0.44828
0.92924
2.0397
0.95422
0.59699
-0.49084
0.40041
-0.20782
-0.86628
0.45529
-0.1399
1.9962
0.97014
0.8462
-0.27076
0.27099
0.78402
0.88199
-2.3984
2.0001
0.69288
0.89303
-0.12341
0.65066
-2.2833
0.40184
1.416
0.73295
-1.6224
0.93408
2.4862
-0.54387
1.4212
1.1006
-16.512
0.38915
1.2079
1.4347
0.43061
0.95198
0.39426
2.1323
0.21974
-0.61727
1.1743
0.21425
1.1755
1.1088
1.0326
-0.16071
0.25814
0.84877
0.30939
0.99508
0.76601
2.202
-12.952
0.55879
-1.7691
1.0162
2.2593
-0.27565
-0.38586
0.93201
1.4857
0.53118
0.95088
0.55761
0.3139
1.6615
1.0711
1.278
-0.1955
-2.8959
-2.2567
0.75371
-0.37066
0.09799
1.8531
0.1701
-6.8357
1.0081
1.0716
-2.8304
1.0224
-0.11498
0.99975
1.4816
0.36672
0.15966
-0.0080242
0.30506
-0.28474
1.3286
0.81264
0.25055
-0.32087
1.6211
0.29707
-0.15776
-1.4598
0.033716
1.3152
0.97295
0.33477
0.60496
-1.1668
0.7336
0.26419
0.74298
2.1195
0.92098
1.0711
-0.054433
0.44762
0.64724
0.70329
1.5151
-0.4819
-4.0798
0.15704
0.31333
1.8836
-0.055418
1.3464
0.14599
-0.80035
0.76103
1.408
-0.96056
1.3359
1.332
-0.3804
1.2993
-0.23756
-4.5045
-0.077022
1.7463
-5.7354
0.79828
0.49476
0.15016
1.1834
-2.0741
1.6834
1.3478
1.6242
1.0259
-1.5131
-0.15035
1.3066
0.19479
1.6995
0.60195
0.37661
0.32327
0.68862
0.78879
0.26451
-0.18701
0.73456
0.1379
0.18971
-0.21755
1.2636
0.13194
0.95506
0.094658
-1.1037
1.4502
1.2996
0.71129
0.79772
-18.148
0.30543
0.64193
1.3887
1.9557
-0.5588
0.68225
0.01142
-1.5542
0.75564
0.85584
0.2543
-0.63298
-6.8297
0.39359
-14.968
0.27771
-0.27475
1.5165
0.8439
0.84013
0.26447
0.63002
0.24847
1.5378
1.6925
-2.9659
1.0098
1.9224
0.64667
0.36082
0.87837
2.124
-2.1022
2.3527
0.41834
1.4213
1.5587
0.55921
0.80049
0.82936
-0.82425
1.5896
0.88645
0.38509
0.62823
1.3785
1.3066
0.73178
1.2947
0.017456
1.2167
2.8027
-1.2676
1.1077
1.1344
-2.9042
1.3849
0.19641
-0.30556
-0.11218
0.25702
1.0417
0.056567
0.73215
0.37487
0.91429
-0.14999
0.32059
-2.9266
0.18828
3.2761
1.4613
0.41507
0.080885
0.30553
-0.75242
1.2488
-1.1298
0.74653
-1.1456
-6.048
0.68272
-0.43057
1.6277
-1.4755
-4.4672
1.8834
-4.3323
0.26844
0.31925
1.5773
-0.36663
0.080598
0.23991
1.0185
0.88309
-0.91248
1.1897
0.69222
-1.5352
0.16722
2.1992
0.56041
0.41689
0.97415
0.48855
1.0768
0.72609
-0.75285
0.56703
0.88047
0.71458
1.4156
-0.38382
-3.2858
-0.55286
-4.1714
0.5888
-0.34092
0.46918
0.88296
-0.70285
2.2869
-0.10475
-1.392
-3.4363
1.1042
1.0339
0.8535
-3.5558
-3.2902
-3.7722
-1.1368
0.58342
1.282
-8.4738
0.54473
-0.16633
1.2944
-1.2012
0.75077
1.0946
1.4531
0.45398
0.72142
-0.20076
2.3109
-1.629
1.329
1.3117
-0.84037
0.88943
1.4291
-5.9588
0.77079
-3.2787
1.9856
0.33811
2.2669
0.60199
-3.3407
1.0456
2.1668
-3.2872
0.74353
0.74858
1.9227
0.31212
1.5803
-1.1211
1.0238
2.3231
0.14744
1.7039
1.2205
1.2193
-0.022968
1.0359
-0.38008
0.81477
1.5153
-4.2713
1.6259
2.2457
2.1229
1.4105
0.67915
0.63334
1.8397
0.73065
0.23014
1.0884
-0.59127
-0.69421
0.65132
0.99699
0.74529
0.26039
-0.015425
0.18232
1.1566
1.1822
1.4354
0.036977
-0.54878
0.48861
1.8478
0.84325
-0.060497
0.14631
0.9582
1.43
2.4639
0.87861
0.3419
0.47175
1.2388
0.32229
0.33473
0.29487
0.4662
-6.5749
0.3925
0.59801
1.467
0.28414
1.4536
1.0146
0.52879
0.049385
-0.17925
1.06
1.5432
1.0518
2.257
0.040482
1.4293
0.30642
0.94655
0.67936
1.526
0.70908
-0.89614
1.1574
1.5896
-0.85996
0.86291
0.62401
0.78946
-1.4068
-0.27868
0.77656
1.7318
-2.4316
1.5352
0.91268
0.65313
1.5443
0.8783
-0.45451
-0.12375
-4.9072
-0.31415
1.2904
-2.5906
0.53964
-0.24728
0.61436
0.70979
0.81664
1.0242
1.1236
0.8152
0.22225
0.97408
0.8988
1.1709
1.4549
0.34512
-0.30691
-2.3099
1.0063
0.49241
1.8604
1.0457
0.28748
-0.0039849
0.052036
-1.726
0.21104
-39.44
1.5349
2.1178
2.2396
0.588
-4.5669
1.7105
0.80503
0.63302
1.2353
0.38585
1.3723
-0.24197
-0.30803
0.37663
0.81573
1.7529
0.89311
1.9234
1.5337
1.741
0.73699
-2.5346
1.534
0.33863
0.53748
0.09602
0.48709
0.39263
0.058555
1.1521
0.41973
0.58691
-6.9217
0.44621
0.61153
0.00051302
0.84376
-0.15714
0.25925
-2.3524
0.90134
-10.838
-1.0039
-0.070153
1.5328
0.529
0.69995
0.050303
0.55589
0.18563
0.39379
3.3007
0.8413
0.23606
-0.82115
1.7581
0.71955
-0.16488
2.032
-0.040259
-0.5052
-0.44213
1.1427
0.17105
-1.735
0.78492
-0.42569
-1.0841
0.61312
0.58577
2.186
2.162
-2.5309
0.64028
1.6562
2.1461
0.71736
0.96865
1.3426
-0.87272
0.96662
0.73022
0.011201
0.27953
-1.4087
1.2711
0.34941
-0.34627
0.66826
0.89444
2.9068
-0.166
1.2459
1.7992
0.89443
1.1018
-0.035974
1.23
1.4221
0.88575
1.2154
1.0195
0.33223
0.75807
1.5962
1.2131
-7.1284
-0.65954
0.71136
0.16491
0.66173
1.4905
0.73827
1.2284
1.5499
0.36813
0.55676
0.72007
1.0434
0.31519
1.1008
0.87578
-1.8899
0.70907
0.55734
-0.27001
0.92096
-1.7551
0.40177
0.67444
0.66201
0.40574
1.072
0.40396
1.8405
0.41888
2.2184
-2.4123
0.76913
-1.6581
1.2185
0.31964
0.88478
1.1425
-0.045929
2.2091
0.38136
1.1151
0.34149
-0.61573
0.94235
-0.431
1.1567
1.942
1.1387
-0.64461
1.8167
-5.2697
1.4459
-3.3952
0.30053
0.83039
0.3361
0.33684
0.3298
0.85206
0.86168
1.2105
0.75651
-0.0070741
0.8114
0.0046814
1.3226
-0.48287
-2.3356
0.94133
0.73055
0.87719
-1.0685
0.045845
0.59581
0.71282
1.5481
1.3074
-0.0008231
1.2663
0.765
0.77554
1.0455
-0.3486
-0.67848
1.3439
0.73836
1.4512
-0.73139
1.374
0.29475
1.6018
1.2311
0.21207
-0.72523
0.16267
-4.0114
1.9946
-2.4296
1.4229
0.53987
0.90265
0.8244
1.394
-5.9292
-0.1345
-3.4241
1.7915
1.2008
0.29919
2.806
0.090464
1.2741
0.42711
-1.3048
0.70495
-1.7698
-0.86116
1.6427
1.9886
0.91571
0.023485
1.6078
1.3199
1.3885
1.6167
0.90302
-0.76305
-1.2771
1.6754
1.1149
2.0234
1.0886
0.42621
0.89805
0.89265
1.5373
-1.887
1.0477
0.35292
1.1717
0.34342
0.77757
0.91009
0.76829
0.88993
1.2695
-1.6786
0.67052
0.1198
0.71571
-2.1995
1.7228
0.87406
1.8698
1.0268
0.86749
0.36717
0.36766
0.42572
-12.2
1.5121
0.10584
1.6248
0.95782
1.5278
1.7439
0.63592
0.24342
0.15302
0.57287
0.82067
-1.892
-0.1652
1.9881
0.88044
0.87446
0.75778
0.058541
0.32935
-6.3514
0.451
-0.81997
1.4486
0.21071
0.7966
0.25491
2.2371
1.8248
0.99341
0.3568
1.1273
-0.067266
2.4411
0.1736
0.87959
-0.040571
2.0607
0.57366
1.0558
0.62246
-2.6647
2.8854
1.9814
-0.35089
0.21986
1.9401
0.71489
0.55532
0.36626
1.175
-0.39981
-0.28434
1.0906
0.52787
0.50212
-1.2081
2.1515
0.058817
1.7733
0.77801
1.8676
0.0023206
-0.92158
-0.63534
1.6754
1.461
0.74179
0.90311
1.6495
-0.45764
0.25522
1.8708
1.3958
0.95476
-0.3983
-0.88083
2.3826
1.0952
