13.631
7.7411
10.82
9.8684
7.1274
5.0346
6.1529
6.8557
4.2836
6.9352
2.9824
8.4152
4.3344
9.7168
8.4502
8.5013
4.984
2.4172
5.1131
2.0277
5.4987
3.9715
5.224
6.0618
1.7749
3.5793
4.305
4.6087
7.129
4.7802
4.4235
5.9877
13.196
10.409
2.9579
13.93
11.528
4.3663
4.3086
5.1861
5.6312
5.7329
9.6068
4.3104
5.3176
3.6976
5.1239
2.2818
5.5983
7.9226
7.0758
5.93
5.9884
2.2596
4.7388
5.8662
11.333
6.5811
5.4041
4.7934
6.4434
8.0882
5.5145
6.1053
5.8042
6.0119
6.92
9.9247
6.2462
2.2396
4.9298
5.5068
3.7027
6.8402
2.9843
6.6721
2.5662
2.9476
6.1813
6.7505
6.1681
6.727
5.1014
4.201
8.0288
8.2087
4.2622
8.8072
1.8007
3.1735
5.9127
2.8988
3.7358
11.288
6.5499
3.0722
7.7918
5.0696
3.5415
4.6865
3.4134
6.6223
5.5163
7.7677
3.7324
5.5332
9.8167
7.5763
2.8257
4.4057
1.7483
4.3491
4.0322
8.7402
7.1572
9.6422
9.596
3.4383
3.7768
4.9902
5.6141
6.305
1.654
4.6417
1.3032
6.5895
6.9142
6.3048
4.1686
5.5149
2.1908
2.9735
4.0726
5.296
6.267
3.4884
5.5879
6.0888
6.547
3.5266
6.2774
3.6341
4.0331
6.648
4.9805
6.6146
3.3276
6.8233
4.2906
1.499
7.4581
7.279
4.4049
2.1249
3.9895
7.3082
2.0892
7.8953
3.9494
10.746
5.4006
5.0335
3.765
10.092
2.19
8.566
7.5645
7.5199
2.4609
2.9665
3.417
4.2817
4.4342
2.4553
3.7929
4.9129
6.6139
5.2928
3.9992
5.3808
4.7303
5.4663
5.6484
6.4896
5.4288
4.4158
8.9434
8.1464
5.334
6.1812
12.105
3.7041
4.4244
7.0262
0.70806
11.544
6.0227
3.4114
7.7976
10.616
4.3717
3.5507
3.2486
4.3508
2.8591
3.4518
8.0165
4.449
7.8839
7.3164
8.3705
5.5284
4.874
6.6394
4.3653
7.9293
3.7549
3.8724
4.1237
7.7823
4.4732
5.1385
4.6336
5.1094
5.1445
4.6717
3.2772
8.6705
6.4459
5.5245
8.6434
5.9795
9.0451
5.7479
9.8097
5.7053
11.15
6.5475
5.4344
6.3592
7.0793
7.5748
7.4276
3.3998
6.4804
2.4347
3.4909
3.1775
6.4399
4.4123
9.2745
3.4562
5.4965
2.1065
5.5476
3.3965
5.2875
4.6528
5.3559
3.6185
3.2001
2.6829
2.7452
5.6709
13.102
3.6771
5.4522
3.6094
6.9317
5.8524
5.1471
7.9157
4.4777
3.6343
7.9328
4.945
3.2937
3.5379
6.192
1.7372
5.2615
3.3195
6.1204
6.0059
5.3812
0.86362
4.0708
9.8354
4.9332
7.356
8.7653
2.0596
6.1544
7.8687
6.5296
3.516
6.1986
6.4257
8.0687
6.5876
11.198
6.1268
5.0782
5.0333
6.2725
4.2229
6.6614
3.7296
8.7133
5.2937
4.4354
5.6911
5.4572
3.7167
5.1797
5.3994
6.324
7.399
5.1739
6.7006
9.7557
4.8153
6.8825
4.8409
4.3629
6.6418
2.6147
3.2624
7.2505
3.5181
5.5411
4.4824
6.2315
7.8874
2.1001
3.706
6.4632
5.6975
5.5679
9.6294
10.165
4.2666
3.2839
6.2852
2.0935
1.6593
2.6997
3.2436
3.626
5.6209
6.8023
3.4198
4.133
7.5442
6.2088
6.5238
5.613
6.751
8.2156
8.7702
1.7852
4.7019
10.969
5.6195
4.8183
2.7685
3.3207
5.4532
4.899
12.138
2.1746
7.7418
3.6442
3.8506
4.3034
8.5142
7.5675
3.2042
5.7618
5.6136
6.3306
10.018
4.2386
5.0655
6.0947
2.8653
4.2669
1.9904
7.7066
10.828
9.0397
7.0236
3.3986
5.4688
8.9449
3.0648
3.321
6.1991
6.4315
6.1267
2.1847
9.044
3.3815
4.5361
2.2646
6.1109
9.087
4.1874
6.7176
4.6314
6.8684
4.2863
5.7964
9.651
8.119
5.8589
4.9838
7.6073
3.0187
2.2412
6.626
7.8033
12.014
4.0101
4.8826
6.7289
4.5545
5.5818
8.2378
4.9077
7.832
5.2671
3.2562
3.4274
7.8013
12.261
2.7901
5.631
9.0419
6.2657
4.22
5.3104
3.144
10.583
3.3798
9.0829
3.6639
7.2085
2.513
4.1301
4.982
6.8006
7.1516
6.9579
5.0916
4.5778
5.2824
5.7962
7.77
3.2063
4.6254
4.9639
5.021
7.7835
4.5909
4.7821
2.2344
6.9192
5.0958
5.9644
2.5178
1.4345
3.2808
8.2503
2.6938
5.2095
4.2629
4.9483
4.343
5.8181
8.0338
9.1479
3.8147
8.0036
7.8442
10.331
1.8363
2.1617
4.5279
10.993
6.0084
7.5051
4.7764
5.3911
6.8849
2.7392
6.1968
6.8834
6.1868
7.1668
3.5318
3.9913
1.5448
5.2504
5.2028
1.8801
3.0472
5.1043
3.5733
7.8016
5.6215
3.2813
5.7272
6.843
5.3445
5.1106
4.9047
3.0198
3.696
4.2736
3.2354
6.0374
4.1192
5.4471
2.5036
5.2917
5.5458
5.3753
4.2495
5.5412
4.7696
5.2645
7.0943
3.3508
2.4646
3.0777
5.476
9.7194
7.247
3.4689
3.1031
9.7508
6.5223
9.5459
6.4912
4.7596
3.2627
7.5651
5.506
7.8947
6.5602
6.3357
4.0652
5.9378
3.5288
3.7297
4.0927
8.7657
8.34
5.069
5.742
8.5958
7.3706
4.3335
8.2712
5.4584
6.8467
7.9819
6.2458
10.714
3.5031
3.3983
5.7239
2.629
7.4083
4.0159
9.2429
7.6686
3.2517
9.6311
4.3601
6.722
4.9978
3.9679
4.0577
5.494
2.5729
3.2245
5.5499
2.7113
6.4868
4.2689
8.3666
4.0854
4.5866
7.3172
5.0443
6.8294
5.2208
3.7735
2.8075
3.8868
3.6541
4.083
2.7802
6.1576
4.2535
4.6536
6.6459
4.6995
3.5087
4.8286
2.8061
3.3399
6.5384
5.221
6.9193
2.1477
4.1329
8.373
5.464
3.4239
10.249
1.4066
4.9057
10.711
4.5183
4.0779
7.2849
4.8162
2.5687
3.2216
8.9412
6.0331
4.555
4.9313
5.8515
5.3286
4.5762
6.7839
11.332
2.5442
6.4093
3.6504
3.0955
5.06
5.1932
4.7477
2.8509
0.61334
6.9644
2.5261
6.1421
3.2798
4.3087
5.4789
6.6226
3.7679
4.5569
3.133
10.837
3.4645
4.7576
8.4702
5.6409
2.601
6.5631
5.8726
9.4863
3.1692
4.1956
5.6916
4.451
5.3945
4.9007
7.8219
6.315
5.1857
6.5954
4.8626
5.8301
3.16
4.961
5.2816
7.4132
4.2501
6.9964
5.8004
5.7856
2.9449
5.2141
3.7972
8.4232
3.9359
5.7989
10.111
7.6351
5.8838
3.0768
5.2395
5.9285
6.5763
3.7456
4.5731
10.922
4.7092
4.4692
4.817
2.8527
3.9562
6.8427
9.1607
7.1183
7.1182
1.1227
4.3212
3.8531
5.7507
5.3953
4.5727
6.7439
7.7903
7.2271
5.5647
4.4837
2.0693
3.6452
5.7443
5.5403
9.8769
4.5182
9.1979
3.6153
2.5363
9.8526
2.0422
7.5558
5.2753
5.7446
4.5177
7.2231
8.8669
12.473
3.3958
8.8896
9.4565
10.388
3.7151
5.8339
5.3157
6.82
1.6074
7.3509
4.1775
1.9495
2.0501
5.9511
4.4064
6.4659
10.331
6.9949
7.7558
4.3379
8.1914
7.7835
6.6164
4.772
7.4864
2.2465
8.2143
5.2352
6.7524
9.5205
6.5236
8.6621
4.1403
4.4836
7.6943
2.5074
2.9294
7.1326
4.0275
6.5212
6.1542
7.2837
1.801
3.431
8.2284
1.8559
5.646
5.3504
4.8684
5.4621
6.6699
6.4722
3.8061
4.9929
3.2879
10.776
4.0004
9.3473
5.1522
3.4783
4.2535
2.1054
3.1681
5.1337
5.2093
3.0986
3.6091
4.1524
4.8106
4.8946
5.9345
3.7139
9.5102
10.921
5.6404
1.6048
7.1194
10.872
5.9529
4.2294
9.3523
6.2273
3.7869
9.8123
6.3274
6.0433
5.9166
3.4633
2.8937
5.5341
1.9701
4.8457
3.3678
4.2163
4.8882
4.5103
6.1022
5.0214
5.344
5.5057
4.1931
3.3555
6.3068
2.8887
5.1869
7.1171
2.003
5.3933
8.0628
2.487
5.5538
9.6501
5.1935
4.6411
7.4674
4.3939
5.0724
5.0626
6.4717
6.4821
3.4165
4.9063
5.4106
6.5271
10.769
9.1918
7.4667
7.3314
7.9379
4.7676
4.9049
4.2973
7.718
1.955
3.2801
4.8474
9.087
5.3602
5.3617
3.8996
8.3865
2.2434
4.4706
9.0987
5.4712
9.1347
6.0206
3.7135
7.6921
4.0046
8.1213
1.3046
7.9825
6.5329
2.7135
13.391
6.6444
5.1718
9.066
3.959
4.282
5.2509
6.5135
5.8097
9.1989
3.0692
10.142
5.6541
1.6766
2.6243
1.4706
3.2149
5.1578
13.347
9.6817
6.2091
2.1374
4.8372
5.1845
2.5041
5.5356
3.1314
6.5918
16.851
9.6544
5.0922
5.1962
7.341
7.069
4.065
8.0345
5.3025
8.8042
5.5275
3.1431
4.3769
7.1976
8.6205
5.1688
4.8974
2.6436
3.4324
3.2349
9.096
4.6659
4.6722
4.1346
4.9609
4.8389
7.6988
8.8388
6.8837
5.5895
7.3342
7.6966
12.129
6.5351
4.208
3.882
5.2951
4.2741
5.5013
5.7672
8.1025
8.9423
6.5351
5.0005
1.8482
14.723
8.1643
6.2599
7.3517
5.2746
4.6927
5.7531
2.3082
5.3928
6.0535
7.4099
5.8384
7.9643
3.7577
4.1102
5.0374
6.5017
6.0051
6.5437
6.0803
6.1377
8.2501
8.007
4.4899
7.0356
5.576
4.2345
3.3889
3.9411
6.8136
3.8342
5.1738
5.9391
2.98
10.043
4.3698
6.4764
6.0853
9.7676
4.7235
3.0039
6.8634
8.3939
4.6763
6.4117
5.1171
4.2198
2.9828
9.9157
2.436
6.4086
5.1131
5.7906
5.6916
7.1962
7.8206
10.745
8.2917
9.9461
6.4855
3.2668
4.5401
8.0049
6.9672
4.4178
6.7943
4.6524
2.8668
7.2281
8.9895
5.3838
1.7268
2.7501
9.63
5.5873
5.9338
3.7134
7.4073
5.2445
