3.6972
3.3226
3.5613
2.5823
2.9317
2.6471
2.9168
3.7257
3.0021
3.0274
2.8973
4.0204
2.9617
3.8127
3.4473
3.0925
3.0789
3.2188
3.1562
2.9033
4.1808
4.0502
3.0389
3.1752
3.8938
2.7859
3.9862
2.9253
3.8017
4.9891
3.2966
3.162
2.869
3.4875
3.4449
2.7655
3.0841
3.2855
3.1305
6.1775
3.121
2.8771
2.7782
3.2249
4.6523
3.0116
2.7679
3.0567
3.1626
3.125
2.9727
3.1301
3.2989
3.5663
3.5477
2.793
3.2736
3.2055
2.9876
2.5445
3.644
3.34
5.6796
3.9596
2.9546
3.0037
2.7829
3.2161
2.8366
3.1267
2.9367
2.5013
3.5214
2.5519
3.4601
2.8708
2.5386
2.8238
2.4146
2.8997
2.6888
3.0517
2.8541
3.0143
3.3915
3.157
4.4226
3.3157
2.9585
2.7619
3.8912
3.0513
2.7112
3.1802
5.6
3.4975
2.8178
3.2653
3.0052
3.0279
3.3459
3.8082
2.6669
2.6814
3.2156
3.4176
3.6351
2.888
3.1241
3.8046
3.3482
2.8513
3.0608
2.7575
3.305
2.9448
2.4549
3.7289
3.1181
3.3321
2.8876
2.5185
3.1319
2.9249
2.7144
3.0223
3.0993
3.2174
3.072
2.6992
2.7044
2.7043
3.5143
3.4056
2.8344
2.8923
3.0066
2.9263
2.9496
3.9552
4.6991
2.9115
3.2319
4.3448
2.8091
2.5545
2.6644
3.3872
3.0687
3.1282
3.2198
3.3167
2.871
3.1578
3.139
3.0169
5.5565
2.9947
2.9111
3.0541
3.2452
2.6813
4.7121
2.8948
2.744
3.4599
3.5007
5.0873
2.6867
3.5547
3.928
2.7609
3.0588
3.7648
2.7755
4.5592
3.6323
2.9732
2.9136
3.3546
2.836
3.3512
4.4188
3.7201
4.4511
2.6628
3.4574
2.7988
3.233
3.2905
4.0003
2.7362
4.1363
5.5224
3.4833
2.9508
3.0363
3.506
2.8698
2.6778
2.8537
3.7735
3.7458
2.983
2.9964
3.0036
4.4468
2.665
2.9376
2.7786
3.3058
3.0588
4.0902
3.9692
3.1309
2.6344
3.7807
3.0596
3.3569
3.1713
3.5881
3.4415
3.0049
3.5165
2.7751
3.1255
3.4408
2.982
2.8562
2.8138
2.9716
3.1943
3.0546
2.9898
2.6945
2.6338
2.6037
2.8849
3.6354
3.2152
2.9924
3.423
3.6939
3.1662
2.7617
3.899
3.711
2.8229
3.6445
3.8086
3.3485
2.9244
3.3195
2.8324
3.04
3.127
3.1805
2.8131
2.5259
3.1083
2.7829
2.7906
4.1654
3.2752
2.8031
3.2003
3.0136
3.0365
2.8448
3.0792
2.8893
2.8022
3.0267
3.0025
2.3575
2.9814
3.0862
2.8503
3.0316
2.9008
3.0927
3.2604
2.8423
3.2678
3.7336
2.5393
2.7845
2.9093
2.7889
3.3947
5.254
2.8886
3.7784
3.7169
3.1114
2.894
2.9593
2.9297
3.3043
2.9838
2.677
2.9903
2.9831
3.6803
4.5352
2.9265
3.0359
4.8755
3.0371
2.6003
3.6327
3.5554
2.9815
2.908
3.372
3.532
4.2228
2.4464
2.9133
3.4878
2.9765
4.503
2.9464
2.9963
3.2306
2.6441
3.004
3.0028
4.4193
3.9381
3.4
3.4892
3.0575
2.8612
3.1187
2.9035
6.544
4.2993
3.3283
4.0144
3.1185
3.2943
3.4632
3.1538
3.2492
2.9534
2.8044
3.5278
2.8498
2.9511
3.7579
4.0273
2.8785
3.1929
3.2056
3.4564
3.0502
3.0615
4.2571
2.7715
3.7132
4.6885
3.0124
2.9924
2.8496
3.5214
3.5903
4.4275
3.9911
3.482
2.9044
4.9483
2.9185
2.8883
3.5446
2.9746
3.5776
2.8149
2.715
3.9584
2.6033
3.3343
3.1181
3.1061
2.5594
3.897
3.3431
3.0472
2.9225
3.3684
3.0713
3.128
2.9651
3.9976
3.0798
3.1239
3.2648
2.7727
3.369
3.0553
2.7677
3.034
3.0343
3.5887
2.9803
3.8356
2.5823
3.2891
3.5215
2.8976
4.9214
2.8215
3.3692
2.8357
2.8985
3.5999
3.3918
2.9396
3.2926
3.9201
2.8401
3.6261
2.9162
2.8269
4.4282
3.2663
3.1039
3.8101
3.1796
3.3442
2.8543
2.8709
2.5555
2.7492
2.9093
2.9714
3.1145
2.9879
2.9882
2.8051
2.9951
3.4634
3.1505
3.2049
3.1417
3.2122
3.4283
2.8501
2.6238
3.0805
2.8072
3.3511
3.3297
2.7025
2.7598
3.1076
2.7674
3.1082
3.0495
2.4428
2.9596
2.516
2.5745
3.9332
2.9046
3.2615
3.2376
3.7877
2.6396
3.0137
2.733
3.4304
2.9218
2.5868
3.042
2.9878
3.1847
2.7822
3.1732
3.2853
3.3998
2.6824
3.4352
3.8247
2.6621
3.0441
2.8418
3.8034
2.9828
5.6061
2.898
3.0503
2.8531
2.8319
3.1047
3.0044
3.0686
3.3174
2.4972
3.0502
2.7087
3.1842
3.1567
2.7866
2.8704
4.6505
3.1797
2.8788
2.6243
3.834
2.8075
3.13
2.706
3.1394
3.0559
2.4995
3.3923
3.1561
3.1756
3.1798
3.4256
2.4872
2.9497
3.6734
2.5616
4.2229
3.0054
2.9972
3.191
3.8906
3.3337
3.1889
2.823
2.9532
3.3784
2.805
2.9301
2.8764
2.8863
2.9333
3.7524
3.3989
3.4808
3.84
2.2943
3.0449
3.0575
2.5581
3.1489
3.5744
2.9701
3.1595
2.5887
2.8672
2.893
3.0418
4.1373
4.9685
3.1009
3.1965
2.848
3.0059
2.9129
2.901
2.7591
2.848
4.4385
2.3467
3.0535
2.8061
3.0726
4.0695
2.8624
3.3373
2.9037
2.5679
2.9459
2.6465
3.744
3.0559
2.9131
2.9093
3.0008
2.9082
4.3775
3.0193
3.3237
3.8876
2.8811
2.5791
6.1735
3.2604
3.0017
2.7449
3.194
3.0521
2.9237
4.2387
3.254
3.2866
2.9583
3.012
2.6854
2.8161
3.1524
4.0224
3.4045
3.4289
2.8583
3.7013
3.0999
4.3821
2.9158
2.914
2.677
3.9967
2.9558
3.1982
2.65
2.9899
3.4455
3.1901
2.7465
4.184
3.3179
2.5334
2.9067
2.9893
3.5269
2.5711
4.2223
3.799
2.553
2.9535
3.1422
2.8351
3.002
2.8471
2.95
2.9413
2.9873
2.6248
3.2946
3.3374
2.6928
2.5593
2.6723
3.6306
3.5319
2.4195
2.6977
3.8799
2.8895
2.6012
2.818
3.0045
3.2211
2.9845
3.6039
2.5551
2.7098
2.8744
3.5328
3.8818
3.1728
3.7907
3.8043
3.132
3.7176
2.7839
2.8139
3.5146
2.8697
3.23
2.8839
3.1042
2.9112
2.6316
3.0431
3.1011
5.1165
3.0656
2.578
2.7432
3.3212
3.1488
3.0111
2.8883
3.0279
3.1557
3.3102
3.0093
4.3231
2.5409
2.4842
3.9123
3.703
2.7163
3.1391
2.9349
2.9174
2.7364
3.1643
2.2509
3.3405
2.7693
2.7955
3.1388
5.3077
2.496
2.6728
2.5884
2.5001
4.938
2.6956
2.8149
2.9029
4.4631
2.9045
4.5927
2.8286
2.7957
2.7795
3.138
2.6563
2.7964
2.752
2.9935
3.0255
2.7796
2.7043
2.8984
3.0594
2.9323
4.0794
2.9521
3.1381
2.995
2.5367
2.7699
2.8192
4.0614
2.8357
2.7557
3.2895
5.6595
2.9793
2.6661
2.7955
3.1065
2.8705
3.5777
3.4857
3.0777
3.7778
2.8655
2.7496
2.7877
2.8224
5.8191
3.453
2.9917
2.7624
3.0663
2.8535
3.0119
2.7782
3.6223
2.8276
2.8835
3.0154
2.8042
3.4288
4.3002
5.7122
3.9278
2.5772
2.8129
2.4577
4.1371
3.1745
3.092
4.0092
3.0001
2.6503
4.0075
4.5661
4.0964
2.9709
2.9893
2.9397
3.1245
3.6975
5.864
3.0775
3.0121
2.8801
2.6927
3.5819
2.7887
3.0042
2.6214
3.0639
2.5198
3.3283
3.0638
3.0298
2.7425
2.8051
3.1753
2.4071
2.7657
2.6772
2.9647
2.915
2.9378
2.9501
3.4291
2.8496
3.0558
2.747
2.9558
2.6734
2.7316
4.8843
2.6862
3.4439
3.0515
2.7092
4.3929
2.8931
3.3261
2.919
3.6747
3.2755
3.5739
3.3308
2.7876
2.7992
3.7041
2.4828
2.7381
3.267
3.1322
4.6
4.04
2.8104
2.7677
3.2888
3.5905
2.7723
3.1875
2.9148
2.9169
3.2857
2.8244
3.0693
2.8568
2.9093
2.8169
2.8502
3.7192
3.2032
3.0002
2.9904
2.8248
3.3179
4.3965
2.7033
2.8634
3.4025
3.3442
2.8968
2.689
3.2219
3.9969
3.1744
3.4874
3.1322
2.8855
3.347
2.5841
2.693
3.029
3.0761
3.1617
2.9731
2.7781
3.993
2.6769
3.0646
2.8911
2.8448
2.8951
3.8551
2.8501
3.2947
2.5919
3.8372
2.8351
2.9569
2.6845
2.6735
2.7455
2.7598
2.9916
3.1671
3.1977
4.3513
3.15
4.0781
2.9172
2.9905
3.4965
2.7151
2.8928
3.9038
5.1872
2.9327
5.2348
2.5217
3.0112
3.0676
3.4936
3.5922
3.3906
2.9878
3.3026
3.1847
2.842
2.6999
2.979
3.413
2.9647
2.9596
3.3159
3.0067
2.8165
2.8657
3.7803
3.2187
6.8524
2.7152
2.8879
3.2106
3.0101
3.1543
3.6289
2.5201
2.9494
2.9119
3.2419
2.7949
4.1888
3.9879
3.7535
2.7386
3.0852
3.1316
3.9073
2.7085
2.9204
3.1868
3.1847
2.8711
3.8559
5.4195
3.4262
2.7941
2.4981
3.2392
3.6574
2.7727
2.7233
3.7959
3.6044
2.9016
3.2062
3.8401
4.0696
3.1232
2.9076
2.7149
3.9093
3.064
3.5118
2.6208
3.2633
3.0597
2.8218
3.3417
3.0277
3.816
3.2177
3.6096
3.0575
3.6066
2.49
2.7832
3.0528
2.5129
4.0271
3.1978
2.7341
3.0077
2.8415
4.0766
2.9089
2.9253
2.7346
5.9002
2.7326
2.9709
2.7563
2.8803
3.2867
2.5031
3.0911
2.8213
3.1217
2.8174
2.6543
2.9458
2.8928
2.952
2.5945
3.2191
3.241
3.2582
2.6456
3.0414
5.0652
2.9821
3.6813
2.7462
3.9767
3.3198
2.7726
4.01
3.0937
2.9173
2.694
3.0682
4.6785
3.2544
2.7321
3.2972
3.2774
3.1185
2.9085
