1.3053	0.39235	1.765	-0.052019	0.83882	-0.3073	1.3165	-0.18706
0.51576	0.66232	0.94772	0.030854	0.63731	1.1039	2.0352	2.0692
0.92277	0.99776	3.1924	-0.10397	1.6392	1.503	0.029495	1.4351
0.38321	1.833	0.51161	2.2878	0.30821	2.0405	1.7677	1.2706
1.6008	1.0576	1.7723	2.0365	0.28008	2.1972	-0.026801	0.60678
0.49649	-0.009637	1.5077	1.4952	1.0037	1.0822	1.853	0.42223
1.9333	1.4193	1.0603	1.2003	1.7391	0.55586	0.68311	0.48962
1.4268	0.91217	1.1389	1.7833	2.2645	1.1082	0.31562	-0.2206
2.1005	1.6204	1.0527	0.63107	0.92956	-0.44882	0.54533	1.6098
0.30168	0.87412	1.4882	0.49876	0.7363	1.6296	0.068338	1.2296
2.7701	2.0617	-0.77323	1.9868	0.75592	-0.0073553	0.51831	1.7619
1.0125	1.0686	1.8172	1.3418	1.4754	1.3768	1.4086	0.43547
0.73253	1.0442	0.52692	0.46201	1.7726	2.0967	0.292	1.4369
0.63279	0.46697	0.81885	1.4417	1.5288	1.2337	0.84416	0.85758
-0.34485	0.82369	-0.32486	-1.0368	2.7404	0.15796	2.524	0.99075
0.85365	2.106	2.4144	0.273	0.41738	0.8034	2.0064	0.71075
1.2411	1.0401	1.482	-0.044644	0.73974	1.0316	1.9888	-0.60189
2.0186	0.94848	1.6558	0.74761	0.82365	0.76047	0.60387	0.68961
0.2857	1.0495	-0.80115	0.78513	0.5849	1.5223	0.49476	2.4033
1.3607	0.10395	0.70079	0.86906	1.607	1.6901	0.90874	0.81994
1.2444	1.0416	1.4588	-0.22036	1.5092	1.5708	1.1172	1.2596
-0.057342	0.80559	1.9681	-0.60067	1.8161	1.4148	2.0551	2.063
1.937	1.5283	0.99693	2.2461	1.3829	0.3693	2.1689	0.93663
1.0626	1.0854	0.79302	0.62505	1.4838	1.222	1.1986	2.0062
1.3529	1.5197	1.226	0.27556	1.7589	2.102	2.0461	0.42293
1.8608	-0.42716	-0.122	-1.0441	0.79962	1.1702	1.1415	1.8855
0.94914	1.3499	1.9094	2.2622	2.4015	0.15343	1.8881	1.0627
1.7258	0.16637	1.5908	1.1227	1.564	0.7209	0.2619	1.0877
1.4085	-0.054035	1.7037	1.1979	0.39676	2.0846	-0.42219	0.8113
0.36593	0.85094	-0.24409	1.1647	1.7541	0.31594	0.58383	0.93488
0.9096	-0.13359	-1.7332	0.40017	1.9252	0.88282	2.1628	1.7903
1.1904	0.79683	0.61907	1.4127	1.0947	0.92859	1.7865	1.4391
1.5958	0.19305	0.46068	2.5917	1.9344	0.26365	1.6066	1.1106
1.0605	0.96136	1.4096	0.43244	1.2654	1.5541	0.51763	0.82517
1.1534	0.9711	0.89463	0.99357	1.7557	1.3584	1.578	0.88904
0.98382	0.90492	2.2838	0.9635	0.50804	2.0112	1.1226	0.53771
2.1816	1.0807	0.99161	0.7473	0.85164	1.5371	1.5163	1.074
1.1352	1.2082	1.3952	0.58508	1.4716	0.15233	1.5465	0.61822
0.55209	0.78132	0.3504	0.39167	0.81155	3.2342	2.0006	2.0169
1.2186	0.98015	0.64768	0.71539	1.4382	0.41268	0.863	1.4822
-0.10478	1.1381	2.1948	0.88209	0.46234	2.9347	1.0224	-0.60074
1.1642	1.4115	0.87757	0.72463	1.1456	1.8809	1.6943	2.1919
0.52144	0.8537	0.40337	1.7362	0.24549	1.9937	0.77975	0.87392
1.3845	1.6547	1.0568	0.56906	1.0346	1.2019	0.94409	1.44
0.7948	2.4788	1.0579	1.0665	-0.20182	2.0471	2.3118	1.713
-1.1932	1.237	0.53726	-0.15887	1.4949	0.48615	0.37917	0.99343
0.79733	1.2405	1.7073	1.0673	1.4804	0.85106	0.99161	1.5117
1.0989	0.864	1.1541	1.1101	1.1977	1.9164	0.61903	0.92739
-0.42945	2.707	1.6118	1.9924	0.31951	-0.54656	0.96119	0.49909
0.37947	1.0922	1.8502	2.5198	1.5113	2.0418	2.2782	2.2203
1.0389	1.3308	1.3593	1.6312	0.89371	1.6988	1.4951	0.48711
0.41264	1.9509	1.1721	-0.21509	1.2058	1.2379	0.56155	0.9072
2.8243	2.4828	0.53488	0.33838	1.3418	1.1902	1.1839	-0.17611
1.1429	1.3689	0.75021	0.86094	0.2622	0.88831	0.78738	1.4852
2.2367	-0.86763	1.8377	0.34108	0.21249	1.4521	1.158	0.80626
1.1564	0.49487	0.61124	0.37513	0.85906	1.1892	0.94202	0.83875
-0.48713	1.6641	1.434	1.3962	0.0098634	3.5748	0.95976	0.086221
1.3289	0.89008	0.78308	1.2914	1.7515	1.5882	1.0285	0.48763
0.42143	2.1516	0.17514	2.594	0.43103	-0.074382	0.60724	0.15763
0.60572	0.099948	1.4344	0.89496	0.34827	2.0109	2.3137	0.16606
1.0816	0.28368	0.33147	1.2212	1.4866	1.434	0.68387	1.2513
1.1521	0.0045313	1.132	1.7854	0.32937	0.9466	1.4701	1.6475
1.2854	1.4225	2.7973	1.2765	-0.12189	0.66365	2.5221	0.73502
1.3523	1.5149	0.60084	1.8178	0.17465	0.48788	-0.9866	0.18905
0.43896	-0.22043	1.7431	0.25188	-0.095086	0.42549	1.0861	0.64667
1.2983	0.42361	1.6028	0.54956	1.1421	1.0024	1.5723	0.46616
3.3596	0.88062	-0.5193	0.43355	0.86826	1.1654	1.8756	1.602
1.5984	3.5949	1.2175	2.2894	1.5196	1.1506	1.5095	0.69448
1.295	1.7617	-0.0035042	1.1669	1.6282	0.19067	2.0648	0.99009
1.1641	0.79085	0.78706	-0.55114	-0.47077	0.48119	1.0113	2.1301
0.42152	0.9424	1.6252	1.4128	0.76157	2.0005	1.0537	1.2843
0.15643	0.5834	1.8438	0.51552	1.0972	0.49042	0.58954	0.32935
1.5139	0.74016	1.8188	1.2133	0.76499	0.98544	3.7458	2.1377
1.7408	1.6163	-0.9605	1.1615	2.3193	2.2908	0.87439	0.9675
0.51947	1.899	-0.96554	0.80453	3.7715	1.208	0.74354	-0.077354
1.2672	0.71451	1.2757	0.26013	2.2909	1.7585	1.5311	1.2581
0.93685	1.3601	0.68544	0.3334	0.89871	1.0753	1.27	0.50132
1.4028	0.30621	0.31983	0.89907	0.5829	0.74393	0.074944	1.4767
1.3036	1.2442	0.69184	0.71332	0.32226	0.76852	1.6615	1.3584
0.082236	0.44032	0.89312	-0.014227	0.67107	1.477	1.1386	0.79568
0.95296	1.5459	0.076419	0.47276	0.73919	0.70315	0.94789	1.1062
0.79723	0.60608	0.79749	1.0307	0.56786	1.753	0.25739	-1.698
1.0334	1.3118	0.42737	2.8466	1.9987	-0.68678	2.042	1.1784
0.32145	1.1874	1.0037	0.39485	0.95862	1.4681	1.8931	0.88172
0.20615	0.50082	-0.3256	1.9113	0.10959	0.17857	1.8243	1.3404
0.35225	1.8743	0.88779	0.36632	1.3062	0.56251	2.2339	-0.11807
2.24	1.7014	-1.3227	1.4072	-0.21793	1.4552	0.70899	1.0101
1.1833	0.97852	1.3558	1.0768	1.6028	1.5696	1.2578	1.269
1.4224	1.0875	0.68038	1.7867	2.2614	2.2716	2.2119	1.545
1.0535	1.1465	1.9834	2.2864	1.5592	0.24996	0.65752	2.4351
-0.20128	0.80083	0.36186	1.9297	1.3361	-0.012769	2.7227	-0.11629
1.2222	1.7576	1.5814	0.89798	0.77535	0.97849	1.3759	1.3102
0.67513	0.64617	0.36689	1.6863	0.52572	3.4158	0.42087	-1.0097
2.199	1.648	1.0355	1.006	0.83233	0.69946	0.70492	0.38937
0.8309	2.1464	0.96799	1.315	-0.94561	0.10353	0.87291	2.497
0.82046	2.9011	-0.74479	-1.0693	0.76402	0.99409	0.30165	2.0379
1.0836	1.4591	1.5012	0.92069	1.4044	0.73485	1.0979	0.23576
1.3984	0.73694	1.4006	1.0602	1.6558	1.0228	1.8605	-0.3262
0.41445	1.1682	1.1972	1.5206	1.7521	1.6744	1.3161	1.515
1.4	1.1445	0.46771	1.27	0.74026	1.1369	0.48267	2.0164
1.6756	0.28908	0.00727	1.2408	0.91203	1.4582	1.1549	1.5179
2.1643	0.1066	0.78854	0.43159	0.084416	1.9209	1.7896	0.57692
-0.055499	0.78461	0.8562	1.1274	0.42497	1.3825	0.77247	0.70261
1.0106	1.6317	1.8515	1.2335	1.0161	0.03861	0.55875	1.0521
1.3915	2.3298	-0.17717	1.9331	1.3393	1.9704	1.3753	0.18151
0.94565	1.1236	0.5795	1.0567	1.3915	1.248	1.7208	0.68671
0.72332	1.476	1.021	1.2808	0.48509	0.6837	1.3547	-0.83734
1.4641	0.24835	0.9892	1.7455	0.54193	0.93272	1.1384	1.8442
2.3123	0.60883	1.6121	-1.5704	1.4352	0.7224	3.3292	-0.81121
1.0361	1.5372	0.7943	0.98853	0.59673	0.50994	1.3865	1.8136
1.2844	0.47364	1.0907	1.0345	0.27784	1.5152	0.62658	0.95308
0.9185	0.8269	0.68677	1.4071	0.4034	-0.04253	0.95162	1.2641
2.0355	0.50361	1.9661	2.0813	2.0539	0.80103	0.65104	0.98599
1.0748	1.9559	0.80866	1.3279	0.51092	0.98326	0.40856	1.0459
1.1783	1.3466	2.0011	1.3287	0.90287	1.7744	1.4396	1.1438
1.1599	0.28405	1.4064	0.96663	0.80051	-0.25214	2.9587	0.098327
0.72464	0.94491	0.79272	2.3993	0.67788	0.88401	0.31558	1.0188
1.4739	1.2625	0.47023	1.7056	0.31538	1.7176	0.47533	0.90881
0.76007	0.69777	1.3583	1.2499	0.67041	1.0228	2.4893	1.3499
-0.18607	1.1419	1.0424	0.80974	1.4686	1.2249	0.31152	1.2664
1.118	2.3355	0.65343	2.3804	-1.2512	1.0081	2.2222	1.0689
0.52815	0.74862	0.8504	0.4786	0.65211	0.14872	-0.22604	2.807
1.5059	1.4928	1.0503	0.41286	1.3157	0.80723	1.6193	0.26881
0.70013	0.76205	0.72683	1.6937	1.2804	0.29121	0.88171	1.801
2.5944	0.81333	1.5535	0.41876	0.90854	2.4525	0.72699	0.4187
0.39548	0.28459	-0.58787	1.6732	1.8632	0.31469	2.4281	0.46234
0.67487	2.7597	0.31254	1.6339	1.3607	0.83051	0.67661	1.3914
1.0368	1.2701	1.3928	1.6471	0.49665	2.1885	0.51077	1.5876
0.63071	0.61875	1.3522	2.1471	0.62543	0.36161	1.0261	0.83881
1.6283	1.0469	0.60838	-0.12379	1.7455	0.80978	1.2981	0.46941
0.13713	0.80247	0.37607	0.38198	1.4387	0.52072	1.6578	0.52307
1.5641	0.63316	1.6366	0.453	0.97353	1.9889	0.45166	1.4356
0.63672	0.73113	0.18147	0.89313	1.4219	0.19959	0.69355	0.42689
2.9171	-1.3038	1.4976	0.56971	3.4237	-1.4143	1.766	0.21229
-0.061591	0.79316	1.4705	0.79688	1.8329	1.3032	1.9176	0.45835
1.1118	1.0464	1.4854	1.5894	0.73888	1.1031	1.6504	1.1044
1.6517	4.0244	1.8507	2.4025	2.1054	1.5772	0.27905	3.627
0.82595	0.069479	1.5303	-0.86673	1.1358	1.7688	0.99954	1.6373
0.55976	1.1941	0.45424	0.44493	1.0679	0.095096	0.46615	1.2227
0.77402	0.79127	1.3717	1.5464	1.7797	0.4819	0.46437	-0.033925
0.34318	0.32338	2.2848	-1.2251	0.9278	-2.0064	0.18657	1.2169
0.3287	1.0013	1.0516	0.41199	1.7544	0.80619	1.2276	1.075
1.5463	1.4879	1.3245	1.3172	0.78752	0.034309	0.73052	1.022
0.79311	0.60883	0.83726	1.1086	0.31244	0.018878	0.79576	1.2609
1.1174	1.425	0.92033	0.65576	0.89754	1.5317	0.26758	1.0055
0.11059	0.13597	1.1748	1.9664	2.1756	-1.2975	-0.069947	1.981
0.44324	1.3248	1.2636	0.6927	0.88541	1.592	0.94758	0.44935
1.4696	1.9116	0.57092	1.5244	1.0738	0.89581	-0.1087	2.3862
0.64977	1.3283	1.3496	1.5494	0.38178	0.76562	0.84678	0.68363
1.0314	0.77622	0.021555	0.82159	1.1364	2.2893	0.53668	0.56851
0.86495	0.82371	0.4465	1.8403	1.1794	1.6968	1.4562	0.6789
0.8197	-0.11225	1.1289	1.6222	0.9247	2.315	1.244	0.50961
1.0461	0.58502	0.86298	1.7819	1.2242	1.3752	1.4284	0.40855
1.474	1.2851	1.5402	1.346	1.9435	0.62741	1.6011	0.51244
1.3596	1.0377	2.14	1.6322	2.2092	2.757	1.3975	1.9359
0.70798	1.4938	0.51806	0.93634	1.1895	1.17	1.3339	0.50806
1.5367	1.6144	0.087924	0.83767	0.84634	0.62189	1.1325	1.1267
0.7709	0.87376	1.5233	1.7882	0.77658	1.2829	-0.089059	1.6645
2.2734	1.5121	2.1947	0.147	0.9214	-1.1445	2.1799	1.8935
0.23683	0.50464	0.83376	0.3293	1.7669	0.54003	1.2272	0.68474
-0.17712	-1.2002	1.1098	0.83899	-0.25671	2.2938	-0.35348	-1.3068
1.0029	1.6331	1.3836	-0.076986	0.78371	1.428	1.1095	0.29095
0.14669	2.2217	0.30752	1.7123	1.7731	2.9636	0.60171	2.4111
0.86388	0.90225	0.54746	0.57158	1.2573	1.2021	0.52089	0.44871
1.8704	1.735	0.97834	1.5419	0.32557	0.51245	1.2154	1.4027
1.1612	1.4145	0.55434	0.79123	-0.36896	0.41649	0.32177	1.3067
1.6908	2.349	1.0636	1.6964	0.91725	0.61157	1.1616	2.1615
1.1553	1.7913	0.17383	0.79658	0.5709	0.74972	0.91877	1.4432
1.3415	1.5968	1.3817	0.8258	1.3559	0.55703	0.89747	1.1157
0.011861	0.27927	0.11954	1.684	-0.5095	-0.90033	2.7917	1.126
0.97189	2.1469	-0.10206	3.0828	1.334	0.63182	-0.41777	2.5636
0.66444	0.54521	0.94288	0.74616	1.6858	0.72035	1.9228	0.71893
0.47767	0.45913	1.4267	0.68288	1.7091	0.69414	1.3476	1.2771
0.40302	0.053594	1.2985	0.27006	1.0979	1.1742	0.76705	1.0855
0.44936	2.0998	0.3036	0.96608	1.4974	1.8491	-0.30653	2.6998
1.4473	1.2454	0.87663	0.7241	2.0584	0.44016	1.3069	1.263
0.72393	1.6181	0.22185	1.0321	3.0101	-1.1372	-0.086022	0.85057
1.0706	-0.23512	0.72516	2.002	1.0424	2.011	-0.24223	1.889
1.3383	-2.7998	3.0338	3.5389	0.38335	1.2417	0.96715	3.9226
0.16575	1.8807	0.28553	1.6109	0.41383	0.84245	1.2329	0.86123
-0.63446	0.74677	1.7686	0.9935	0.85428	1.1236	1.588	0.71716
1.0728	0.64122	1.4192	1.3104	1.3534	-0.6667	1.1898	1.7749
0.79891	1.5717	1.7262	1.0802	1.0565	0.3081	0.72494	1.6822
0.67892	0.76175	1.3344	2.0643	1.001	0.63631	0.14772	2.2124
1.1831	1.5337	0.82259	0.11408	0.6171	2.5952	0.79657	1.0597
-1.293	0.15637	0.75216	1.5772	0.57772	1.574	2.5616	0.79467
0.66577	0.37259	1.0207	0.75675	0.33617	1.0058	2.3064	1.0517
0.72128	1.1022	-0.11199	0.24756	1.2898	1.6401	1.4288	0.20336
1.443	0.52098	1.8628	2.6845	2.3446	1.364	1.7523	0.2488
0.67712	0.94279	1.4013	0.99206	1.7269	1.4715	1.2472	0.89055
1.6855	1.2751	1.7245	0.98921	0.57322	0.86085	0.96744	1.1763
2.4402	1.1954	1.1543	1.9009	0.74851	0.75545	0.52436	0.72478
0.017789	1.4154	0.56911	1.1926	0.724	0.89994	0.7507	1.832
1.6806	0.27867	0.49709	-0.24938	0.46091	3.2197	0.81532	0.91325
1.4123	1.4206	2.1936	1.8366	1.7469	0.68591	1.2844	-0.36202
0.71314	2.6019	0.42239	0.43765	1.6534	1.3992	1.3575	1.0161
-0.14213	1.1284	1.9061	0.98381	1.7998	0.5125	1.9387	1.2192
0.80046	1.2263	1.5124	1.038	1.6316	1.1393	1.373	0.60774
1.7908	1.9901	0.86751	0.6706	1.8304	0.42321	2.186	0.61969
-0.22218	-0.33808	0.51703	3.3183	2.6839	2.388	-1.4515	-1.461
1.4514	3.1314	0.67858	2.4182	2.4815	1.844	2.1323	2.7382
0.7051	0.012084	-0.50877	1.6538	1.1618	-0.27258	1.931	1.7046
1.2725	1.3706	0.84999	1.3271	1.4	1.614	1.0069	1.7437
0.063832	0.97434	0.17603	3.1076	1.2195	0.26455	1.1499	2.7047
-0.2489	-0.13013	1.0927	1.245	0.2852	0.88327	1.6201	1.0739
0.12971	0.76089	1.8418	2.6628	0.15985	1.6129	1.0103	1.9799
1.3452	1.0604	1.0816	0.94652	1.7085	0.20479	1.0683	1.3592
2.4995	0.93555	1.141	0.63538	-0.22143	-0.057366	0.17634	-0.86002
0.2962	0.75398	0.7724	0.98394	1.009	1.1245	1.639	1.205
1.4278	0.82986	0.86173	2.4662	2.8993	0.58178	2.189	1.2126
0.13765	-0.73296	1.1279	0.46663	0.89128	1.6281	1.5008	1.9347
1.0167	1.6707	1.2208	1.3228	1.2961	-0.028254	0.72265	0.22207
0.84995	1.059	3.3721	-0.22233	0.28813	1.2262	1.2856	-0.5325
0.74966	1.5414	1.1512	1.6945	1.0347	0.75735	1.3298	0.85891
0.2446	1.0557	0.80663	1.8563	1.4863	1.4518	0.6543	0.89636
1.1708	0.88735	1.6551	2.3884	1.3781	1.6198	0.046765	1.0234
0.8027	0.96998	0.91009	1.5273	-0.16932	-0.042448	0.18564	0.50892
1.5111	1.9737	0.87676	1.2741	-0.28922	1.4316	2.2084	1.2853
0.72701	2.0493	1.4819	0.39894	0.087281	1.2686	1.5447	0.93461
1.3542	1.7606	0.4231	0.79372	0.77714	1.1615	2.0904	1.7134
0.71727	0.80996	0.57288	-0.27838	-0.23793	0.1467	0.53055	2.8543
0.91067	1.4496	0.41268	1.1073	0.80403	1.625	1.2627	0.83824
1.4606	1.4861	0.85731	1.9052	1.6129	1.8115	1.668	1.011
0.65347	1.0268	1.6305	0.27786	0.99642	1.2225	0.87014	0.73339
0.90255	0.70393	0.40902	1.3778	1.361	0.44772	1.1559	1.0506
0.88043	1.7982	1.4284	0.93867	1.3207	0.89721	0.58842	1.1203
2.1367	-0.47452	1.1658	1.4064	1.0789	1.1783	0.37231	1.7697
1.3416	2.1047	0.80409	1.2435	0.33307	0.61264	1.0797	0.90236
0.31589	1.1541	0.90116	-0.14624	1.3279	1.2704	1.0116	1.2222
1.8401	0.66661	2.189	0.64498	1.6336	0.58748	2.672	3.6458
0.74607	1.5981	2.7011	1.9456	1.1907	1.059	1.7413	2.6882
0.91508	1.8667	0.6673	1.2295	0.77327	0.79704	0.94638	1.9682
-0.30814	1.8849	1.0878	1.6593	0.15582	1.0302	0.97734	1.5931
1.4762	0.59266	1.6011	1.6118	1.4152	1.1953	0.94787	0.52788
0.88348	1.6816	1.396	2.961	2.4723	0.54288	1.1003	1.0435
0.28298	4.5103	1.0561	-1.3744	-1.0056	-1.4567	-2.2565	0.16596
1.0649	2.015	-0.83992	0.23481	0.28995	0.95474	1.0578	1.0675
0.47007	0.72462	1.6628	0.34918	1.3436	0.97901	0.22421	0.23294
0.73013	0.38241	1.5639	1.2388	0.6781	0.48171	0.53033	0.50277
0.68489	1.5462	0.38581	1.3064	-1.1899	1.011	1.5866	1.9494
1.7163	0.61603	0.397	1.7299	1.625	1.026	1.4685	1.5131
0.36198	-1.1327	0.51159	0.66914	2.4324	1.7652	0.18603	-1.0694
1.2991	1.0008	1.5583	0.64046	1.511	0.68541	1.8322	0.45714
0.50351	1.9033	0.4187	1.2429	0.60332	0.12661	0.22102	1.4646
0.049476	1.6619	3.1353	-0.22425	1.0209	2.1582	1.7052	1.5594
1.5757	1.367	0.91256	0.74431	-0.24696	-0.65414	2.8027	0.43422
1.0236	0.79204	1.3064	1.4307	0.5888	0.35256	0.64921	0.32543
-0.21486	0.90559	1.4734	3.1612	-0.22773	0.96303	-0.24955	0.49023
-0.40269	0.47478	1.4762	0.98483	2.6033	1.9132	1.1666	-1.1026
0.11205	1.1313	1.4139	2.1948	0.95451	0.89152	0.63619	1.1501
1.0416	1.2118	1.1326	1.2072	1.1076	0.58146	0.73182	1.2202
2.4227	0.76436	-0.46844	0.5849	1.8571	1.6332	1.7336	0.2444
0.76738	0.43736	1.4411	0.20869	1.2795	1.7203	0.98216	0.55436
0.9129	2.0187	1.301	-0.11538	0.22909	2.2052	0.47151	1.2602
0.66385	1.4018	0.82391	1.3704	1.5609	0.82243	1.463	0.72974
0.235	0.29654	1.0609	1.5643	1.6852	2.5459	2.2176	0.69189
1.2553	2.6311	1.1074	2.0832	2.4176	1.4272	2.6762	0.83749
0.94716	2.1106	1.1547	1.8527	0.38286	0.44864	1.5342	0.64976
1.801	-0.64334	0.48464	0.93737	1.9783	1.8156	0.69803	1.0143
1.573	-0.094342	1.2958	0.14154	0.90534	0.76046	0.33293	0.78016
1.5724	1.0139	1.5758	0.56961	0.36472	0.80927	0.078125	1.5533
1.2112	1.4244	1.0616	0.75096	1.5467	0.28769	2.3227	2.5018
1.1787	0.064115	-0.045006	2.6867	1.1066	0.73267	0.29535	0.032629
0.71762	1.2632	0.81999	0.24337	1.1939	1.5239	1.0685	0.52869
0.62291	0.30262	0.75593	1.5634	0.87886	1.0835	1.5267	1.3596
1.3857	1.2938	0.29169	1.0717	0.98428	1.5735	0.66158	1.0076
0.2482	1.6942	1.0038	1.2363	0.073862	0.17762	1.5726	1.7089
1.997	1.8015	0.93378	0.68664	0.43368	1.3125	0.25524	-0.52367
0.39756	0.73298	1.2133	1.589	0.50507	0.87646	1.0012	0.86087
0.38603	0.76916	1.7793	1.0154	0.60049	1.2047	2.2986	1.7883
0.60864	0.97605	1.4161	0.50201	0.18148	1.3462	0.73759	0.58613
0.24392	0.9532	1.0876	1.7579	1.3263	-0.53931	0.96281	1.7771
1.0471	0.43932	0.57339	1.0075	1.4273	0.83431	-0.17591	1.0168
2.1277	1.2721	1.9881	-0.65869	1.4692	0.86063	1.1746	1.2827
1.0937	1.2791	0.2882	1.762	1.596	1.5602	0.31184	1.0728
2.0559	1.4228	1.3959	1.4628	1.388	0.65525	0.93425	1.5575
1.305	0.71032	0.9556	0.45998	1.2043	1.6206	0.03268	0.88839
2.0477	-0.54367	0.72014	0.80093	1.8864	1.9644	0.012172	1.0564
-0.37829	0.73891	0.96764	0.86057	1.6441	1.1072	0.63717	0.5894
1.5164	0.30942	1.1313	0.30601	1.5484	1.4601	2.1702	0.65852
0.25154	0.87942	0.49028	0.92964	1.8508	0.87856	1.2637	1.2587
2.3045	1.9145	0.40858	1.3562	0.12932	2.5649	0.96004	1.3843
0.74923	1.403	0.080613	0.77988	1.2243	1.4173	0.36861	1.138
0.059565	1.5014	-0.15557	1.4637	0.9738	-1.1303	2.3262	0.40512
0.71495	0.44514	1.2023	1.1121	1.0625	1.9237	2.0906	0.31491
0.37694	-0.1306	0.82677	1.2519	1.0931	0.88841	1.1202	1.2773
0.87941	1.1475	1.1248	1.5013	0.57141	1.8111	0.38524	1.3104
0.70208	1.5257	1.0729	1.4018	0.6098	1.1292	1.8097	0.52126
-0.45855	1.8025	0.055978	0.64433	0.89964	0.81651	1.1371	0.63261
1.2584	0.71042	2.0001	1.8653	1.6198	0.37341	0.77862	-0.7386
0.74135	1.5467	0.21283	1.8787	1.5824	1.2664	0.36462	2.765
0.17773	1.2005	0.84191	1.4853	0.87347	1.3431	1.5037	0.50195
0.85043	0.72472	-0.24237	1.7629	0.85747	1.4079	1.6635	1.8437
1.6443	2.6411	1.3838	1.5436	2.3255	-0.50553	2.2802	2.8095
1.633	0.59833	2.0778	1.0716	2.1917	-1.2717	1.0137	1.4879
0.78372	0.56377	0.98044	1.1393	1.5443	0.23675	0.63204	0.2408
0.6753	0.79508	0.97209	1.3759	0.59688	2.027	1.0746	1.1212
1.4699	0.80468	0.43414	1.3972	1.4165	0.18703	3.2194	0.5361
-0.044046	0.42301	2.7412	-0.19443	-0.63953	1.1657	2.594	1.5105
2.9381	0.78087	1.0356	1.2225	-1.3856	2.2493	2.6021	-0.48566
-0.58315	1.6457	0.22131	-0.65993	1.4574	0.024671	-0.071773	0.80288
2.548	0.8446	2.5591	0.81628	1.1302	1.3546	-0.14052	0.51789
2.6456	2.5324	3.1603	4.0757	-0.19897	1.299	0.23342	0.70844
1.2559	0.721	1.247	1.0334	1.615	1.5306	1.679	1.1763
0.92242	0.57289	0.85277	0.81049	0.06741	0.99727	0.7685	1.5153
0.98974	0.16136	0.42091	1.0867	0.64998	3.3303	0.92022	0.36569
-0.45257	0.89939	0.81025	1.1414	0.24256	1.0638	0.6624	1.8095
1.4876	1.8755	1.4957	1.3812	2.2939	1.0855	1.0107	0.38759
1.1425	1.06	1.0254	0.66498	0.65113	1.7507	0.95917	1.1162
0.69441	2.0192	0.070135	1.8814	1.7248	1.9487	0.76856	0.46559
1.2215	1.4131	0.80339	0.79981	0.18788	0.25141	0.32064	0.4641
0.497	1.4345	1.5346	1.6546	1.2515	0.82555	0.59293	1.6104
2.3314	0.89538	-0.063832	0.55167	1.4579	2.4042	-0.37034	1.8392
2.1501	1.4152	1.2011	1.4528	0.413	0.56421	0.28351	-0.3901
1.7257	1.0241	0.088987	3.1393	0.74924	1.782	-0.26894	2.4042
2.1328	0.79845	2.8913	2.0166	2.2453	1.6325	1.4098	0.59305
3.726	1.2	0.37053	-0.36407	0.74995	0.24565	1.3515	1.8479
3.7282	2.0997	1.9883	1.5219	0.60005	1.0286	0.86148	1.5682
2.1196	0.19123	2.0733	0.28475	0.048128	0.12672	1.1043	1.1021
0.71034	1.0615	0.50181	1.3463	1.1585	0.68413	1.7137	1.1288
2.1666	0.091446	1.2829	0.077076	2.6834	0.90926	-0.18713	1.3977
1.5173	1.2065	0.76565	-0.3509	0.81681	0.76871	2.6091	0.61841
2.7842	2.4043	2.5059	-0.23426	0.85294	1.6686	-0.075392	-0.69688
0.87709	1.2295	1.575	0.47027	1.1015	1.4315	0.87341	2.306
1.2753	1.3858	0.50049	1.0358	0.83919	1.4875	0.89505	1.2153
1.2868	0.53607	0.797	1.5197	2.1948	1.0128	0.513	0.89752
0.44234	0.89589	1.5917	0.011231	1.7406	0.89864	0.30988	-0.28047
0.24191	0.78201	0.88777	2.0661	-0.28878	1.5097	1.0652	-1.0446
0.6625	0.24217	0.99352	1.3822	0.80614	0.49006	1.4413	0.35783
-0.46137	0.38754	0.51342	0.87912	0.44795	1.3564	2.5196	0.66061
1.164	0.085829	2.1567	0.58293	1.2283	0.95665	0.75809	1.2398
2.8492	1.9587	0.42752	0.92574	0.93568	1.149	2.8883	0.90375
0.84717	1.242	0.83099	0.1508	0.98604	0.5265	1.9711	1.051
1.0719	1.3576	1.4899	1.8686	0.94892	0.88643	1.5093	1.8371
0.5379	1.0977	1.1598	0.72254	1.7149	0.59399	0.66041	1.765
0.79455	1.5237	2.9347	1.5222	1.144	0.28775	2.3622	1.9898
1.0003	1.4748	-0.092014	0.74203	2.0868	1.3453	1.2679	0.21671
0.3583	1.1654	1.37	0.43286	0.49533	0.85399	2.2025	-0.052887
1.2871	0.93623	2.4351	2.7918	0.98839	0.63857	1.1321	1.2793
0.68427	1.1832	2.6672	0.050601	1.1449	1.6914	0.42806	1.4351
0.68301	-0.080747	2.636	1.6566	1.0869	0.57503	0.18476	1.221
0.80939	0.98555	0.88306	0.53256	0.77403	0.18825	0.78093	1.302
0.50019	1.4952	1.2268	0.80908	1.8046	0.87263	0.22327	0.74642
2.9421	2.3175	1.8122	1.4747	1.2419	1.5373	0.98338	0.40632
1.2133	1.0472	0.56707	0.21456	1.5567	2.8002	1.7957	0.074757
0.71523	1.747	-0.45694	0.071629	0.79187	1.3948	1.4173	1.3411
0.86789	1.1081	0.23053	0.91419	0.8019	1.2133	0.96632	0.28782
0.54979	3.1886	0.41488	0.19323	1.7245	1.1842	-0.258	0.51003
0.88773	1.0447	0.62395	-0.099435	0.52642	0.97453	1.6472	1.9389
1.4287	0.87041	0.83616	0.5833	1.5781	0.88795	1.3632	1.1505
1.3685	-0.021861	1.922	0.6903	0.88844	2.4372	1.1082	0.16547
1.6247	1.3166	1.9528	0.10524	2.4404	2.7186	1.9087	1.3597
0.26592	0.77018	2.0647	0.39804	1.9179	2.4558	-0.30588	1.9442
0.46164	1.489	-0.54019	1.814	0.30757	2.6674	-0.15059	1.7649
0.40165	0.41226	1.7165	0.14002	2.4213	0.72097	1.1454	2.3879
0.62128	1.2663	0.75805	1.535	1.3369	1.3792	0.76719	0.39905
-0.17874	-0.027225	2.6771	1.4734	2.9521	1.5993	0.84763	1.4678
0.45335	2.3522	3.1528	0.16111	1.1377	0.87462	2.4883	1.37
0.81891	1.5815	1.1305	1.5075	0.9002	1.8593	1.0128	0.35311
0.45494	0.35292	0.26096	0.8639	0.69662	0.88009	1.5993	1.3722
-0.75385	1.6305	-0.78771	-1.0833	-0.13102	1.37	2.9718	1.0857
1.1996	0.8984	1.7055	0.94587	-0.234	0.97626	1.3794	1.131
1.961	0.85388	0.98198	0.92434	1.3378	0.32859	1.2206	-0.48999
1.0408	-1.4803	2.7653	-0.38628	1.946	1.3122	0.59533	-0.78374
1.3089	0.71468	1.2368	1.087	0.14632	0.13583	0.51767	0.96868
0.88248	0.14183	1.8836	0.59922	0.31001	1.3596	0.019467	2.195
0.82	1.48	0.57362	0.17224	1.4505	0.60072	1.3263	1.7144
-0.5214	1.8567	2.0463	1.6814	1.6309	0.50632	1.4885	-1.3651
0.80785	1.371	0.71228	1.7436	1.0076	1.5184	0.84355	0.93397
0.85907	0.85347	0.90715	1.079	0.73353	1.0825	0.26885	1.8141
1.5138	1.0422	1.7512	0.8364	0.6606	0.88444	-0.46054	-0.28672
0.50467	1.557	0.88201	0.27732	0.53359	1.253	0.74686	1.0773
0.51806	0.60505	-0.81618	1.6945	1.5667	0.84928	1.6806	0.34976
2.2281	1.4359	-0.24977	0.23712	0.98968	0.97586	-0.92625	1.1269
0.29405	1.5286	1.6117	0.49713	1.6711	1.0402	1.6673	1.0783
0.82073	0.21411	0.11845	1.7921	-0.018354	1.4029	1.4089	1.0772
1.68	0.41782	1.2083	0.30281	1.5067	0.18255	0.35729	1.4529
1.7108	1.1884	0.50937	0.93245	0.58384	0.28566	3.0132	1.9245
1.0485	-0.2811	1.2288	0.26291	0.91367	0.58208	1.4198	0.2003
1.1828	0.77852	1.2097	1.0565	1.3783	1.5882	0.5757	0.51232
0.4631	1.927	-0.10829	1.5542	-0.83373	0.34832	0.3714	0.31591
0.14383	0.60651	-0.29695	-0.13107	-0.75263	1.1299	2.1879	0.687
0.62048	0.71168	0.71701	-0.71638	1.2735	0.72347	-0.026	2.8654
1.3894	0.97628	1.7432	0.99398	0.4159	1.181	0.0061999	0.15591
1.3314	0.28939	1.448	0.55649	0.66027	-1.2843	0.587	1.4449
1.5163	0.61836	0.92402	1.1727	1.5709	1.07	0.13575	1.1763
1.611	2.5636	0.59331	0.41861	1.8573	1.3521	1.9697	0.75099
3.5454	-1.6394	1.6937	0.62732	1.1706	1.9262	0.99265	-0.0015864
1.7555	1.7017	1.5205	0.72735	0.99981	0.77598	1.1527	1.6896
1.7837	1.1259	2.2119	3.6441	1.6601	0.70514	1.3203	1.2054
1.3487	0.46763	1.1879	0.65799	0.95771	1.7152	-1.1597	-0.026543
0.28873	0.97853	1.5007	1.8804	2.0301	0.050821	0.25931	2.0373
0.82699	0.90569	1.3633	2.0086	0.95874	1.4011	0.38724	1.0899
0.02066	-0.74158	0.46571	2.7819	1.5623	-0.0094191	1.4769	2.1832
1.8767	1.3728	0.95476	1.3479	1.1883	2.2729	1.3433	1.0677
0.64581	-0.55309	0.11831	1.1429	-0.23421	1.4249	0.94095	0.17064
2.0137	3.0268	1.2698	0.91623	0.6507	1.6657	1.3899	2.9129
1.0508	0.88726	0.94554	1.122	1.1049	0.59846	1.7415	0.27953
0.68386	2.0201	1.4847	1.2585	0.75124	0.96647	1.2043	0.20829
1.0004	1.8919	0.79296	1.2033	0.2803	0.21516	0.51198	0.84647
0.84126	0.51255	0.44545	1.4297	0.79988	1.2365	2.0066	1.2753
1.2895	1.036	0.57241	2.2207	1.5027	1.4737	1.9577	0.67455
1.7743	0.19011	3.1774	-0.4387	0.7234	0.17885	0.87554	0.053049
1.7297	0.60133	1.5376	0.62543	1.7964	0.3051	1.0521	0.76466
0.80482	1.149	1.3426	1.5933	2.2587	1.8935	0.87606	-0.074705
0.13934	0.46193	0.58713	0.32963	0.7763	1.3831	1.9198	1.389
1.0731	2.1975	0.81828	1.085	1.541	0.85383	0.73609	2.1764
0.79881	-0.44028	0.76053	2.209	1.5531	1.3018	-0.29482	1.6086
1.3059	0.24445	0.43056	0.50153	1.4284	0.56161	1.0095	0.82844
2.0949	-0.43911	1.8163	0.40901	-0.27259	0.73332	0.030484	0.23481
0.85555	0.8673	1.7965	1.1544	1.064	-0.27941	0.92855	0.26998
0.62711	0.66179	0.078229	0.048242	1.2125	-1.9549	1.7568	1.6001
0.87206	0.42482	0.1192	1.028	1.9752	1.1504	0.7596	0.46478
1.6378	1.826	0.99586	0.66739	2.0219	0.9196	0.040451	2.2163
1.7665	0.63118	-0.0046176	0.16844	0.86383	0.99482	0.32525	0.72519
0.48029	1.7056	1.7269	0.63021	-0.0957	-0.79059	0.17997	-0.334
0.52089	1.2494	1.1026	1.3899	2.2458	1.6068	2.1169	1.7732
1.4832	1.2685	-0.22635	1.4545	0.14801	0.81035	0.60791	0.036614
0.5628	1.051	1.2943	0.91035	0.15664	1.1096	2.0696	0.99012
0.7734	1.2074	0.79057	0.32765	1.2694	1.0169	1.6066	-0.31681
0.75186	1.2026	0.35065	0.35925	-0.44917	0.071693	2.0521	-0.032278
2.0707	2.0708	3.2555	1.3015	2.2241	3.5099	-1.1954	-0.35785
1.4415	0.46588	0.67699	1.6902	1.2738	0.95679	0.2175	-0.032256
1.5452	0.93036	0.35331	0.11432	1.7526	0.84468	1.2094	0.98318
1.3902	-0.87066	1.7645	0.46924	-0.20011	-0.22205	1.0246	1.0026
0.76171	0.11371	0.96881	1.0946	0.22435	1.0125	1.264	1.3837
0.54589	0.49653	0.91144	0.65288	2.2625	0.71522	-0.03802	1.3059
1.3779	0.85498	1.1372	0.29658	1.1027	0.43258	1.2642	1.4212
1.9365	0.67332	0.54905	1.4963	0.49385	0.99113	0.9873	1.3256
2.9316	0.95801	0.92809	0.65739	0.20753	1.5963	-0.1167	0.22385
1.1681	1.5626	0.35836	0.36438	0.50707	2.2541	2.4861	1.1642
1.2121	-0.36722	1.9111	1.3188	1.9172	2.1227	-0.98814	0.58086
-1.4284	-1.5763	5.4683	1.3228	-1.6661	1.7828	1.156	-0.55079
0.5858	0.98404	1.5268	-0.12182	1.054	-0.86816	1.6699	0.88144
0.49099	1.4666	0.24546	1.4617	1.0897	1.4182	0.65722	1.1476
0.72984	1.7137	1.8552	2.6008	0.42371	0.68922	1.706	1.6911
0.9561	1.5149	1.4722	1.387	0.78738	0.88294	1.2723	1.4093
0.71835	0.50723	1.1052	0.28842	0.98974	0.7212	1.9223	1.5659
0.56602	0.34106	0.70055	0.67332	0.99284	1.2203	1.0513	1.23
1.1027	0.59744	0.46003	1.9274	1.3811	0.97742	1.7154	0.078389
0.64733	0.9	1.1766	0.62939	0.89257	0.38643	0.92768	0.92387
3.1383	2.7622	0.49842	0.43239	1.0803	1.8607	0.24096	-0.58247
0.036813	1.1661	1.0049	1.5759	1.5818	0.49949	0.46102	0.68133
0.78899	1.3419	0.91957	0.64973	1.3855	2.3893	2.2173	-0.28348
0.7444	-0.088029	1.1829	1.0577	1.5651	1.4359	-0.60396	1.9185
1.6404	1.452	0.98958	0.6651	0.65571	0.17081	0.73342	1.9997
0.74378	0.29263	2.1139	-0.36421	1.2942	0.34133	0.994	1.3533
0.44925	0.93012	0.89054	1.1867	0.42477	0.33087	1.5405	1.0956
0.58189	0.82827	0.27423	0.93445	0.64593	0.89367	1.3144	1.1001
0.47875	0.98709	1.5829	0.22535	0.93528	1.172	1.4645	1.7345
-0.86993	1.2972	-0.28858	2.8979	-0.48307	0.3522	1.5005	1.7389
1.4803	0.85921	1.3603	1.298	0.2013	1.2	1.2211	1.4766
-0.019603	-0.34214	0.95177	1.1891	1.1959	0.83328	1.1598	1.3458
-0.031825	1.1051	0.99859	0.7889	0.99851	0.33909	1.3043	1.3324
1.3805	1.1627	0.83985	1.6598	1.4365	1.2253	1.1272	0.66828
0.20723	1.5864	0.91392	0.3217	0.42759	1.8964	0.58544	0.18508
0.73038	1.4613	1.4094	0.27757	0.83452	2.4159	1.2188	2.1767
2.0438	-0.27394	1.1316	0.7897	1.8813	-0.025489	0.078877	0.87843
1.0917	0.14824	2.1791	1.5619	1.5618	0.77098	1.2231	0.59161
0.55457	0.66916	0.85018	0.60399	0.63967	1.3054	0.54212	2.2552
-0.32057	1.4088	0.62178	1.0973	0.89229	1.085	1.2502	1.8378
1.3603	0.64341	0.35561	1.7588	1.9827	0.81199	0.94438	1.4241
2.1761	0.75443	2.1825	1.3173	1.5155	3.2688	0.74502	1.4678
0.61802	0.012564	0.48895	1.9299	0.45135	0.55393	0.96064	2.0776
1.6869	0.22419	0.40674	0.99288	0.48363	1.5538	1.3157	1.0273
0.63167	-0.093679	0.13546	0.8802	0.62646	-0.40365	0.86462	2.8181
1.3028	0.51104	2.5018	1.7064	1.1289	1.2697	0.98423	0.71211
0.84974	-0.33906	0.31287	0.46596	0.038197	0.81588	2.0063	-0.68401
0.75175	2.2058	0.63092	3.1236	-0.7099	1.844	0.46404	-0.85452
0.99515	1.0216	1.7673	0.5352	1.1169	1.1782	0.24374	1.0217
0.23482	0.89302	0.076158	0.54926	0.31435	1.9689	0.027893	1.7748
2.075	-0.010385	2.9877	0.40038	-0.076439	1.7489	0.78953	0.4863
0.36683	0.45037	-1.405	2.3404	2.0236	0.28906	0.83955	1.4126
1.5783	2.8429	1.505	1.0852	1.7685	2.1639	1.7931	2.3211
1.7329	1.1651	0.82949	1.0281	1.6314	1.344	0.92512	1.1701
2.2919	0.94981	0.40602	1.9337	1.7535	0.85456	0.33215	-0.21816
1.297	0.81481	0.6086	1.2333	1.3654	0.42896	1.4603	0.82986
1.5396	0.45665	1.1708	1.476	1.6508	0.31918	1.6442	1.9344
-0.54058	2.161	2.4218	1.2434	-0.36552	0.25288	0.76334	2.398
0.99315	1.0355	0.99691	0.99068	0.9961	0.98992	1.0368	1.0235
1.6183	0.99389	0.69991	1.0716	1.3731	1.0872	1.3898	1.0592
1.3873	0.81384	1.0812	-0.6221	1.411	1.7232	2.3912	1.9997
0.62347	0.43747	0.69127	1.5599	0.26308	1.2786	1.2336	1.4363
0.62497	0.51837	1.7524	0.68754	1.3601	1.7456	0.94292	0.016493
3.7633	4.837	1.0194	2.0364	2.4281	4.4199	1.7132	0.35358
0.98641	0.078822	0.10448	0.98622	-0.42533	-1.7732	1.6793	1.328
0.39163	1.3916	1.538	0.29922	0.67316	0.82538	0.60733	1.4604
0.92898	1.3062	0.50329	1.3999	0.99764	2.0294	1.459	1.203
-0.40021	-0.051865	1.4478	-0.20637	-0.15557	1.2548	1.5632	0.34229
1.2041	1.3462	0.34971	1.737	2.0041	3.2938	1.6912	3.2958
1.5052	1.1056	1.6691	0.76461	0.72883	1.0388	-0.12189	0.93334
0.64134	1.538	2.4241	0.69908	0.78033	1.1743	1.6888	1.404
0.71078	0.92658	1.6842	0.80366	1.6208	0.87394	1.3042	1.6349
0.60261	1.5618	1.2129	0.13956	1.223	1.0439	1.9582	0.57638
0.77052	0.92174	1.3639	0.34762	0.47297	1.0183	0.88132	0.86686
2.4761	2.4927	0.50076	0.89028	0.16752	0.16608	1.867	0.70753
0.55783	-1.1303	1.6625	2.9628	0.6867	1.6138	-0.26031	1.9623
1.7486	0.77132	0.68702	0.44192	1.8045	0.99461	0.54437	1.8643
0.91005	0.82131	1.2946	0.53483	1.3063	0.99231	1.5962	-0.27735
1.065	1.4	1.3399	1.0302	0.97069	0.94709	1.565	1.7208
0.73834	1.241	0.99041	0.20493	1.3115	1.6617	0.45005	1.4838
1.5622	0.26247	-0.62876	1.5234	0.58695	1.4062	1.2539	0.57958
0.45243	0.62048	1.0764	1.516	2.7444	3.1518	1.8054	1.4251
2.9184	0.63193	1.8744	1.4355	2.3484	1.2956	2.2635	1.6866
1.0864	1.1381	0.72415	0.78861	1.3972	-0.22127	1.4646	0.29867
0.98435	1.2337	1.6973	1.1194	0.78242	0.1977	0.98318	1.2833
0.51063	0.22788	1.1626	0.60899	1.2883	1.3752	1.464	0.53804
-0.16232	2.7022	2.0153	-0.88368	1.6991	0.41231	1.4932	1.6966
0.61885	-0.83575	-0.68132	1.7501	1.0633	2.3523	1.2304	1.144
2.0416	1.4809	0.88786	1.2209	0.54753	-0.49231	2.3697	1.1037
1.8721	0.055995	0.37996	0.88636	1.6663	1.2	0.39635	0.58096
0.89968	0.52937	0.89813	0.85585	2.4149	0.98763	1.4292	0.41329
0.50773	1.8329	-0.0091882	0.30775	1.5909	1.7815	-0.64709	0.84361
2.7908	0.58626	2.6841	1.1312	0.25884	1.0912	0.65026	0.40436
0.88362	0.66744	0.39815	0.34789	0.98586	0.062094	1.7552	2.1104
-0.19056	0.62668	2.4188	1.9293	0.91178	2.1708	0.37312	1.4871
1.7306	1.6063	1.662	-0.50461	1.1006	0.7333	1.6315	1.0225
-0.097569	0.077992	1.7779	-0.67179	0.84222	1.0072	-0.49722	1.1103
1.2805	1.5963	0.84125	0.79323	0.22674	1.0767	0.06635	0.39546
1.3083	0.18576	1.2788	-1.2469	0.86741	0.72521	0.53316	0.079104
1.7594	3.8902	-0.06553	1.4486	1.9473	3.033	-0.90728	0.050445
1.1434	1.6335	0.70409	2.5699	2.2775	-0.1781	1.1312	-0.12218
1.2194	2.5323	1.5204	-0.62186	1.0853	2.0528	1.1736	-0.031394
1.5489	0.87467	0.76207	1.2201	1.714	1.0597	1.3808	1.0667
1.2382	1.4109	0.30388	1.2454	0.38841	1.0554	0.16954	0.77362
0.85475	0.097306	1.512	1.4742	0.10201	0.94159	1.026	1.0196
0.8354	1.7122	0.27921	2.8504	1.117	1.0749	0.98553	-0.30518
1.2435	1.2749	-0.19305	0.73958	1.4315	-0.033407	-0.58975	2.6149
-0.6126	-1.3249	2.3723	1.0168	-1.6172	0.080086	0.18476	1.0272
0.73536	0.67962	0.96477	1.5411	1.0825	0.95038	1.4398	-0.50837
1.6724	1.8719	2.8623	1.4279	1.6264	1.1073	2.2013	2.148
0.30303	0.74258	1.4046	0.44061	0.36769	0.42905	0.97219	1.2393
0.93527	0.98225	0.94374	0.93382	1.5897	1.3226	1.5968	0.60995
0.91543	1.8413	0.54882	0.29037	1.1343	0.20379	1.3442	0.38477
1.1658	1.1942	0.16846	0.42979	0.57214	1.2639	0.92186	0.9298
0.96285	1.092	1.1972	1.3535	1.4937	1.4902	1.4825	0.31169
0.76516	0.68833	1.3745	0.40686	1.3622	1.6589	1.1311	1.6535
1.4134	1.8729	0.54349	0.85653	0.70725	1.9441	0.64799	1.106
1.0914	-0.4037	1.207	2.2572	0.54338	1.2481	0.68211	0.37954
1.2856	0.7163	1.0489	0.84999	1.1348	1.6392	1.0531	0.45399
1.3779	0.85601	1.2415	-0.12094	1.6622	0.79284	1.2912	0.22749
1.2093	1.041	1.0193	1.6812	0.81386	0.49336	0.22743	1.2314
0.33768	1.2637	0.97932	0.40417	1.1065	0.40686	1.5085	1.0744
0.031916	1.5437	0.4355	0.87022	1.6236	2.4913	1.4122	1.9718
1.2937	-0.59702	1.6634	1.8494	0.2882	0.9943	1.5007	-0.31024
1.2371	2.1442	1.7586	1.1067	1.0661	1.0807	1.2878	0.81889
1.7036	0.17519	0.72742	0.75162	0.99198	1.4996	1.0926	1.5592
1.0892	1.6637	0.92653	1.3775	0.3067	1.2646	0.75	1.3796
1.4555	0.50103	0.65945	2.3541	0.031887	0.70267	1.0251	0.017833
1.2167	1.1722	0.70441	1.4426	0.64823	1.1673	0.47739	0.92702
1.4432	0.58154	2.076	1.5428	1.8422	0.74291	0.023381	0.83901
0.69253	1.8869	2.5455	2.2044	1.2755	0.66561	-1.2912	4.8068
1.9184	0.82388	-0.39388	1.8913	0.45706	1.1844	1.4477	2.491
0.48343	0.7665	1.625	1.0067	0.87961	0.86669	0.50063	0.90197
-0.70765	-0.29948	2.0891	2.1547	0.29604	0.16228	0.85511	3.7331
0.8477	1.3729	2.0824	0.15668	1.3951	1.4513	2.5594	1.4734
0.97358	0.33972	1.247	0.95477	-0.27285	2.0728	1.2897	0.29464
0.91956	1.0355	1.5757	1.9002	0.63294	1.3743	0.22045	3.9497
1.6848	1.2151	1.8437	1.5251	1.4182	1.1979	1.5745	1.497
0.64549	1.4045	1.6455	0.78349	2.8379	1.3737	2.1833	1.0366
1.7428	2.0057	1.2526	1.5768	1.9297	-0.22379	3.0028	1.2523
-0.78356	1.0664	-0.4042	0.95582	2.6664	-0.85427	0.59556	-0.30807
2.3813	0.38441	0.45879	1.0754	0.98428	-0.1321	1.2358	-0.22347
0.41002	-0.99659	1.0674	-0.021649	0.753	-0.028667	1.9841	0.9246
1.1319	1.7642	0.99133	1.6015	0.77413	1.671	1.4451	0.98115
0.91773	0.66341	0.65523	0.32968	1.0216	1.244	0.72066	1.6892
1.3795	1.9981	-0.31609	1.3706	1.5026	0.88791	1.8374	2.1871
1.3112	0.76434	0.59972	1.3566	1.3398	1.6426	1.5157	1.744
0.71937	0.35122	2.1485	1.5567	2.4752	1.2759	0.80715	0.97891
-0.10329	0.55606	0.98625	0.36914	2.6698	-0.25956	1.2434	0.92627
1.0873	1.5617	1.5131	1.9427	1.2868	1.8001	1.4251	1.8794
0.92153	0.47742	2.6038	1.3829	0.71324	-0.15266	-0.16504	1.6297
1.0815	0.25815	-0.3037	0.67681	0.88765	1.4811	2.3485	1.622
-0.21864	0.74839	1.1832	-0.21996	-0.33096	3.8384	-0.88059	0.68997
2.275	3.1723	0.54596	1.8101	1.9649	2.3416	-0.043527	2.3764
0.73556	0.36347	1.9362	0.93701	1.3258	1.1957	1.437	1.2633
0.74475	0.83627	0.32688	0.87171	0.6306	1.737	1.6339	1.5365
0.48108	-0.84469	1.6102	0.46959	2.2919	0.75966	1.7159	0.86355
0.78032	1.7931	0.50404	5.2319	-0.43452	1.0174	-0.70491	-0.74936
2.2857	0.085046	0.095907	-0.0044695	2.0369	1.6267	2.0343	1.2622
1.1227	0.62892	0.7713	1.2975	0.88796	0.45284	-0.26055	0.96684
-2.3663	1.3853	1.521	-0.13908	0.16307	-0.099942	2.5042	3.1134
1.482	-0.019868	1.3663	1.5536	-0.0022814	1.5575	1.4255	0.84598
1.0307	0.50141	0.74825	0.74661	-0.20851	-0.07956	0.22319	-0.37888
1.1738	1.0939	1.2322	0.77502	1.3306	1.5592	1.1765	1.0457
0.90766	1.1673	0.43521	0.52249	0.94103	1.2038	1.0622	0.40042
4.2932	0.95227	0.71521	1.0966	1.2511	2.2577	1.9696	-0.026233
1.0889	1.8352	1.2805	1.6654	0.32674	-0.053603	0.60229	1.3009
0.31082	0.59747	-1.0425	1.3264	1.0732	2.8864	-0.0050458	0.79
1.5226	0.55903	-0.48575	0.66621	0.094026	0.97384	0.22445	0.47187
0.87893	2.3105	2.3349	0.13628	0.60691	-0.21121	1.119	0.12649
1.3809	0.98694	2.4994	1.2011	2.275	1.1909	1.3675	0.58991
0.87089	1.0874	0.97842	1.3989	1.0849	0.99371	0.58578	1.8304
0.55294	1.7726	1.3095	1.5106	1.2587	1.4232	1.0266	0.84431
-0.2175	-0.6938	4.1758	2.2263	1.3642	3.0711	1.7467	0.3561
0.98196	0.25099	0.49074	0.76375	1.4088	1.3207	1.2926	1.1983
1.4016	1.7179	1.5412	0.092252	0.70351	0.99123	0.95965	2.3782
1.2927	1.0947	1.2655	0.57625	1.4587	0.84816	-0.18773	2.8951
-0.10121	0.58794	1.49	0.76339	0.69004	1.1802	1.1156	0.94866
1.0032	1.4738	1.0823	0.27613	1.1928	1.6921	1.681	1.9433
1.7812	0.9566	0.48168	0.78469	0.52223	0.058981	-0.34184	0.15912
0.87202	1.0862	-0.017138	0.82274	2.4123	1.2401	1.3233	0.77648
1.0298	1.4641	-1.7	0.14031	2.4262	3.5784	1.2893	1.9543
2.0363	2.0783	1.2258	2.0618	1.902	-0.22251	2.5892	0.18276
0.9539	0.89274	1.7248	-0.70426	1.7013	1.2415	2.0222	1.0367
1.8062	1.6102	0.22169	1.2404	1.6038	1.2331	2.4296	-0.40416
0.71572	2.2522	0.86824	1.5279	1.5607	0.39142	-0.013067	0.85461
0.94348	0.95326	1.9721	0.14683	0.35004	0.77362	1.0685	1.7176
0.85872	1.0112	0.96096	-0.34204	1.4468	1.879	0.33619	1.2784
0.84061	0.39671	1.803	1.2786	1.7331	1.4605	0.78124	1.103
-1.5006	-0.70848	1.012	0.28453	3.0533	-0.78615	-0.39445	1.4568
-0.39321	0.73137	1.0262	0.11708	2.2336	-0.3811	1.4931	1.6486
0.51946	1.6481	1.1008	1.1123	1.8277	1.5902	1.9674	0.97796
0.72987	1.432	0.81378	0.57249	0.85139	0.95694	1.4305	0.17806
0.67151	0.81133	0.50195	0.99544	0.17997	2.2805	0.52741	0.66162
2.6798	-0.014688	2.4765	1.309	1.731	2.2328	1.9568	-0.098241
1.4301	-0.47542	2.1455	-0.073184	1.1779	1.2066	-0.35369	0.3485
0.50929	0.78341	0.40764	0.97455	0.33822	0.73659	0.87747	1.2828
1.7042	1.3798	0.46295	0.64033	0.77405	1.5541	1.3375	0.6882
0.56382	0.70856	0.69754	0.47541	2.0381	0.3108	0.57293	-0.68653
1.0033	0.92373	0.49262	0.40639	0.82563	1.1205	0.4278	0.8973
1.2586	-0.30459	-0.23108	-0.10078	0.94771	0.69847	2.0671	2.0315
0.59138	1.3502	2.5117	2.2958	-0.1344	1.2679	0.46882	0.43072
1.6839	1.0595	1.364	1.2437	1.1911	1.4661	0.48619	1.3179
2.1612	1.8119	0.4526	-0.98875	1.8256	0.62251	1.3978	1.8589
1.6282	1.1527	0.73386	1.9519	0.79572	0.89289	2.0282	1.893
0.14074	3.9084	0.045129	0.36288	1.3878	2.1726	1.9148	1.7012
1.0007	1.8574	0.29329	-0.1724	0.55428	1.9821	-0.12927	2.076
1.001	1.4944	0.31715	0.85931	0.2173	1.1616	1.7353	0.35751
0.78614	0.87594	1.2912	0.73155	0.42096	0.83524	0.13892	0.73224
1.3427	1.0822	0.44837	1.0333	0.94628	1.4176	0.88682	0.96308
0.6881	1.2027	-0.29575	2.062	0.5124	1.1095	1.136	1.644
1.0164	1.6188	1.5394	0.94308	1.7841	1.4717	3.014	0.056885
0.11338	1.7727	2.4753	0.15798	1.9574	1.7135	1.7418	1.8524
0.39558	0.038721	0.5072	1.0526	-0.5851	0.42134	0.87076	2.1187
0.53701	-0.96002	-0.24272	1.463	2.8936	2.1464	0.20654	1.1321
1.6053	1.2808	0.86462	0.5337	0.68963	1.2551	0.93846	0.72021
-1.5072	0.8975	-0.68381	1.095	2.6904	1.7794	2.0059	1.3602
2.0176	3.1107	2.473	-2.6956	2.5087	-1.162	1.751	-1.473
0.9098	2.4955	-0.021192	0.37374	0.26117	-0.17327	0.80977	5.5946
0.74722	2.2556	2.6557	0.59938	2.0275	1.2075	1.256	-0.073513
-1.7488	-0.099956	0.74196	1.9297	0.902	-0.12054	0.028441	1.2641
1.3382	-0.051761	1.5278	0.82075	1.7491	0.19815	0.71319	1.1457
2.2294	0.31634	0.49006	1.4424	0.14637	1.7996	-1.3355	0.38731
1.6321	1.6951	1.3986	0.85929	0.57419	1.564	0.62155	0.69644
0.76968	-1.613	-0.74978	1.1839	2.0651	1.8948	1.155	1.2342
0.061951	1.6953	-0.029706	1.0194	1.3724	1.8244	1.4573	-0.17623
1.6668	0.29244	0.76575	1.7684	0.65241	1.4508	0.87424	0.56802
1.3543	0.71734	0.030395	2.7017	1.9611	1.1259	2.4933	0.47044
0.88157	1.0427	-0.2593	1.133	1.6419	0.83374	0.28223	1.3673
1.0333	1.8161	1.1009	0.33145	0.54402	0.66967	0.67461	1.3606
1.8828	2.038	1.4221	1.6848	0.051305	0.60124	0.69203	-0.079236
0.64134	1.4055	-3.0665	3.4519	0.95973	0.69339	-0.14956	0.84061
1.3881	1.5167	1.1643	0.54554	0.72196	0.69504	0.64422	1.3971
-0.27658	1.1046	1.1911	0.87734	1.1668	1.664	1.9675	0.77351
1.2	2.1564	0.78405	0.62199	0.296	0.73691	0.91266	1.0333
2.9039	0.27669	0.4118	1.3575	0.63949	0.45592	0.48357	0.49524
-0.0747	2.3049	1.6303	0.21229	1.8494	0.57559	1.7594	2.8081
1.2146	1.3508	0.54258	1.2748	-0.10616	0.89409	1.6809	1.8029
0.89686	0.85102	1.2671	1.0233	1.0698	0.8574	1.3813	0.8329
-0.37559	1.5762	0.46164	2.2558	1.983	1.7254	1.5954	1.8016
0.77224	0.99818	0.22619	1.6502	1.8348	1.218	1.6294	0.9404
1.8918	2.261	0.63738	1.7265	1.3596	1.6472	1.6666	1.8337
0.54429	0.47179	0.54171	0.62539	0.58853	0.50403	1.2281	1.5578
0.80121	0.76293	1.0226	-0.028203	0.31168	1.3593	2.0554	1.8938
1.607	2.2776	-0.51095	2.7667	1.7754	3.2777	1.1837	0.92728
1.433	0.70818	1.304	-0.083411	1.044	1.1533	1.3182	0.9649
0.59133	0.2754	0.37133	1.2745	0.57695	1.1333	0.20816	0.15874
1.6443	3.4223	0.3014	1.049	1.018	0.021924	1.3796	-0.70287
0.048647	0.95664	0.077224	1.8259	0.65317	0.29076	0.2597	1.4531
0.56918	1.6142	0.92569	1.928	0.42891	1.0394	0.5471	0.6199
1.133	1.2931	0.91745	0.97138	1.052	1.054	1.2776	1.2538
0.43611	0.64502	1.792	-0.65806	1.3289	1.8485	0.10995	0.74128
1.9979	0.44795	0.077604	0.43305	1.5369	1.5203	1.8335	1.9884
0.75747	1.5782	-0.69575	0.99584	1.4952	0.64425	0.66497	0.80043
2.3616	-0.1919	1.539	1.757	-0.54208	2.7136	3.1269	1.4644
0.35512	1.5004	0.5255	-0.33002	0.53337	2.0718	1.0526	0.71314
1.3092	0.17147	2.9059	1.8724	-0.24633	0.14211	0.93833	1.4341
0.23676	0.65077	1.8255	0.98592	1.5499	0.87716	0.73046	1.6537
0.097661	1.9974	1.196	1.6219	0.84316	-0.21728	1.1165	1.06
-0.43515	2.1929	1.4958	0.9303	2.6094	2.655	1.2033	0.37102
1.0767	0.60157	2.3905	1.0093	1.2912	-0.21167	0.80909	2.2908
0.99489	0.59066	2.8494	1.8718	1.315	0.99548	0.89945	0.72178
1.1723	0.66937	2.0415	1.5913	1.1299	1.3254	1.0608	1.2827
2.7626	0.77099	1.0885	1.3684	4.5152	3.4281	0.046609	1.7246
1.239	1.6946	0.71897	0.60855	1.0871	0.55536	0.95696	1.1199
0.88758	1.1774	1.6419	2.4658	0.64517	-0.14712	1.0684	1.8016
0.90709	0.13138	1.381	1.8125	1.6174	1.3668	1.293	1.2209
1.0672	1.2048	0.83907	0.32714	0.81415	0.65484	1.2913	0.5426
0.48672	1.6454	2.2056	0.49541	1.1591	-0.64211	1.9441	2.3664
0.72365	0.77982	1.1192	1.0093	0.90264	0.19612	0.33554	1.6552
0.13988	5.046	2.7281	1.5063	2.101	2.0879	3.6002	0.25749
0.27891	0.97017	0.74418	0.59128	1.7488	2.951	0.097268	0.70584
2.0891	1.7722	0.37387	0.3775	0.17834	0.78582	1.0478	0.9944
0.066452	-0.0042536	0.34035	0.3631	1.2048	1.3919	0.88447	0.737
0.86861	0.97739	1.8192	1.285	0.11474	0.41151	0.89031	1.1205
0.37352	1.1443	2.3003	0.42539	1.4602	1.4799	2.0656	1.8898
1.2786	1.0592	1.8318	0.66161	0.9728	0.86007	0.40204	0.14789
0.97816	1.7545	0.9955	-0.84546	-0.24198	3.4983	0.76323	1.2232
1.2052	2.2082	0.56444	1.2959	1.1811	1.8544	0.22865	1.3411
0.8128	0.02039	1.4632	1.1327	0.9163	0.78152	1.4508	1.5158
2.1701	1.5493	2.2371	1.5771	1.0476	2.9885	1.4558	0.28902
1.7672	1.0111	1.1652	2.9967	1.6934	-3.3834	0.9366	0.45121
1.0814	0.9584	0.0095148	0.92413	0.31625	1.0025	2.2341	0.53628
0.45332	0.54152	0.98522	1.3241	1.0551	1.2711	0.52141	0.68954
3.1301	-0.9474	2.9354	1.5896	2.7926	-1.017	2.7308	3.4538
0.77125	0.40381	1.3832	1.622	-0.88164	1.7733	0.30067	2.0529
2.0832	0.55507	2.6711	1.0578	1.9336	3.5911	3.1261	1.5466
0.026066	1.9392	2.5799	0.92032	1.8144	1.4437	0.39632	0.62154
0.086986	0.85621	0.89622	2.0349	0.56511	0.98045	1.0334	1.4887
1.5084	2.0094	0.2273	-0.70198	0.80121	1.2794	0.93548	0.95609
0.85173	0.73572	1.1447	1.1537	0.68372	1.4834	0.77575	1.3249
0.66407	0.89647	1.5395	0.71684	0.042496	1.426	1.586	1.0646
-0.32588	1.2835	0.46541	3.1079	0.12658	1.961	1.0675	-0.29423
1.3785	0.59766	0.86285	0.030348	0.69671	1.994	0.011011	1.2119
0.59647	1.4077	1.1956	1.1944	0.59554	1.3219	-0.0021845	1.4143
0.78123	0.19975	0.83156	0.52779	1.199	0.84613	0.44478	0.82038
-0.5693	1.5353	0.94838	0.47299	0.74365	0.71308	1.9516	1.1572
2.6878	0.99383	1.3267	2.4126	2.0043	1.6512	1.5203	2.7972
-1.7944	4.9439	0.75313	-0.48557	4.9553	3.7865	1.4753	1.9568
0.99694	1.6639	0.88739	2.1969	1.0667	0.94033	1.0277	0.83993
1.9151	1.6969	3.3498	0.46415	3.9976	1.9134	7.3457	1.747
1.8742	1.0965	1.0518	0.96697	2.2953	0.36808	0.085715	0.91832
1.2228	1.0181	0.71933	2.0922	0.53447	1.0367	1.0617	1.3024
1.0073	1.9365	1.6448	0.65435	0.71498	1.1574	1.5824	1.4778
1.6059	1.1929	0.45546	1.3203	1.5233	1.2752	0.50605	0.40234
1.8825	1.4472	1.431	1.3214	3.6681	-0.29586	-0.44396	0.93784
1.3629	2.1674	0.67415	0.79527	1.5463	0.40599	-0.41607	1.379
1.6538	2.8728	1.0853	0.3923	1.0025	1.5796	1.2701	1.5295
0.86924	0.60463	1.6963	0.93854	0.71338	1.1305	1.0989	0.47832
0.81255	1.8066	1.3712	2.7759	2.773	1.7818	-1.1598	0.53039
2.576	0.51142	0.43919	1.041	0.58719	0.58729	1.0498	0.99776
0.50804	2.19	1.8883	1.0672	0.18271	3.2385	-0.39412	2.3075
1.4306	0.13025	1.2985	0.88796	1.0073	1.1662	0.27629	0.27118
0.99597	0.64443	1.6391	0.90282	-0.19328	1.0675	1.4765	1.7985
1.9191	0.49221	1.3436	0.6923	0.68753	0.98404	1.0548	0.52535
0.30135	1.7151	0.8033	0.48861	1.8196	0.93433	0.82204	1.199
1.2337	0.71801	0.5307	1.7352	1.7449	0.70154	0.62039	1.3279
0.65512	1.3212	1.2389	0.56343	2.2699	1.0997	1.0041	1.2749
1.6625	0.79566	0.95296	2.288	1.0837	1.4435	0.67907	0.50015
0.12618	1.1637	0.82899	1.9596	1.7197	1.1377	1.023	1.7675
0.57051	1.8538	1.3395	1.6092	1.1574	1.6664	1.2389	1.1106
0.82184	1.4173	1.2194	1.5964	0.68773	0.1394	1.2484	0.58897
0.91525	0.55383	0.29964	0.30739	0.53333	0.95862	1.3037	1.231
1.6913	1.3022	2.7373	1.5317	-0.28022	-0.19765	1.4255	1.2129
0.58279	1.2549	1.0946	0.98598	0.10329	0.95458	1.0152	0.87788
1.3485	1.4425	1.4749	1.5677	1.5905	0.69236	0.93692	0.97844
0.71441	0.97892	1.687	-0.36581	0.91227	1.1938	1.3848	0.94525
0.30128	0.21129	1.6829	0.67241	1.6201	1.9881	0.38806	1.7188
0.353	1.0065	0.30812	1.2067	1.0374	0.84273	0.78526	0.89844
0.34545	1.3923	-0.30419	1.5599	1.0892	0.56927	1.1296	1.024
0.031916	1.2107	0.66863	1.2213	0.56788	1.6128	0.32408	0.69142
0.61186	0.02498	-0.060796	1.7271	0.7643	1.3444	1.5163	1.067
0.98364	1.9833	1.4673	0.024913	-0.66008	2.1968	0.15603	1.1234
-0.23047	0.42704	1.3267	-0.05627	1.751	0.85978	0.34782	1.6539
1.8861	0.52553	0.40533	0.6797	1.3504	1.5795	0.90709	1.7849
1.1597	0.48266	0.80894	2.0469	2.3791	1.5184	2.7139	0.64075
0.78087	-0.58785	-0.57851	1.644	0.25803	2.9353	0.89693	1.0162
0.11399	0.18328	1.5882	2.3341	0.59632	2.3851	1.6939	1.6675
3.5933	1.088	-0.60876	0.87158	-0.79127	-0.62134	3.2054	0.11805
0.14205	1.4589	1.3329	1.167	0.59965	0.56217	-0.3443	-0.65334
1.2098	2.7495	1.4692	1.5674	1.8093	-0.23545	0.53973	1.8952
1.5706	0.52115	-1.5139	2.9137	1.0828	2.3569	0.31416	1.8183
1.452	0.9834	1.2116	1.5694	0.93182	1.1657	0.081903	1.204
1.1396	1.2867	0.45384	-0.68026	2.3145	1.1787	0.92107	1.548
0.46469	1.7391	0.43029	0.88474	-0.39575	-0.15192	2.3142	0.14175
1.293	1.8559	1.1498	1.0287	0.68395	0.16688	2.2782	1.5716
1.2183	0.84087	0.60652	0.54283	0.56453	0.43053	0.54986	0.58534
0.44808	2.3671	1.1027	1.5364	2.1448	0.47384	-0.3178	0.68754
-0.15155	0.062255	2.8324	0.61517	0.038697	0.017709	-0.51192	0.69789
1.2788	1.317	0.022108	0.90199	1.2023	0.62731	1.4037	0.54612
-0.59495	0.97824	0.82245	2.0531	0.43278	-1.2007	1.8287	0.9103
1.1141	0.48784	0.053291	1.5799	1.68	1.4436	1.741	0.62797
-1.3283	1.2374	0.39008	-0.26516	0.055381	0.087094	-0.045771	2.8267
-0.17712	0.52796	2.106	0.0033437	3.2398	-0.45779	-0.86878	1.429
0.99106	1.1415	1.0159	1.1787	1.0302	1.0679	0.93044	1.147
0.65385	0.99735	1.6179	1.0586	-0.11392	0.28794	0.99134	1.0077
0.96989	1.2962	-0.4785	0.8527	-0.020022	1.0316	1.8393	0.16818
1.4141	1.0093	1.4879	1.0049	0.79363	0.79084	0.79174	1.573
0.65241	1.1261	-0.15502	0.75467	0.93795	0.91962	0.49926	2.3716
2.1797	1.6883	-0.0019725	1.5249	1.5538	1.6644	1.1582	0.6147
1.0481	1.1721	1.3455	0.41217	1.2197	0.19476	0.21242	1.1929
1.0085	0.54951	0.1507	0.76621	1.8237	0.79349	1.9923	0.80499
0.63025	1.3854	0.46527	1.2352	0.082305	1.8309	0.95063	1.2481
0.5487	1.2297	1.157	1.0744	1.6807	0.84213	0.8019	1.7327
2.0162	0.94265	1.0486	1.218	1.8044	2.2464	0.46524	1.3428
0.61246	1.2896	0.7563	-0.27423	1.0686	2.1367	0.9849	1.4382
1.7417	0.97977	1.0183	1.158	0.40072	0.42975	0.74826	0.048713
0.79421	1.5287	1.7455	1.3846	0.44645	1.5614	0.74525	1.0838
1.2868	-0.024202	1.7313	1.3617	1.3138	0.8623	0.57636	0.211
1.6208	0.34105	2.652	2.1794	0.34014	1.8688	1.4474	1.7949
1.1784	-0.16731	1.5632	0.94927	0.7174	0.9897	0.86363	1.2279
0.8035	-0.085517	0.80221	0.95406	0.85976	1.0879	0.53718	1.0029
0.37695	0.30831	1.4436	0.34917	1.8749	0.01103	-0.18798	-0.44487
1.2363	1.108	2.2443	1.2266	3.1608	0.9726	0.023001	3.2857
1.3129	1.3197	0.50803	1.5593	1.1164	1.339	1.265	1.3706
1.5141	2.5838	1.9382	1.0856	-0.42214	0.93065	1.1237	0.66498
0.71726	1.0878	0.71077	1.0787	0.64582	2.1299	1.8746	1.1672
0.84971	0.60582	1.1729	0.22491	0.25656	0.70898	-0.017142	0.75727
0.39991	1.8186	1.7034	0.81753	0.75177	0.7546	2.2376	1.4325
0.2626	0.88021	0.77856	0.9714	1.0737	0.841	1.1573	1.3742
1.5924	0.71584	2.0361	2.1189	0.36744	2.1176	2.2761	2.989
0.58546	0.62084	1.3362	0.58618	-0.75262	1.6633	0.16218	1.3728
-0.094633	0.5592	1.3738	1.251	1.9225	2.8704	0.60638	0.012751
0.5449	0.29849	0.5672	0.72415	0.79295	1.2355	1.0946	1.0244
0.6902	0.72655	0.88889	-0.85732	0.71332	0.9784	1.4977	0.5504
1.8505	1.2712	1.9457	1.4015	2.1566	0.51922	0.71182	1.3914
0.92952	0.91747	0.42047	1.8544	1.1686	0.5765	1.0629	0.24294
0.99948	1.1779	1.6004	1.281	1.0362	-0.5677	1.8358	0.50319
1.3783	0.82181	1.6981	1.6043	0.94958	0.59071	1.3213	0.45529
1.7117	2.2665	-0.33065	-0.044833	0.50514	2.2693	1.8071	1.3915
1.5253	1.0516	-0.40789	2.2773	3.2523	1.5154	1.1354	2.0421
0.77736	0.019905	0.64314	0.392	1.9009	0.25487	0.050527	1.3296
0.63884	1.6625	2.4929	-0.54277	0.9476	1.4608	0.34306	0.62676
2.1232	0.97419	0.60987	0.32131	1.1326	1.1126	0.97782	1.273
1.5923	0.73329	-0.18731	1.0915	0.35062	1.5264	1.2803	0.47652
1.3154	1.5065	1.0064	1.0413	1.1013	0.27085	1.0084	1.273
1.3781	1.072	1.0562	0.053211	2.5586	2.9463	3.4881	3.6004
1.3265	0.67154	1.2061	0.62904	2.0291	0.83737	0.64572	0.64113
1.1675	0.32919	0.61443	1.834	0.99031	0.20119	1.7004	1.2017
0.8856	0.91309	2.3028	1.0916	0.96811	0.94682	1.0014	0.95725
1.6122	1.2172	0.31819	1.7621	1.29	1.6009	0.77344	0.73523
-1.43	-0.7758	-0.43903	0.098536	0.0056084	1.1708	1.6906	1.8217
0.074458	0.63691	0.38509	1.3656	1.263	1.4831	0.54577	1.2857
0.61806	0.53974	1.2715	1.4334	0.75741	1.4401	1.3007	2.0314
-0.44863	1.4329	-0.33638	1.7119	2.131	-0.24063	2.6568	0.85771
1.5196	1.7928	1.9101	1.544	1.4218	0.060045	1.0012	0.95368
0.9477	-0.068162	2.2491	0.58453	1.5143	0.48499	-0.29367	0.18977
0.90939	1.2433	2.2162	1.3503	0.88714	1.4348	0.66846	0.4772
0.69589	1.5363	1.0766	0.79462	1.2722	1.476	0.78505	1.0835
0.15105	1.8489	1.149	0.69353	0.99702	1.9678	0.55812	1.4496
1.083	0.37248	-2.4576	1.7829	-3.2526	2.1647	1.4306	1.6546
2.3732	3.2511	1.1255	1.0791	1.6018	0.67738	-0.39241	1.6232
0.5043	0.51972	1.9213	1.8137	0.18683	0.064052	1.554	2.0086
1.1989	0.78058	1.4868	0.14793	1.3884	0.80014	0.90806	0.62449
2.2287	0.34243	1.0002	1.3274	2.2356	0.63814	1.4748	0.73223
0.46354	1.3479	1.7742	0.87086	1.5343	-0.025603	-0.22476	-0.16963
1.6605	0.66533	1.3108	0.72038	0.85777	0.92133	0.53103	0.66013
0.93509	0.6594	1.4612	0.68296	1.4143	1.5053	0.89958	0.41962
1.4398	0.36962	1.4032	1.0321	0.79803	1.3149	1.0233	1.2768
1.5943	1.655	0.99377	1.1111	1.1997	0.83025	0.71383	1.2162
1.4513	1.3076	1.0858	1.1343	0.9467	0.79019	2.0851	0.020245
0.5677	0.94704	1.3218	0.63408	0.14027	1.6846	1.1768	1.3359
0.51574	-0.54452	1.2876	0.89085	0.28475	2.3925	1.8036	2.4437
1.7288	1.8131	0.54759	1.5971	-0.18892	3.0284	3.0593	2.2814
0.77326	1.4113	1.365	0.65604	1.6305	1.0818	1.1625	0.53509
-0.23051	1.9294	1.8002	-1.6141	0.70313	0.504	-0.8017	1.6963
-0.042411	0.7208	0.64917	1.4882	0.86455	1.2688	1.4449	1.5014
1.7209	-0.44019	0.70733	1.378	0.36372	1.2813	0.8954	0.091206
1.6601	0.94746	1.465	1.019	0.76908	0.67311	0.67378	-0.074909
0.76778	1.0468	0.96782	0.44624	0.7514	2.4042	0.77561	0.20517
1.0618	2.0858	0.54826	0.55849	1.4016	0.030626	0.71502	1.6806
1.5606	0.29406	0.31322	0.52771	1.1535	-0.10043	0.64928	0.75878
1.181	1.5386	0.88932	0.96482	1.0305	1.4701	1.2144	1.6122
1.1263	2.5064	-0.45506	1.017	-1.1176	1.9578	3.4325	2.4394
1.4991	2.0169	-0.30501	2.2812	2.5289	1.1378	3.0016	1.4876
3.009	0.80853	-0.57591	-0.67076	2.6169	2.3355	0.86592	-0.32478
0.18953	1.2399	-0.055347	1.6779	1.0644	0.67406	1.9668	2.5888
1.7248	1.7318	0.05461	1.6511	1.5365	0.60496	0.52756	-0.27903
1.0993	1.4068	1.3869	1.1724	1.3101	1.7021	0.90665	1.1576
-0.066987	2.0245	1.7178	-0.20518	0.33483	0.95095	1.2244	0.82481
1.4597	-1.061	1.6453	-0.50436	0.65157	0.51694	-0.43297	0.66495
0.78843	0.81433	1.2255	1.294	0.21964	1.4899	1.2987	1.3824
1.1803	1.7112	1.6174	1.3885	0.96345	0.45115	0.60483	0.92056
1.5873	-0.20992	2.7263	1.3466	1.5342	0.70847	2.2643	1.1228
1.2205	1.336	0.8783	0.66105	1.5246	0.94877	0.75791	1.4156
0.39986	1.1519	0.70716	1.3851	1.8588	0.12583	1.1659	0.8266
1.5516	1.0156	-0.014489	1.3484	0.90926	-0.39316	1.7431	2.1388
0.89241	0.98365	1.6516	-0.1652	1.4291	0.71692	1.1921	1.2289
2.5081	0.21362	2.0357	-0.153	1.9957	1.3587	2.1054	1.3717
1.6006	1.1186	1.8362	1.3434	1.9194	1.2163	1.3754	1.1497
1.738	1.9289	0.55374	2.8418	0.38628	0.62872	-0.072879	1.0162
1.441	1.0873	0.4393	0.44549	1.3184	-0.31052	0.78272	3.0604
1.3504	1.1287	0.15714	1.424	1.0771	1.4481	0.90784	1.0725
1.8096	2.0323	0.60563	0.86653	1.0274	1.5121	1.4402	1.2178
1.7271	0.98767	1.1818	1.0222	1.8114	0.91137	0.38375	1.0747
0.13543	0.74601	0.63708	0.91699	1.5771	1.0158	1.7148	0.46551
1.1976	1.1581	0.6584	1.1938	1.4015	1.4833	1.3151	0.54087
0.79429	1.1462	0.4434	0.84649	1.3285	0.29073	1.8979	0.56878
-0.23783	0.13972	0.52948	1.1077	2.314	0.24702	1.2936	0.13834
0.54858	-0.23939	1.218	0.94821	2.5319	0.65469	2.1887	0.36591
1.7234	-0.13626	1.0653	1.023	4.7288	0.96934	2.563	0.86663
0.98578	1.1047	1.2226	0.1677	0.86602	1.6946	1.0838	0.6742
1.2338	0.05243	0.50741	1.6682	2.4688	0.44034	2.0585	1.6891
1.5308	1.4274	0.75492	-0.31592	0.081078	-0.71392	2.5033	-0.39323
0.99173	1.2141	1.3062	0.19476	1.2615	0.86631	0.87364	0.46623
1.5588	0.97255	0.33089	1.0636	1.3653	0.90369	-0.019284	0.93092
0.55559	0.59121	-0.30899	0.94326	0.25725	1.9428	1.8763	0.58952
3.411	1.0559	0.12693	0.98529	0.45608	2.8762	1.9366	-0.69255
0.89719	1.7307	1.5837	1.5293	1.3645	0.85898	1.2697	1.3771
1.429	1.4934	1.8488	1.81	0.24096	0.79823	0.3381	-0.013043
1.5886	0.89527	0.37658	0.86598	1.0717	0.93295	2.175	1.5511
1.0458	1.6254	0.72434	1.9477	0.75448	0.33877	0.33366	0.49022
0.75244	1.7488	1.6825	1.8766	2.1809	1.3676	1.3613	1.0989
0.79462	0.91258	0.73544	0.81017	1.2438	1.2463	0.84494	0.42508
1.1265	0.022761	1.1486	1.6647	0.13908	0.42591	0.64104	1.3214
0.0037132	1.1212	1.6841	0.86376	1.3118	1.8743	1.4153	0.76301
-0.26845	-0.059787	1.5972	-1.0256	1.8677	0.83076	1.087	1.2769
0.66665	0.74559	1.1959	0.13719	0.98965	1.2977	1.1593	2.0143
0.20773	3.1365	1.6594	2.7389	1.1901	1.4285	2.2108	1.0167
1.1042	0.31341	0.52387	0.54851	0.94481	1.1099	0.56139	1.3995
0.59191	2.4972	3.1069	0.10578	-0.93994	-0.30581	0.58845	0.27846
1.6379	1.1938	-0.24484	1.7075	-0.18846	-0.35755	1.494	0.94048
0.43722	1.9485	2.3468	2.551	-1.085	1.8478	1.8544	1.1583
1.3683	1.2938	0.84734	1.0046	1.6945	1.7463	0.60491	1.5777
1.3086	-0.027861	0.99959	0.77617	0.88741	1.4768	0.219	0.58122
1.4529	0.35709	0.72216	1.3849	0.38725	0.80863	0.71778	0.74482
0.75004	-0.039698	1.7126	1.0161	1.111	0.39924	0.48124	1.0413
4.5061	2.0942	0.05218	-0.33007	3.0544	0.24971	1.0636	0.24575
0.47392	1.3708	1.9375	0.12275	-0.33477	-1.3819	1.5112	2.0925
1.2294	1.1858	1.7381	1.0299	0.94434	0.82067	1.1212	0.41919
1.7269	1.0007	0.028138	0.85123	0.88916	1.5525	0.90858	0.75659
1.0894	1.3303	0.78688	1.5161	1.1913	1.6717	1.1098	1.2144
1.0248	0.67978	0.80497	0.73421	2.0064	0.9292	-0.84697	2.4104
1.4636	0.44589	1.3502	1.037	1.1409	1.4958	0.22786	0.63011
-0.3663	2.7213	0.47376	1.0682	1.6125	1.5319	1.7614	2.892
1.1743	0.37029	0.44338	-0.52287	1.7746	1.3317	1.1365	0.22218
1.0425	1.1541	0.82667	0.40794	1.04	1.6787	1.0507	1.3102
1.137	1.0432	-0.085229	1.2099	1.4304	1.9827	-0.6371	0.16924
1.5008	1.6241	1.6528	0.52171	2.0565	1.0963	-0.65686	1.501
2.2442	0.75043	0.11649	0.5863	1.7372	-0.17631	1.243	1.0624
1.5353	2.4752	0.38123	0.44373	1.0402	0.057291	1.552	1.5978
-0.17192	1.566	2.2298	1.098	0.4546	-0.69415	1.1091	1.5259
1.7355	1.7729	1.78	0.86601	0.60419	0.55948	-0.10724	0.71211
0.7241	1.725	1.1031	1.1554	0.50012	1.7222	0.65649	0.63866
0.93209	0.73821	1.0279	1.7099	1.7503	0.93331	0.96397	1.2412
1.1086	1.5967	0.74798	1.0497	1.6587	0.64832	0.32149	1.2234
1.505	0.44407	1.0053	1.6511	0.50457	0.32056	1.3053	0.86075
1.0358	1.1944	0.44329	1.7894	0.81928	1.1601	0.98045	0.7886
3.1983	-0.69705	2.7353	0.86535	3.0055	2.3597	1.6917	1.2696
0.38189	2.1835	1.8224	1.1	0.99732	0.32328	2.0375	1.0524
-0.87403	0.017739	1.4568	-1.1156	0.36467	0.54313	1.1199	0.54969
-3.1534	4.1268	-0.98606	3.443	1.7473	0.25956	3.645	1.6847
1.2002	1.2234	2.2103	0.56677	1.314	0.63292	1.6466	-0.20992
0.24671	0.64252	0.74871	0.96709	1.4604	0.69563	1.0725	1.1509
0.6855	1.174	0.90368	1.9063	0.43689	1.222	-0.07267	0.27345
1.8007	0.71876	0.057275	1.5936	1.0897	0.18505	2.4634	2.446
1.181	-0.24259	1.2132	0.19309	0.13058	2.0968	-0.0045999	2.4571
1.1879	0.34465	1.4139	1.3215	0.96379	0.98486	1.6127	0.99597
0.74604	1.3517	1.1378	2.4475	2.331	2.1757	1.2202	0.014278
1.5615	1.1682	0.72748	1.6028	0.38261	1.1833	0.54663	1.3021
-0.30064	1.3808	0.70305	0.19249	-0.3633	0.63854	0.55049	-0.0034183
0.82668	0.49211	0.79469	0.63693	0.70134	0.72141	1.3835	1.3582
0.83515	1.4149	0.96985	1.6996	1.6698	0.27086	0.46309	3.1998
-0.52881	1.0614	1.8982	1.3529	-0.057004	0.9451	1.2351	0.41024
1.1747	0.98768	2.3356	0.90175	2.4515	0.92896	-0.10054	1.347
0.79785	0.54628	-0.17916	0.31655	0.35956	2.8399	0.399	1.7354
1.6942	1.2032	1.1063	1.1921	0.50756	1.7668	0.51959	1.2145
1.2502	0.69865	1.0093	1.4896	0.18522	0.36874	0.44777	1.1342
1.1315	1.3897	0.69884	1.1929	1.1392	3.3373	1.2934	2.316
0.41967	1.2055	-0.027577	1.6037	0.14142	0.38356	1.896	1.8097
0.76417	0.77569	0.54188	1.1434	1.3625	1.2258	1.3571	1.6261
1.3504	0.67564	2.1417	1.4594	0.95488	1.8226	2.0775	0.9672
0.25453	0.85613	0.48313	0.83314	0.92656	1.1935	1.688	0.91982
1.5263	0.91168	0.88565	1.4373	0.99275	1.9682	0.6069	0.47402
2.0809	0.79408	0.71808	1.441	1.23	0.22892	0.060697	0.86634
1.5034	1.1986	0.8585	0.92081	0.63695	1.9454	1.1734	1.0493
0.60526	2.1518	0.88832	1.7445	2.5177	1.2273	0.83464	0.54554
0.51778	1.4288	0.30441	0.63235	0.8073	1.3586	0.73657	0.82949
0.6824	0.72519	1.0422	1.0168	0.49162	1.1302	0.35048	0.68505
2.1505	0.99409	1.4639	0.99945	1.1191	0.30576	0.42406	1.2238
1.1701	0.69381	0.096453	1.7639	0.89873	0.32749	1.8017	1.7822
0.046557	3.1058	1.1678	0.61202	0.15665	-0.38186	0.19414	0.96137
0.98574	0.74503	0.96531	0.81485	2.0195	1.006	0.42132	1.2871
0.5689	0.96891	1.4612	1.4559	1.5383	0.94404	1.8586	1.099
1.3935	0.089239	2.8024	2.6224	0.24437	1.4439	0.21587	1.2472
-0.21478	1.1308	0.29651	0.36372	0.40084	0.97108	1.3566	1.8203
1.4369	0.47579	0.74269	0.57404	1.1378	1.7123	0.9436	0.61671
1.0418	1.358	0.61996	0.85896	0.55431	0.43222	0.63431	1.1727
-1.0636	3.3528	0.44339	-0.074208	0.77333	3.1524	2.0268	1.0001
1.0795	-0.57712	1.1623	0.65803	0.53282	0.79468	1.0006	0.52382
0.80571	1.456	1.8409	0.67972	3.2327	1.8216	-0.10997	0.7993
1.304	1.4306	0.8793	0.76621	1.4356	1.6358	1.044	1.169
1.7245	1.6814	1.2719	1.9524	-0.27019	1.4744	0.50669	1.7992
0.79883	2.8934	4.426	1.9529	-0.54974	-0.64147	0.77885	1.444
0.61706	0.69263	2.0727	0.9493	1.2264	1.2209	0.70195	1.468
1.8115	0.50764	1.8756	1.1713	1.9002	1.3768	0.42981	1.6917
1.459	3.0542	-0.1516	1.9635	1.4123	2.3024	0.89584	0.8949
-0.026984	1.2111	0.90344	1.4497	0.42766	2.1058	2.6854	0.093572
1.3906	1.0733	1.6036	0.59771	0.96281	0.85176	0.30904	0.85126
2.4298	0.60792	0.45921	0.36917	0.52259	0.79614	1.1376	0.091757
0.83493	2.152	1.3983	0.9573	0.98455	0.89088	-0.22856	0.46608
1.1157	1.313	1.2848	0.65639	1.1168	1.5194	1.7036	0.91542
1.8625	-0.029541	0.3001	2.1075	2.5118	0.86487	2.777	0.23722
-1.0258	1.7776	0.82443	1.0605	0.83836	0.99696	1.2412	1.8701
-0.017673	1.6074	1.7029	0.15717	0.33679	1.5755	1.0518	1.1331
0.67745	2.4766	2.5143	1.1479	0.77933	1.5604	1.6186	0.8665
1.7738	1.0081	0.33523	0.79915	1.8308	0.96089	0.85752	-0.056909
1.1252	0.34048	0.50451	0.44752	1.9726	1.0447	0.53909	0.87802
-0.079976	3.3255	1.1285	1.2752	1.6602	1.7523	0.56121	0.9395
1.5647	0.72469	1.3211	0.878	1.3407	0.37052	2.1664	0.071596
1.2014	0.87317	0.67422	0.80661	-1.1297	-0.96525	1.1558	1.6527
0.69086	1.0821	0.59641	1.107	0.28523	1.1034	0.1577	0.85736
2.3917	0.05185	1.7602	1.6612	1.7318	0.90983	1.6113	0.70166
1.9996	0.66057	0.17423	0.88079	-0.11606	1.4103	1.1231	0.56527
-0.14952	3.2277	0.49544	0.19087	0.78976	0.45155	1.9705	-0.99558
0.060381	1.3004	1.7035	1.2772	1.4275	1.1833	1.5739	1.3608
0.035679	1.1809	0.20561	0.61995	-0.57612	0.72305	2.3937	0.66576
1.7247	0.55273	0.64347	1.3211	0.65308	2.6033	1.946	-0.60143
0.46494	0.52822	0.86603	0.78747	1.3139	1.0392	0.58605	1.3321
1.9708	0.93208	-0.36708	1.4182	2.1491	1.1828	1.7883	1.0862
1.6571	0.5475	1.5735	2.7998	-0.29488	1.1493	0.65984	0.4749
1.1527	1.1306	0.44599	1.9233	-0.34883	2.7359	2.4974	0.4783
0.54095	1.2462	1.0205	0.66279	1.9007	0.2551	1.3783	1.0771
0.92571	1.5457	1.0443	0.16177	1.1789	0.83853	1.2383	-0.3268
0.71053	1.0637	1.2418	1.5613	0.32835	1.5939	0.33947	1.2184
0.087904	2.017	-2.5382	0.71234	3.5049	2.5598	1.7773	0.59934
0.14927	1.6253	0.83752	1.2406	0.99065	-0.050452	1.7515	1.4366
0.19139	0.95099	-0.27749	0.34181	0.003083	1.7659	1.4762	0.7919
1.3838	0.13768	-0.22719	0.38712	1.3395	0.89312	0.93972	1.2982
0.31149	1.621	1.7205	0.46263	0.97093	-0.049323	0.35929	0.9149
0.95229	1.1436	0.16035	-0.04241	0.19763	0.81956	1.7136	0.35615
1.3721	1.4699	0.90954	1.0049	1.9812	1.0739	0.88586	0.32148
2.2849	1.6248	1.6723	0.83613	1.2318	2.3329	1.3344	1.8087
0.88287	0.050056	2.2507	1.0388	1.9336	1.1568	1.0967	1.5747
1.1951	0.56312	1.9368	0.95821	1.6733	-0.057403	1.5705	1.1227
0.4736	0.67959	1.8946	0.53464	1.659	0.62661	0.92014	1.3376
0.55742	0.7918	1.0035	0.58237	2.0318	1.0895	0.20823	1.0247
0.51533	0.010686	0.1698	0.77938	0.69954	1.7651	1.4442	-0.31223
1.633	0.48837	0.64372	0.39046	1.382	1.5419	0.92228	0.65583
-0.39529	2.4844	1.5912	1.7312	0.055354	-1.9201	2.0103	1.6599
0.95854	1.1589	0.22876	2.0369	0.39345	1.49	1.457	1.4443
0.69338	1.1618	1.1401	-0.80435	1.5084	0.49997	-0.475	1.5861
1.0372	1.0731	1.3495	1.2498	0.71867	0.27844	0.92793	0.65482
2.2923	0.79615	0.65423	2.2359	0.86397	1.0668	0.53881	0.24379
1.7693	1.1433	1.4996	0.55306	2.0134	2.4131	0.27084	0.83427
0.99859	0.93549	0.71527	1.8066	1.2174	1.7046	1.8195	1.6014
0.3505	0.071244	0.57813	0.86088	1.6784	0.76663	2.0469	0.57068
1.8645	0.092408	1.0397	1.2955	1.0247	0.33958	1.6377	2.324
2.7403	0.34769	1.7144	0.53562	0.95547	1.322	0.35651	3.0155
1.0287	0.99869	0.99585	0.97837	1.0195	1.0474	1.0341	1.0281
1.3036	0.83388	1.0947	1.9116	0.35792	0.51735	0.79807	0.53466
0.91989	1.2671	1.6283	0.59759	0.90112	1.4582	1.3511	1.3729
2.6853	1.7501	0.96746	1.3983	1.4421	1.5393	0.42142	0.20994
0.92664	2.1158	0.51383	1.9074	1.6132	1.3468	-0.8621	0.54224
1.0431	1.4427	1.5063	0.20413	0.65235	0.60936	0.85584	-0.6671
2.1701	0.14746	0.88571	-0.13609	0.22959	1.5647	0.5824	1.5663
1.2722	1.1778	1.8134	0.41944	1.1965	0.6906	0.93735	1.4151
1.1235	0.85375	1.688	1.115	1.1034	1.3687	0.82249	0.45503
-0.16003	1.946	1.2841	-0.28352	0.9371	1.0329	1.3337	1.9191
0.72599	1.1168	0.67947	0.4742	1.6394	1.0736	1.936	1.4929
0.97315	1.3565	1.3192	1.3566	0.27321	0.83676	1.5696	0.63992
1.6134	1.4608	1.7563	1.6253	0.87034	1.8351	0.8352	1.287
-1.0821	2.5206	1.4788	1.0768	2.8764	1.7165	1.5139	2.5216
0.71678	1.1943	1.5277	1.5006	1.1489	0.548	0.29623	1.6792
1.4091	1.9464	1.3068	-0.14253	0.73911	1.251	1.716	1.0234
0.34637	2.1105	0.39469	1.4232	3.9822	1.5179	1.0895	0.73064
2.1354	2.583	-0.7883	1.788	0.34008	1.3096	0.33389	1.1428
1.2491	0.86769	0.73825	0.78222	1.7677	0.90604	0.6669	0.38935
0.85283	1.6575	0.08697	0.79681	0.25101	0.55651	0.22126	0.48357
