27.522
31.711
NaN
16.451
17.887
17.068
16.633
29.473
23.898
NaN
15.588
27.808
NaN
NaN
29.584
26.196
NaN
17.353
21.035
20.415
NaN
29.84
21.258
20.883
31.42
21.122
32.919
16.082
40.485
32.943
21.257
22.551
19.433
32.567
NaN
15.767
19.309
NaN
NaN
58.07
NaN
NaN
NaN
19.58
38.164
24.138
NaN
18.156
NaN
22.772
19.473
19.748
21.268
25.009
24.569
15.895
23.664
21.591
19.325
14.494
27.97
24.575
40.21
28.457
24.037
NaN
17.117
23.892
18.77
17.525
18.046
20.44
28.577
15.332
24.323
19.494
15.757
16.995
17.021
21.791
16.696
19.909
NaN
NaN
25.35
17.508
37.018
NaN
23.048
16.765
31.55
24.558
18.034
24.462
NaN
33.793
20.286
24.195
17.113
22.673
20.941
31.942
17.349
15.341
21.838
24.029
27.383
17.387
19.115
NaN
NaN
16.553
22.057
14.925
25.899
21.788
16.244
26.171
NaN
20.818
18.994
17.171
27.338
17.093
16.519
18.099
22.51
26.889
19.215
NaN
14.495
15.054
25.353
22.65
17.525
20.315
19.979
18.618
19.503
22.463
46.406
19.735
18.176
43.667
16.411
17.43
19.746
NaN
18.03
21.155
20.702
20.719
16.296
NaN
16.379
29.217
50.833
NaN
16.245
21.943
20.952
15.823
41.205
17.682
15.972
24.294
22.937
50.566
17.306
22.586
40.502
NaN
26.386
26.943
21.916
NaN
30.773
16.727
16.254
25.053
21.281
35.702
36.997
36.083
39.823
16.871
22.089
16.495
24.396
31.081
42.844
20.569
45.995
50.838
28.767
20.865
19.487
28.613
18.528
17.968
18.549
20.756
29.76
21.552
19.703
NaN
33.312
20.247
15.384
19.804
NaN
17.054
32.09
43.516
NaN
19.333
NaN
21.721
24.019
20.344
24.896
30.873
24.435
24.858
16.219
33.129
29.249
20.531
18.088
16.339
20.832
19.394
22.711
17.488
NaN
13.906
NaN
19.93
40.281
16.402
NaN
27.477
24.436
17.058
20.876
31.441
39.321
17.965
NaN
29.827
26.088
18.535
32.482
17.774
15.868
21.463
NaN
31.061
15.825
21.716
27.824
16.983
35.902
21.139
15.426
27.075
20.859
19.314
16.429
21.245
18.976
18.901
24.63
20.643
15.187
19.506
19.293
20.061
22.628
17.068
24.969
20.805
20.875
NaN
NaN
14.724
21.03
19.748
16.859
19.463
48.029
17.116
NaN
32.52
20.179
16.251
16.52
19.172
21.107
24.605
22.453
18.779
18.785
32.29
41.68
15.956
23.885
37.246
20.989
16.402
NaN
26.743
27.711
17.035
24.52
NaN
35.938
NaN
20.736
NaN
21.216
NaN
23.617
19.9
24.332
16.714
34.111
NaN
43.692
36.891
21.972
21.806
19.489
15.126
28.227
20.389
NaN
38.567
22.524
31.661
23.349
26.796
31.022
22.762
18.539
NaN
20.445
29.378
24.087
17.856
28.762
35.282
NaN
NaN
24.878
24.665
NaN
21.19
NaN
20.074
25.952
NaN
19.471
21.355
23.677
25.206
NaN
38.904
39.898
23.731
20.84
34.594
NaN
21.15
NaN
NaN
NaN
18.028
21.6
28
15.471
20.632
23.766
20.201
15.22
26.312
30.025
19.091
19.147
NaN
19.591
NaN
19.953
30.297
19.524
27.272
18.802
16.257
26.072
26.622
16.299
NaN
20.342
27.56
20.747
NaN
15.913
19.383
NaN
16.838
NaN
17.416
24.892
17.595
14.645
20.595
NaN
19.686
19.47
33.327
NaN
28.176
19.44
19.482
36.997
27.858
21.082
29.337
25.136
NaN
18.684
16.853
17.857
17.549
NaN
18.679
21.092
20.217
18.342
20.018
19.271
24.397
21.501
23.235
24.009
26.273
27.007
24.879
19.444
NaN
14.5
25.607
25.423
21.326
15.817
22.454
16.161
23.775
26.71
13.739
NaN
15.621
16.951
32.957
25.401
22.325
23.424
27.846
18.726
16.019
20.267
33.881
21.189
13.334
20.723
19.55
21.88
17.282
20.829
18.016
25.266
17.144
19.151
33.989
22.155
18.118
19.911
37.943
18.144
57.643
18.189
22.68
16.48
18.097
NaN
NaN
18.046
25.391
22.34
NaN
18.715
24.584
22.763
19.346
19.68
35.545
17.579
14.491
16.132
27.646
20.685
20.341
16.173
NaN
20.608
17.543
22.854
23.652
30.435
24.354
25.914
17.482
19.571
26.569
15.449
NaN
19.694
23.233
23.298
29.132
30.405
31.859
NaN
19.922
35.567
18.425
21.311
18.351
18.924
20.531
27.606
19.614
20.846
NaN
12.64
18.453
19.811
15.688
20.39
21.8
22.227
18.172
18.287
18.19
17.589
17.321
NaN
52.078
NaN
18.857
NaN
23.021
26.715
17.503
NaN
NaN
32.581
15.255
33.117
17.882
17.007
29.535
15.204
NaN
22.213
14.821
22.998
16.661
32.071
NaN
20.007
NaN
22.855
19.88
37.417
NaN
22.621
NaN
18.482
18.684
73.723
25.673
26.061
23.071
20.711
19.342
18.862
29.538
23.355
NaN
20.05
18.37
18.207
16.473
20.703
30.777
25.783
20.718
16.341
28.776
24.819
33.583
NaN
17.548
19.125
34.074
18.255
18.874
20.42
26.807
31.422
24.144
19.37
32.988
20.627
17.523
21.712
17.781
30.06
20.966
46.68
28.691
15.83
21.798
28.767
18.884
22.662
15.33
15.533
NaN
16.993
15.946
26.031
23.755
19.167
16.003
15.346
26.564
22.803
12.177
14.515
NaN
NaN
13.707
19.07
19.741
22.582
18.505
NaN
17.172
18.081
26.562
NaN
32.135
32.484
42.504
36.658
23.696
24.865
16.438
18.618
24.766
NaN
23.477
25.31
17.295
15.907
21.239
21.382
22.02
40.78
17.925
15.992
18.976
28.208
NaN
19.578
NaN
19.306
20.554
20.215
17.563
NaN
NaN
16.696
31.548
38.291
18.72
23.144
19.059
NaN
20.828
22.648
11.007
24.482
15.676
17.137
20.606
45.311
14.201
18.268
13.502
16.87
NaN
17.049
20.254
25.676
27.597
16.379
43.551
19.521
17.937
14.714
NaN
13.127
20.056
19.541
17.648
25.212
20.054
15.518
22.069
17.19
16.374
40.829
22.954
20.786
20.026
16.181
NaN
20.832
28.8
19.786
16.17
20.882
49.737
21.164
15.328
23.44
23.739
NaN
23.732
25.34
16.535
NaN
23.483
15.716
18.135
NaN
NaN
23.994
19.677
26.881
NaN
14.872
21.803
19.605
27.717
18.916
16.122
NaN
19.828
NaN
43.879
43.791
38.37
13.482
16.173
19.36
43.472
25.653
18.08
28.876
NaN
20.409
36.965
34.477
29.369
15.465
21.196
19.776
NaN
26.911
NaN
21.263
25.921
19.749
NaN
31.282
30.454
17.229
21.973
19.711
15.581
26.663
18.771
18.785
20.131
21.778
22.311
15.029
17.3
21.123
24.276
19.397
17.863
NaN
27.273
16.121
NaN
16.27
19.186
17.256
20.185
NaN
16.902
20.582
20.386
NaN
36.399
18.627
27.771
18.739
NaN
27.99
22.98
27.743
17.073
16.96
37.294
21.478
17.318
28.598
27.388
40.308
25.944
20.623
13.4
22.058
27.831
16.815
15.458
19.736
24.222
22.807
14.662
23.497
16.239
22.845
16.212
16.355
33.231
NaN
17.99
19.779
NaN
19.248
34.236
15.524
20.106
19.228
27.313
18.384
17.027
NaN
32.999
23.412
27.338
16.071
17.35
23.508
15.888
20.979
21.816
21.644
26.282
NaN
NaN
46.448
18.114
19.35
22.062
23.372
20.554
29.737
19.286
NaN
18.265
27.885
21.731
25.475
NaN
14.619
22.089
16.36
NaN
26.029
20.584
38.685
23.208
31.344
NaN
NaN
24.224
NaN
19.854
NaN
NaN
18.297
55.013
13.521
NaN
20.605
32.492
25.288
22.745
20.524
19.24
20.615
19.69
20.682
20.783
NaN
15.978
22.527
26.156
NaN
15.719
19.153
43.488
25.291
56.781
19.853
NaN
23.175
20.003
28.501
31.893
17.996
18.539
20.85
27.4
19.575
35.433
29.501
NaN
21.35
NaN
19.252
NaN
17.636
25.815
19.726
23.178
16.139
23.681
54.686
30.989
15.456
14.581
NaN
27.514
13.807
16.595
31.877
23.952
21.509
27.41
29.351
38.483
19.701
19.743
18.118
29.781
21.476
21.804
19.325
25.34
23.755
16.328
21.73
NaN
38.866
18.535
NaN
16.793
30.221
16.995
26.155
NaN
16.637
25.909
26.191
17.006
21.623
18.244
27.71
14.82
20.269
20.173
58.188
NaN
27.403
16.887
16.838
NaN
15.04
22.081
16.623
18.801
22.311
20.561
20.338
17.821
20.591
15.738
25.749
24.639
20.867
14.954
25.033
42.385
20.077
29.168
15.634
34.108
19.091
15.32
34.824
17.073
21.848
15.17
NaN
37.669
NaN
21.53
22.412
27.682
NaN
18.985
