-0.017638
-0.012927
-0.022034
-0.048742
-0.021424
-0.027391
-0.013147
-0.087612
-0.019218
-0.046001
-0.036237
-0.018182
-0.016832
-0.019369
-0.012586
-0.010067
-0.012273
-0.02134
-0.019101
-0.014555
-0.0073795
-0.0074798
-0.0074777
-0.010655
-0.019835
-0.014853
-0.011354
-0.017254
-0.035547
-0.013828
-0.0091062
-0.019818
-0.019113
-0.029365
-0.023549
-0.012031
-0.033368
-0.014042
-0.023014
-0.017249
-0.017079
-0.01116
-0.019726
-0.01955
-0.025341
-0.067202
-0.012795
-0.010764
-0.011736
-0.013978
-0.014663
-0.027213
-0.049743
-0.024936
-0.017998
-0.0074685
-0.0061371
-0.014455
-0.02413
-0.013103
-0.0063329
-0.006114
-0.057405
-0.0084182
-0.011916
-0.019592
-0.039546
-0.033113
-0.075274
-0.0068384
-0.018078
-0.019916
-0.029199
-0.080974
-0.0054347
-0.0047992
-0.030902
-0.027724
-0.017261
-0.013334
-0.01418
-0.010712
-0.007207
-0.0087724
-0.021674
-0.044325
-0.011098
-0.01736
-0.0099812
-0.033214
-0.011277
-0.009351
-0.035227
-0.012641
-0.0094819
-0.008102
-0.013965
-0.0061467
-0.032801
-0.011546
-0.029474
-0.02419
-0.017817
-0.018494
-0.015397
-0.025002
-0.027132
-0.0088871
-0.01061
-0.0073695
-0.022002
-0.0077916
-0.0063176
-0.030104
-0.05964
-0.010031
-0.0087194
-0.015612
-0.014561
-0.045387
-0.01181
-0.018537
-0.020802
-0.0095213
-0.0094527
-0.0085703
-0.0084492
-0.013289
-0.0092341
-0.0087757
-0.0094602
-0.0091266
-0.014875
-0.021694
-0.015505
-0.021141
-0.01555
-0.023602
-0.023034
-0.0066259
-0.0258
-0.0097915
-0.01603
-0.042841
-0.052634
-0.031458
-0.0091276
-0.010438
-0.014675
-0.015013
-0.023837
-0.023024
-0.012654
-0.015
-0.010661
-0.011363
-0.012003
-0.011959
-0.019282
-0.016347
-0.012433
-0.014853
-0.020632
-0.0074485
-0.020816
-0.015356
-0.012492
-0.057512
-0.0092357
-0.019465
-0.033131
-0.031432
-0.022831
-0.007964
-0.011425
-0.027213
-0.0079931
-0.014668
-0.010928
-0.014716
-0.021683
-0.011795
-0.011811
-0.005545
-0.0076814
-0.015034
-0.014699
-0.02548
-0.014571
-0.025499
-0.015659
-0.014868
-0.012067
-0.046616
-0.026346
-0.024163
-0.05353
-0.018298
-0.019029
-0.021483
-0.0070222
-0.019503
-0.018488
-0.016249
-0.017789
-0.0059812
-0.051022
-0.02997
-0.012445
-0.015002
-0.014515
-0.02887
-0.010467
-0.068055
-0.018368
-0.013246
-0.012144
-0.012284
-0.021151
-0.01983
-0.032898
-0.026719
-0.0085261
-0.048029
-0.029118
-0.016485
-0.014004
-0.018469
-0.039561
-0.017962
-0.028566
-0.061194
-0.014852
-0.011766
-0.049901
-0.0073525
-0.0096357
-0.0088282
-0.045561
-0.049813
-0.0093833
-0.022099
-0.0085486
-0.036839
-0.033358
-0.0059525
-0.010486
-0.0082252
-0.0043976
-0.0082415
-0.023606
-0.0078375
-0.025664
-0.01815
-0.0088115
-0.028711
-0.0097208
-0.0072907
-0.020343
-0.0080121
-0.025535
-0.024639
-0.0062501
-0.010501
-0.0057875
-0.013506
-0.0087691
-0.010829
-0.056728
-0.018016
-0.0078595
-0.019353
-0.0082856
-0.011503
-0.023261
-0.015089
-0.014696
-0.0081511
-0.019398
-0.0097663
-0.029864
-0.0086915
-0.016942
-0.011719
-0.016598
-0.022031
-0.022066
-0.0061629
-0.011941
-0.0091036
-0.010828
-0.059978
-0.0074237
-0.0087762
-0.029441
-0.011823
-0.025584
-0.02551
-0.0064771
-0.033924
-0.008462
-0.082697
-0.011466
-0.064368
-0.013963
-0.025648
-0.059443
-0.009025
-0.0086555
-0.017723
-0.0075339
-0.030426
-0.018437
-0.010928
-0.020684
-0.0043378
-0.0078795
-0.042703
-0.0069347
-0.014282
-0.013521
-0.040101
-0.02772
-0.011814
-0.029705
-0.02334
-0.037223
-0.0050954
-0.059728
-0.013214
-0.0083566
-0.011096
-0.081391
-0.017469
-0.017328
-0.025917
-0.0076974
-0.01714
-0.023507
-0.01619
-0.017281
-0.010764
-0.015303
-0.013764
-0.019898
-0.0082339
-0.022041
-0.031294
-0.037222
-0.0322
-0.0088117
-0.010819
-0.020467
-0.0059225
-0.0051427
-0.050177
-0.01012
-0.017498
-0.011499
-0.010677
-0.026034
-0.017346
-0.016078
-0.023642
-0.043466
-0.010492
-0.023685
-0.037775
-0.016234
-0.009366
-0.0065078
-0.028429
-0.0090625
-0.0245
-0.010979
-0.058535
-0.051853
-0.0090691
-0.020828
-0.075676
-0.029406
-0.04436
-0.02028
-0.0093872
-0.024207
-0.011575
-0.005632
-0.018445
-0.016398
-0.012948
-0.013563
-0.048819
-0.095481
-0.018333
-0.00807
-0.012206
-0.020231
-0.01437
-0.0092548
-0.0071034
-0.022667
-0.010754
-0.011636
-0.027843
-0.027253
-0.036458
-0.036057
-0.057561
-0.033365
-0.022603
-0.01069
-0.01225
-0.0084295
-0.016069
-0.018588
-0.0074874
-0.022563
-0.025382
-0.012847
-0.018705
-0.013068
-0.048009
-0.015889
-0.023737
-0.024341
-0.012919
-0.0065137
-0.034414
-0.0091917
-0.013997
-0.043048
-0.0088186
-0.010603
-0.010865
-0.0095492
-0.015517
-0.018314
-0.011717
-0.044184
-0.023986
-0.011718
-0.0347
-0.0244
-0.01348
-0.0050331
-0.018818
-0.015676
-0.022559
-0.083173
-0.018387
-0.017203
-0.012097
-0.010431
-0.019123
-0.0082313
-0.044711
-0.025322
-0.019436
-0.054545
-0.006264
-0.028283
-0.013276
-0.046729
-0.013887
-0.049986
-0.019157
-0.0094302
-0.012326
-0.020355
-0.025927
-0.010232
-0.017154
-0.013985
-0.031605
-0.014575
-0.038004
-0.010696
-0.011026
-0.014442
-0.017899
-0.01199
-0.012265
-0.042034
-0.022775
-0.0092287
-0.036565
-0.0064956
-0.012468
-0.032313
-0.043556
-0.0053905
-0.0082099
-0.01242
-0.01864
-0.022598
-0.027894
-0.011768
-0.027325
-0.0059342
-0.027055
-0.013486
-0.012236
-0.017923
-0.010985
-0.020132
-0.011103
-0.044843
-0.0094228
-0.0098281
-0.026486
-0.019871
-0.0092171
-0.033116
-0.013576
-0.0084302
-0.023015
-0.018354
-0.0086581
-0.0091149
-0.01995
-0.011173
-0.027898
-0.019504
-0.021534
-0.019342
-0.019712
-0.019277
-0.056701
-0.0092204
-0.0089791
-0.034117
-0.017768
-0.011493
-0.026152
-0.029557
-0.01239
-0.066992
-0.013518
-0.0099103
-0.044409
-0.0099324
-0.01087
-0.0076606
-0.019064
-0.021775
-0.052434
-0.0061871
-0.0070811
-0.013475
-0.0412
-0.015574
-0.0090864
-0.01678
-0.034434
-0.012829
-0.044486
-0.011728
-0.021508
-0.040925
-0.007477
-0.00493
-0.047629
-0.01632
-0.018825
-0.011237
-0.016599
-0.0088121
-0.012337
-0.037475
-0.0057463
-0.036279
-0.015745
-0.010905
-0.021821
-0.0097205
-0.017364
-0.028594
-0.014329
-0.011687
-0.012824
-0.019364
-0.010644
-0.010124
-0.0097368
-0.057663
-0.015239
-0.01989
-0.042586
-0.018336
-0.020137
-0.015231
-0.0080977
-0.061691
-0.02632
-0.027541
-0.011823
-0.021299
-0.01657
-0.037136
-0.028757
-0.0089648
-0.016539
-0.012657
-0.031378
-0.050908
-0.030368
-0.011645
-0.049492
-0.031326
-0.015656
-0.018343
-0.008061
-0.017661
-0.023847
-0.031617
-0.0082133
-0.016288
-0.0085499
-0.06072
-0.011752
-0.013833
-0.0070151
-0.027439
-0.054637
-0.02349
-0.022858
-0.021843
-0.0068791
-0.039598
-0.0088112
-0.0091761
-0.081327
-0.012539
-0.056134
-0.0080306
-0.013704
-0.012989
-0.0082718
-0.021115
-0.011627
-0.011484
-0.025915
-0.00657
-0.0096571
-0.043315
-0.0088459
-0.025005
-0.023014
-0.018191
-0.01243
-0.007895
-0.0084545
-0.019337
-0.011468
-0.057932
-0.013805
-0.049633
-0.0062721
-0.01189
-0.044859
-0.036687
-0.010386
-0.010889
-0.0063497
-0.081926
-0.022318
-0.011697
-0.019713
-0.013204
-0.015989
-0.037608
-0.018299
-0.020972
-0.040257
-0.032665
-0.04718
-0.0049864
-0.0065986
-0.0095732
-0.010993
-0.016937
-0.013013
-0.0045537
-0.01329
-0.018227
-0.018889
-0.016566
-0.012352
-0.02303
-0.019176
-0.044724
-0.010911
-0.011937
-0.021019
-0.031519
-0.013113
-0.015548
-0.016118
-0.0076554
-0.07371
-0.011739
-0.01162
-0.007592
-0.0048581
-0.016646
-0.015501
-0.035943
-0.013024
-0.019804
-0.011193
-0.011573
-0.013147
-0.056857
-0.008401
-0.032755
-0.062261
-0.0059736
-0.021918
-0.012381
-0.017048
-0.012602
-0.011094
-0.010804
-0.026692
-0.010564
-0.015288
-0.014012
-0.0075456
-0.014684
-0.030363
-0.025048
-0.043771
-0.017913
-0.013986
-0.0080075
-0.015983
-0.013184
-0.046403
-0.010728
-0.012466
-0.015515
-0.010162
-0.016593
-0.010535
-0.022085
-0.0097648
-0.021386
-0.01684
-0.012131
-0.010717
-0.0069909
-0.018138
-0.013665
-0.012991
-0.006888
-0.02276
-0.026849
-0.028272
-0.047802
-0.016572
-0.010423
-0.010153
-0.035831
-0.022681
-0.013109
-0.01258
-0.030254
-0.0070039
-0.023502
-0.026444
-0.0063784
-0.013635
-0.016798
-0.011911
-0.011515
-0.006401
-0.0092224
-0.0088476
-0.025076
-0.016838
-0.044386
-0.027279
-0.018638
-0.04432
-0.011687
-0.015638
-0.020174
-0.016255
-0.014913
-0.022314
-0.010331
-0.031853
-0.013149
-0.0077406
-0.017304
-0.019806
-0.012629
-0.0091899
-0.064301
-0.014378
-0.012362
-0.006491
-0.011422
-0.021329
-0.012036
-0.015469
-0.0097413
-0.020894
-0.035163
-0.036923
-0.046129
-0.011615
-0.012857
-0.011495
-0.021099
-0.012256
-0.03127
-0.017971
-0.016992
-0.023934
-0.010764
-0.011009
-0.018094
-0.011997
-0.020176
-0.011042
-0.051116
-0.019461
-0.021174
-0.0078105
-0.028341
-0.027003
-0.0093011
-0.0091116
-0.017487
-0.0095537
-0.021179
-0.035858
-0.0093357
-0.011703
-0.0074594
-0.028728
-0.0096625
-0.018526
-0.0068156
-0.029456
-0.0081295
-0.03732
-0.020753
-0.023152
-0.0057058
-0.014073
-0.0089907
-0.0143
-0.012365
-0.033454
-0.014529
-0.0053784
-0.080679
-0.015118
-0.041549
-0.048791
-0.011247
-0.010228
-0.0081994
-0.0071786
-0.020836
-0.0061392
-0.01657
-0.042943
-0.012558
-0.038917
-0.017383
-0.014809
-0.0078276
-0.047418
-0.015607
-0.015841
-0.034853
-0.0086572
-0.014982
-0.0088191
-0.021299
-0.0087452
-0.012085
-0.015498
-0.0086794
-0.012418
-0.0074198
-0.016613
-0.044299
-0.03192
-0.012034
-0.048553
-0.011213
-0.015159
-0.010082
-0.014211
-0.014093
-0.011649
-0.010812
-0.0099429
-0.015956
-0.010459
-0.015015
-0.039583
-0.016523
-0.014401
-0.038626
-0.019543
-0.013453
-0.011299
-0.021846
-0.014243
-0.011307
-0.025552
-0.0074331
-0.018153
-0.045943
-0.018441
-0.0070842
-0.011419
-0.014239
-0.0069729
-0.020921
-0.016316
-0.013304
-0.0071795
-0.010598
-0.016628
-0.012225
-0.017528
-0.049689
-0.0066484
-0.016934
-0.0089232
-0.0078507
-0.010637
-0.014552
-0.0075373
-0.027722
-0.014503
-0.023168
-0.023054
-0.024243
-0.025935
-0.011826
-0.007653
-0.020366
-0.0083107
-0.01244
-0.027357
-0.015733
-0.014728
-0.041499
-0.0086249
-0.01237
-0.013508
-0.03525
-0.010553
-0.045994
-0.0089741
-0.011586
-0.017882
-0.02677
-0.023331
-0.011266
-0.014879
-0.009803
-0.017039
-0.018291
-0.0084661
-0.01192
-0.025577
-0.0367
-0.010994
-0.022569
-0.010568
-0.033791
-0.015893
-0.010023
-0.0061978
-0.011236
-0.0154
-0.070032
-0.014357
-0.043044
-0.0089104
-0.024521
-0.059341
-0.01016
-0.009315
-0.026929
-0.018225
-0.012067
-0.035434
-0.0068926
-0.021137
-0.0091723
-0.050695
-0.018079
-0.012657
-0.011245
-0.013962
-0.032067
-0.014107
-0.0065319
-0.006901
-0.0066624
-0.013058
-0.012399
-0.017014
-0.00869
-0.015113
-0.015399
-0.0083319
-0.007073
-0.013075
-0.014794
-0.0073025
-0.011239
-0.028354
-0.045269
-0.015214
-0.010537
-0.013221
-0.0098171
-0.0075942
-0.015293
-0.060662
-0.011963
-0.0049412
-0.0073632
-0.025885
-0.0088423
-0.0096372
-0.01807
-0.032661
-0.012167
-0.014154
-0.052187
-0.042486
-0.0093465
-0.0077906
-0.0079372
-0.0079533
-0.0091233
-0.020578
-0.01834
-0.012016
