-0.076701
-0.088546
-0.091769
-0.083279
-0.089397
-0.089892
-0.09126
-0.091125
-0.086139
-0.093098
-0.09396
-0.093843
-0.079262
-0.087732
-0.092867
-0.088746
-0.092994
-0.093156
-0.090472
-0.091534
-0.081588
-0.09054
-0.091457
-0.091463
-0.094925
-0.091253
-0.089784
-0.088489
-0.085584
-0.08852
-0.089002
-0.092761
-0.092796
-0.092186
-0.083475
-0.091333
-0.089255
-0.088539
-0.082544
-0.080333
-0.094063
-0.089795
-0.084531
-0.091427
-0.087107
-0.093929
-0.082882
-0.089366
-0.08213
-0.089398
-0.093602
-0.090315
-0.094136
-0.088083
-0.086223
-0.088615
-0.090759
-0.093024
-0.090839
-0.091524
-0.088417
-0.091132
-0.088452
-0.089393
-0.07571
-0.092833
-0.084709
-0.087355
-0.08915
-0.090824
-0.087707
-0.096169
-0.086655
-0.090645
-0.088333
-0.081075
-0.086878
-0.08447
-0.088158
-0.083716
-0.086709
-0.091949
-0.094973
-0.08382
-0.093011
-0.094375
-0.081542
-0.0935
-0.082161
-0.089112
-0.095032
-0.085851
-0.092797
-0.085671
-0.08267
-0.09249
-0.088182
-0.092894
-0.085541
-0.090116
-0.084552
-0.093304
-0.086605
-0.089143
-0.097205
-0.082924
-0.091291
-0.089628
-0.093841
-0.086858
-0.085802
-0.091107
-0.089587
-0.083473
-0.08054
-0.088341
-0.08765
-0.082359
-0.084005
-0.090155
-0.086024
-0.087725
-0.086785
-0.086806
-0.088681
-0.093295
-0.090414
-0.088342
-0.089306
-0.093122
-0.088787
-0.087363
-0.087306
-0.093764
-0.086672
-0.088393
-0.090548
-0.089361
-0.083594
-0.096746
-0.086418
-0.091482
-0.093362
-0.090865
-0.085126
-0.085205
-0.088236
-0.079047
-0.093359
-0.086126
-0.085643
-0.083172
-0.092756
-0.08786
-0.087387
-0.093214
-0.089287
-0.085873
-0.088814
-0.090718
-0.090003
-0.084223
-0.090466
-0.096576
-0.090229
-0.088619
-0.088418
-0.08801
-0.081166
-0.07796
-0.084083
-0.075474
-0.078633
-0.085127
-0.088483
-0.094098
-0.082061
-0.085237
-0.093184
-0.091093
-0.08757
-0.089854
-0.088061
-0.092828
-0.088608
-0.09554
-0.092254
-0.085555
-0.090714
-0.09536
-0.085211
-0.095013
-0.091438
-0.080594
-0.08865
-0.092083
-0.084732
-0.090088
-0.090126
-0.085284
-0.09582
-0.090549
-0.086407
-0.092215
-0.089454
-0.086068
-0.08949
-0.092718
-0.092683
-0.091598
-0.090229
-0.088337
-0.091747
-0.083704
-0.086281
-0.094315
-0.087507
-0.091343
-0.091114
-0.07446
-0.086836
-0.088092
-0.09006
-0.094774
-0.082306
-0.085751
-0.083351
-0.092474
-0.091487
-0.090455
-0.09182
-0.087221
-0.0882
-0.083553
-0.09413
-0.082929
-0.094063
-0.085943
-0.082863
-0.087951
-0.083627
-0.086294
-0.089544
-0.093659
-0.087362
-0.090907
-0.086201
-0.085597
-0.085816
-0.090518
-0.086085
-0.085687
-0.086902
-0.086135
-0.088505
-0.092221
-0.08984
-0.089584
-0.090461
-0.0922
-0.087674
-0.087163
-0.086404
-0.078496
-0.092429
-0.088354
-0.08551
-0.089844
-0.084829
-0.088947
-0.091936
-0.091001
-0.092592
-0.085668
-0.080977
-0.084294
-0.09002
-0.08284
-0.092789
-0.087855
-0.08917
-0.088649
-0.0933
-0.089079
-0.076131
-0.08915
-0.089261
-0.091471
-0.082103
-0.08619
-0.089621
-0.091333
-0.090135
-0.085668
-0.089809
-0.087646
-0.091878
-0.089576
-0.09566
-0.09325
-0.078356
-0.090776
-0.091118
-0.089695
-0.09072
-0.072738
-0.087002
-0.08682
-0.090007
-0.08998
-0.09352
-0.093253
-0.08329
-0.090166
-0.084004
-0.086726
-0.090955
-0.082396
-0.084865
-0.091543
-0.091011
-0.083716
-0.091716
-0.093703
-0.092398
-0.075683
-0.091237
-0.089036
-0.085259
-0.087749
-0.090772
-0.090363
-0.087146
-0.090986
-0.077164
-0.093325
-0.085612
-0.086763
-0.085025
-0.088081
-0.087564
-0.087318
-0.084005
-0.092686
-0.090709
-0.077674
-0.090357
-0.091955
-0.092384
-0.090682
-0.086875
-0.085477
-0.093296
-0.083057
-0.089353
-0.086295
-0.081609
-0.08851
-0.093083
-0.089111
-0.094107
-0.08689
-0.094203
-0.089895
-0.087486
-0.085805
-0.087115
-0.088621
-0.085867
-0.086206
-0.084295
-0.078854
-0.083703
-0.090049
-0.083264
-0.092414
-0.094131
-0.085199
-0.089415
-0.091733
-0.088583
-0.086176
-0.086694
-0.08789
-0.095138
-0.087468
-0.087789
-0.082763
-0.087549
-0.08966
-0.090105
-0.086042
-0.094201
-0.089458
-0.08963
-0.084545
-0.086278
-0.087014
-0.090265
-0.086254
-0.081271
-0.086805
-0.085077
-0.08466
-0.076187
-0.089968
-0.084014
-0.088605
-0.094247
-0.084919
-0.083583
-0.092926
-0.092691
-0.081174
-0.086927
-0.090997
-0.087731
-0.091897
-0.085778
-0.093951
-0.083446
-0.08511
-0.088619
-0.084245
-0.09249
-0.085348
-0.083205
-0.09339
-0.090663
-0.082965
-0.085499
-0.089189
-0.090983
-0.086541
-0.079019
-0.081111
-0.089366
-0.094322
-0.089105
-0.08247
-0.088464
-0.096275
-0.092234
-0.07762
-0.087553
-0.088938
-0.089605
-0.081044
-0.090175
-0.078789
-0.090659
-0.084361
-0.086073
-0.084379
-0.084858
-0.090893
-0.092518
-0.087746
-0.083185
-0.09316
-0.083006
-0.092676
-0.093733
-0.091848
-0.091993
-0.08732
-0.085946
-0.091544
-0.095831
-0.092979
-0.094143
-0.092923
-0.092114
-0.087586
-0.088959
-0.090156
-0.081959
-0.092113
-0.081704
-0.08919
-0.086482
-0.081943
-0.092738
-0.085397
-0.088078
-0.088431
-0.086953
-0.096495
-0.091603
-0.088462
-0.089848
-0.091072
-0.088714
-0.093749
-0.087234
-0.079673
-0.089393
-0.085203
-0.087304
-0.089123
-0.090903
-0.088767
-0.084611
-0.08971
-0.088057
-0.092659
-0.088058
-0.092293
-0.085058
-0.092544
-0.088936
-0.086999
-0.081791
-0.080169
-0.093882
-0.084384
-0.083793
-0.09423
-0.088558
-0.087404
-0.082255
-0.093414
-0.086152
-0.088318
-0.092042
-0.091338
-0.089149
-0.082193
-0.091141
-0.093959
-0.087313
-0.080183
-0.09042
-0.090914
-0.090112
-0.090068
-0.095113
-0.090033
-0.084814
-0.087425
-0.091334
-0.088892
-0.089078
-0.091638
-0.089653
-0.088957
-0.086882
-0.085802
-0.094852
-0.091533
-0.089634
-0.082868
-0.088591
-0.084352
-0.088495
-0.087567
-0.081739
-0.090993
-0.091412
-0.089886
-0.091989
-0.092025
-0.089686
-0.089296
-0.089383
-0.094277
-0.089796
-0.088083
-0.089787
-0.093456
-0.073562
-0.083089
-0.090667
-0.0904
-0.087734
-0.088898
-0.089482
-0.091004
-0.086626
-0.091582
-0.087361
-0.084186
-0.08203
-0.077655
-0.081446
-0.084206
-0.085804
-0.093424
-0.091028
-0.092696
-0.085785
-0.089395
-0.091948
-0.085757
-0.087632
-0.087038
-0.089407
-0.088467
-0.069109
-0.084539
-0.092848
-0.086092
-0.086603
-0.088265
-0.087497
-0.095056
-0.08964
-0.08869
-0.085957
-0.090999
-0.082998
-0.081771
-0.086835
-0.086414
-0.088338
-0.080532
-0.08517
-0.085114
-0.0895
-0.082598
-0.088202
-0.089204
-0.090095
-0.093455
-0.091416
-0.088993
-0.088303
-0.084705
-0.091237
-0.08086
-0.081601
-0.084626
-0.093809
-0.08676
-0.086908
-0.089404
-0.083479
-0.08892
-0.087904
-0.08345
-0.088243
-0.075756
-0.081075
-0.092874
-0.086513
-0.077787
-0.08897
-0.08914
-0.089985
-0.080305
-0.084868
-0.089526
-0.095545
-0.090499
-0.095872
-0.08351
-0.090322
-0.084829
-0.085357
-0.090607
-0.091309
-0.087441
-0.082093
-0.085187
-0.090826
-0.095383
-0.096431
-0.082864
-0.088949
-0.08172
-0.078917
-0.091351
-0.094954
-0.088471
-0.088542
-0.093523
-0.092298
-0.086836
-0.088721
-0.093357
-0.089077
-0.082424
-0.092709
-0.08005
-0.08973
-0.087137
-0.088641
-0.090646
-0.079927
-0.09275
-0.09133
-0.086268
-0.089525
-0.088175
-0.082172
-0.087307
-0.083835
-0.083983
-0.091556
-0.089864
-0.083727
-0.09156
-0.086781
-0.091042
-0.091064
-0.092629
-0.084679
-0.08224
-0.090422
-0.090462
-0.088691
-0.093692
-0.092757
-0.083991
-0.090513
-0.088099
-0.081129
-0.077022
-0.093053
-0.09314
-0.08638
-0.088845
-0.091717
-0.094048
-0.087545
-0.09209
-0.074223
-0.088617
-0.078408
-0.086765
-0.086586
-0.092558
-0.094192
-0.088336
-0.087942
-0.080476
-0.08859
-0.091831
-0.090379
-0.089406
-0.091431
-0.088693
-0.087928
-0.093619
-0.090987
-0.092322
-0.085115
-0.088119
-0.088068
-0.06185
-0.086679
-0.089914
-0.0931
-0.090339
-0.094988
-0.080311
-0.093256
-0.089764
-0.089232
-0.08806
-0.090108
-0.084582
-0.090575
-0.083886
-0.083857
-0.090783
-0.089967
-0.094391
-0.092619
-0.088775
-0.092595
-0.091187
-0.093656
-0.091162
-0.093397
-0.090773
-0.08596
-0.093048
-0.08715
-0.081248
-0.086425
-0.084305
-0.087682
-0.091288
-0.08721
-0.076752
-0.078565
-0.092761
-0.091549
-0.093492
-0.082209
-0.086304
-0.088706
-0.090843
-0.092753
-0.088475
-0.092419
-0.06858
-0.081488
-0.089369
-0.08359
-0.091641
-0.080784
-0.087807
-0.090252
-0.090327
-0.089317
-0.088806
-0.087572
-0.0942
-0.082869
-0.091558
-0.08931
-0.086589
-0.08641
-0.093706
-0.077121
-0.087213
-0.090973
-0.091006
-0.093343
-0.078913
-0.085808
-0.09256
-0.087835
-0.083227
-0.095003
-0.081915
-0.094711
-0.093719
-0.081278
-0.071298
-0.089352
-0.085192
-0.089431
-0.088296
-0.091723
-0.086252
-0.086693
-0.086825
-0.092715
-0.090005
-0.080213
-0.086891
-0.0856
-0.093421
-0.084634
-0.093135
-0.075247
-0.086205
-0.09045
-0.092462
-0.092729
-0.090037
-0.091441
-0.087736
-0.089124
-0.084915
-0.093123
-0.089265
-0.085272
-0.082141
-0.086964
-0.090174
-0.090168
-0.09113
-0.084488
-0.083085
-0.089508
-0.096854
-0.090735
-0.085901
-0.082078
-0.085859
-0.091403
-0.088833
-0.086754
-0.085333
-0.094587
-0.083192
-0.083918
-0.084345
-0.092561
-0.082255
-0.087049
-0.08709
-0.079419
-0.090347
-0.079118
-0.087378
-0.086644
-0.086367
-0.089287
-0.086075
-0.086009
-0.089568
-0.088185
-0.088412
-0.087176
-0.092962
-0.085287
-0.094362
-0.089282
-0.08943
-0.088743
-0.086375
-0.080779
-0.088324
-0.090014
-0.087437
-0.093564
-0.088593
-0.083105
-0.079657
-0.087331
-0.089702
-0.082912
-0.091684
-0.082126
-0.086553
-0.092702
-0.090473
-0.087998
-0.084025
-0.089611
-0.091742
-0.085522
-0.086322
-0.082964
-0.088016
-0.082699
-0.09293
-0.092506
-0.09343
-0.081459
-0.080486
-0.094874
-0.08637
-0.086041
-0.080595
-0.093766
-0.088066
-0.087672
-0.090656
-0.086265
-0.080604
-0.094034
-0.088876
-0.095759
-0.089449
-0.080718
-0.083588
-0.081159
-0.087867
-0.091068
-0.092526
-0.08469
-0.091353
-0.093314
-0.091325
-0.083864
-0.087629
-0.093356
-0.085687
-0.085535
-0.094204
-0.091232
-0.082267
-0.092662
-0.088417
-0.087033
-0.090506
-0.075826
-0.081203
-0.085144
-0.085743
-0.085646
-0.087005
-0.08757
-0.086073
-0.093675
-0.089967
-0.083897
-0.079889
-0.090496
-0.093315
-0.089313
-0.09258
-0.090439
-0.084229
-0.093387
-0.081858
-0.090033
-0.086804
-0.084092
-0.08682
-0.092685
-0.088373
-0.091152
-0.08815
-0.081555
-0.090088
-0.077617
-0.087565
-0.085114
-0.083942
-0.092618
-0.090475
-0.070265
-0.088663
-0.087262
-0.090739
-0.090484
-0.088245
-0.086271
-0.086951
-0.092661
-0.080561
-0.088731
-0.087875
-0.088124
-0.091683
-0.083419
-0.087264
-0.088586
-0.089951
-0.087475
-0.082535
-0.083946
-0.086188
-0.091502
-0.090757
-0.091442
-0.085416
-0.087022
-0.086151
-0.083871
-0.089489
-0.086773
-0.092846
-0.091823
-0.08516
-0.092408
-0.07747
-0.088773
-0.089895
-0.088098
-0.085903
-0.09239
-0.086113
