5.5582	7.0666	3.3396	6.0201	5.5432	4.369	4.9102	5.2161
4.1331	4.7165	4.9095	4.6993	6.6207	5.0148	3.288	4.2462
4.065	3.908	4.4239	4.5403	3.7393	3.4957	4.984	4.0138
4.3028	3.5891	3.7175	3.8961	4.2774	3.5149	4.179	3.8526
3.4892	3.6226	4.4078	4.2528	4.2666	4.1105	4.1226	3.7611
4.4226	3.5157	4.2016	3.664	5.2364	4.8582	4.0237	4.5529
3.9235	4.0235	4.4883	3.9326	4.3456	4.7937	4.4771	4.5157
6.0328	7.3935	9.945	7.3436	7.9421	6.9594	6.8255	6.9667
3.0117	4.5243	3.7169	3.984	4.8136	3.6861	4.3341	3.5047
4.341	3.8653	4.4763	5.7711	4.0674	4.6813	4.4947	4.2306
4.6435	4.5463	4.2437	5.2013	5.0083	5.4293	4.6694	4.5207
4.9339	4.3782	4.3963	4.6591	4.4592	5.3476	5.6898	5.2515
4.8795	4.1074	4.346	4.9213	3.8505	3.5473	4.4828	4.1482
10.398	10.279	10.955	13.425	8.695	7.7814	9.0751	9.4966
3.9469	3.4337	4.2556	4.4362	4.3085	4.4136	4.0503	5.1843
2.9439	2.2735	4.3293	4.8326	3.4212	3.4702	3.4957	4.2452
6.289	6.028	5.7143	5.1523	6.1161	6.5324	5.2871	6.0299
4.2873	4.3475	4.6399	4.88	4.6827	6.0242	4.9502	3.9935
5.1712	5.2809	6.341	5.9417	6.3277	6.0121	8.97	5.9662
6.1358	7.2783	5.5687	6.522	6.9383	5.1879	7.4934	7.4495
3.4258	3.841	3.5788	4.661	4.0369	4.0699	4.4938	4.5773
3.4003	3.5026	3.7729	4.1025	3.9599	4.5279	3.6992	4.0858
3.9256	4.0789	4.244	4.242	5.8217	4.7296	4.9034	3.7943
5.9799	4.4676	5.4539	4.3365	6.0698	5.4237	5.7479	4.509
5.4262	4.9699	5.4664	5.02	3.9371	4.5063	5.1338	5.8331
6.5082	8.1837	8.1532	9.7147	4.7679	4.9582	7.1631	6.9026
3.3279	3.1733	3.2371	3.1391	2.7379	2.7703	3.3698	3.2136
2.9287	3.3353	4.0486	2.9227	4.6164	3.2961	4.3373	3.7477
3.1182	3.2092	3.4286	4.2395	3.4092	3.4805	2.8872	4.3521
5.6637	4.1072	5.5796	6.2723	5.188	4.786	5.1237	5.4766
3.9937	3.8957	4.5367	3.7754	4.0331	3.4587	4.2941	3.2211
4.6746	4.705	5.1165	3.3535	4.417	4.4397	4.5021	4.9691
4.8396	4.8897	3.2009	3.468	4.2243	4.3517	3.7365	5.2193
3.9042	5.6747	5.5238	4.8909	5.0203	4.5662	5.0953	5.4798
4.4817	4.3394	4.7086	4.6711	3.9784	3.9775	3.858	4.3095
3.6422	2.9567	3.3923	3.1461	3.0226	3.185	3.2546	3.2799
6.6763	5.384	5.5187	4.8964	4.7306	5.6832	4.3042	5.8618
5.5576	6.045	4.9672	5.5101	4.523	5.7353	5.5865	6.6558
6.689	6.7817	7.7552	5.0901	6.1755	4.9826	5.3606	5.1314
8.2197	4.2711	6.1855	5.8178	5.6608	7.406	7.1269	4.8997
3.7942	2.938	2.9771	3.5786	3.6153	2.7828	3.0059	3.4916
4.4021	3.6851	3.3901	3.4236	3.9422	4.2845	3.3467	3.5959
4.7609	4.8863	3.3252	4.4457	4.3746	3.0658	4.4735	4.5661
6.8429	7.3397	5.9288	6.4982	5.9384	5.6021	5.8169	6.1551
4.8146	4.7731	4.5033	4.7054	4.7622	4.1902	4.6261	5.0635
5.886	5.553	7.655	5.3726	5.5382	8.0215	6.2898	5.8576
5.1364	2.628	3.4611	3.5661	3.3559	3.6971	4.2079	4.2276
2.2263	3.1617	3.0583	3.5596	3.0242	2.4574	4.707	4.2573
4.1138	4.3482	4.6454	4.7215	5.0894	4.6361	5.0762	5.2541
5.0456	4.5044	4.4508	3.9891	4.1541	3.7122	3.3957	3.4027
3.4369	3.4063	3.844	3.278	3.39	3.2104	3.7911	2.6855
3.3734	3.954	3.7008	4.4974	4.3568	5.4553	3.9124	3.8121
4.7438	5.7929	5.9071	5.0058	5.5498	4.7061	5.3128	5.5731
4.0748	2.2934	3.7611	4.0105	4.4055	3.699	3.8223	4.12
4.9415	4.9271	4.7991	4.0693	5.1381	4.2257	5.2162	4.4665
4.702	4.4069	4.0332	4.2853	3.5839	4.3863	4.2293	3.7005
2.6752	3.8892	3.5645	2.8515	2.8956	4.0011	3.4305	3.6685
4.1296	5.7142	4.1104	4.835	3.096	4.0823	4.0655	5.1789
4.9403	5.4069	3.936	3.8808	4.4614	4.9918	4.9251	5.524
8.3549	8.1549	5.3194	5.6772	7.4316	6.089	5.4186	6.3195
9.0475	5.3087	6.1628	5.3884	6.5596	6.3547	6.7397	6.2069
3.6575	3.7431	3.6961	3.4087	3.4567	3.4099	3.2491	4.2294
4.3885	4.31	3.6671	4.5387	4.5103	4.5308	5.5608	4.3851
5.0858	4.9689	5.5376	4.5788	7.4487	5.2421	8.7162	4.834
3.9158	4.3091	3.8036	3.7399	4.7577	4.9634	5.2315	4.58
9.918	5.6141	4.8219	6.4464	4.0626	5.3674	10.479	5.9084
2.9369	3.7022	4.636	4.3413	3.8438	4.0928	4.179	3.8376
3.7447	4.8732	4.7064	4.5159	3.7051	5.2521	4.3706	4.7616
3.0967	3.2775	4.9209	3.9334	3.5113	4.1814	3.865	4.4294
6.6807	4.7875	4.9996	4.4467	5.6882	5.1185	4.6045	3.42
5.9534	4.7402	6.0269	5.4672	5.5309	6.1827	6.1183	5.2174
9.3153	6.3131	7.0565	8.3038	8.8487	8.6668	6.6788	6.0531
6.3393	5.3037	7.3041	5.4783	4.7402	5.6087	4.8707	5.3258
5.0924	5.8844	5.0069	5.156	4.7358	4.699	6.5034	5.5618
4.9959	4.3344	5.1721	4.4841	3.9664	4.6769	4.2796	4.7794
4.0186	5.0407	4.6555	6.0632	5.2426	5.6529	6.3994	5.3227
3.1941	6.4393	4.9319	6.1287	5.762	5.1817	5.4452	6.6821
3.8675	4.5577	5.6289	5.9263	5.6102	5.867	4.7382	3.811
3.818	3.9014	5.7605	6.1134	6.597	5.3967	5.1461	7.1688
4.9419	4.8886	4.0605	3.9751	4.4705	4.6229	4.5335	3.9415
5.5122	5.0354	6.8741	7.0682	5.1356	5.5059	7.4079	7.7987
2.8809	3.4468	3.6017	3.2899	3.1855	3.4067	3.3577	4.566
4.6091	5.5161	6.4118	5.6286	6.3607	4.9884	4.9226	4.6552
7.8858	6.2688	7.375	8.4759	6.434	6.2814	5.6164	8.2824
5.3321	5.1324	5.6878	5.7957	6.2039	4.3486	5.9688	4.542
3.4024	2.9326	2.9973	3.6655	3.6991	3.1428	3.1179	3.0605
4.0077	3.9143	4.7669	4.0723	5.5716	5.2186	4.4166	3.5226
5.4166	4.7875	4.2964	4.2595	3.1599	4.3081	4.1302	4.9135
5.6037	4.7888	4.8533	4.6368	4.6393	4.0981	4.1591	4.0626
5.1816	5.4894	4.9074	5.0225	5.8568	4.8459	4.5986	4.4821
4.771	5.2499	3.925	6.8476	4.426	4.3587	4.1031	5.7307
3.82	3.1582	5.1768	4.881	4.2434	4.5312	3.8167	5.9876
4.2692	4.2374	4.1865	5.3071	4.1152	3.5786	5.5643	4.4297
4.7539	4.3349	3.1094	3.9781	4.0482	4.2354	3.6461	3.8779
3.7194	3.7363	4.3693	3.4547	5.2714	4.5102	3.6941	4.1862
4.8211	4.4659	5.0825	4.3743	5.2209	5.3069	5.6445	6.238
4.2637	4.8606	5.792	7.1895	6.3304	5.0806	5.6767	6.1846
4.7575	4.0519	4.9909	5.3298	4.8579	4.4346	6.812	4.5563
3.5003	3.6759	3.8397	3.3186	2.2793	3.7603	3.8431	4.2166
6.4462	7.204	5.3658	6.4294	6.3131	5.5989	6.3033	4.648
3.8572	4.1684	4.3958	4.1997	3.7334	3.3082	3.7772	4.3058
4.8216	3.8671	3.2558	3.985	4.5071	3.6086	4.1764	4.2406
6.4028	5.5883	5.6383	5.9974	5.2105	5.167	5.8728	5.1119
4.6958	3.9969	6.1617	5.1308	5.0079	5.1925	5.4716	4.9974
4.8747	3.7824	4.358	4.2811	4.1388	4.9135	5.6811	4.2235
4.5294	5.4332	4.7182	4.9954	4.4945	4.9162	4.8156	4.2466
3.848	3.9469	3.7693	4.1396	4.2588	4.548	4.1551	4.249
4.2838	5.4734	4.7202	3.3063	4.9366	5.1977	4.4392	4.3034
8.0637	6.1495	4.0768	6.9271	4.4504	6.1884	4.9954	5.9237
9.6736	8.8566	7.1758	7.4483	6.8745	7.8628	6.1866	6.1236
5.4107	5.6677	6.4795	4.9238	5.3355	3.6918	4.8557	4.1614
3.7712	4.793	4.5117	4.5401	4.819	4.7816	3.7136	4.1455
4.3772	4.3524	5.1179	6.2535	5.3203	5.6224	6.3092	4.7895
7.106	4.5712	5.3886	6.118	5.0076	6.3183	5.1363	5.1418
4.8816	7.5037	7.3123	6.8665	6.5515	6.4567	6.6589	7.8733
8.5559	5.0098	4.7244	5.6324	5.9206	5.0822	4.3262	5.6579
3.3572	2.6489	3.8289	3.6144	4.136	4.6698	4.4184	4.2935
2.5038	4.0627	2.8618	3.3293	3.1494	3.7584	3.1102	3.4006
5.1201	6.5342	6.7446	6.7284	8.5936	4.8271	5.4706	5.4084
5.6727	5.5148	4.8627	5.3004	5.1295	3.7861	4.4431	5.0381
5.4455	3.7671	4.3134	3.6819	4.3545	3.6902	4.185	4.5921
4.6866	4.7334	5.314	6.6062	5.0674	4.5174	4.9551	6.1503
3.6055	3.4609	3.9927	3.8963	3.6078	4.397	4.2316	4.8053
4.4739	4.9244	5.2116	5.3553	5.2742	5.2936	4.4887	6.0692
3.9816	4.5957	5.3956	4.4807	5.295	6.2605	6.4348	5.3941
4.7663	4.3513	3.8193	3.9987	4.3958	4.0219	4.1886	5.6694
4.265	3.2551	5.6324	5.8765	6.3498	5.6125	5.5253	5.8321
4.0982	4.3694	4.101	5.0856	4.3367	4.2486	4.9181	3.5462
4.5329	3.683	3.4697	4.2873	3.5534	4.71	4.9537	4.5287
3.4851	4.8999	4.5131	4.1561	4.1374	3.9526	5.1768	4.1936
5.7607	5.3362	6.4795	5.8273	5.535	5.6451	5.3127	5.3094
4.5957	4.8065	5.0818	4.697	5.9765	4.0059	4.4373	4.4258
6.0536	6.3179	8.9265	7.1624	5.5881	10.583	7.2908	7.1873
3.1361	3.2711	4.0851	3.4573	3.5339	3.8268	3.9175	3.34
3.9201	3.9467	5.6555	5.0098	3.9745	4.3535	4.3699	4.7767
3.375	2.998	3.4104	3.9063	3.9975	4.1368	4.2665	3.5142
3.0756	3.6175	3.0689	3.8881	3.4277	2.8762	3.1837	3.329
4.9885	5.978	5.0192	6.3237	6.1024	5.4178	6.8291	4.9003
5.0708	2.6956	4.3849	4.9338	4.5681	4.2607	4.3539	5.7514
4.4227	3.5442	4.8025	3.3019	4.4181	4.2149	3.6446	4.5457
4.8971	5.5196	5.6836	5.7965	5.3864	5.5381	4.8513	4.6072
4.4582	3.7297	5.0614	3.8121	3.8699	4.1924	3.9495	4.1203
6.859	7.3527	7.018	6.215	5.5429	7.354	5.6745	7.6158
4.7254	4.7059	4.735	5.2208	4.5107	4.9384	4.9627	5.1497
4.0013	4.4379	3.3263	4.2378	4.4121	4.9394	5.0199	3.5965
4.5951	4.1894	3.4957	4.3138	3.4934	4.153	4.3238	3.7649
8.3711	7.2694	8.0686	9.1089	8.4147	6.4813	6.7861	6.8679
3.6272	4.5348	3.5624	4.4778	4.7371	4.8583	4.2286	5.9938
8.5476	10.557	7.6586	7.4558	7.6506	5.2253	5.2132	8.2315
3.4213	4.8601	5.4747	5.1973	4.0696	5.113	4.3676	4.5324
4.189	4.468	3.0474	3.9804	4.1129	3.5597	3.7979	3.1445
3.1755	3.0202	3.2042	3.3805	3.0211	3.9874	3.8704	2.805
5.789	6.1431	5.6407	8.2296	5.1143	6.6076	6.6848	6.8851
5.5925	7.3501	6.4259	4.6353	4.4747	5.4882	5.3826	5.5578
3.4728	4.1722	4.1667	4.2448	3.438	3.5399	4.2763	3.3148
3.825	3.4343	3.9321	3.5035	3.5092	4.0152	3.629	3.5361
5.572	4.6412	4.4799	6.0291	5.4143	4.2026	5.7043	5.8705
4.4421	5.4083	5.6074	6.5381	5.2077	5.4214	4.9037	4.0797
4.1872	3.1223	3.617	3.6905	2.6965	4.4687	3.0183	4.1627
3.5154	4.015	4.4545	3.6483	3.7904	3.9687	3.3008	4.9616
3.8453	4.6957	3.9712	4.2588	3.4909	4.2484	4.1496	3.8233
4.9158	5.4453	4.8951	7.1962	6.051	5.3681	4.2535	4.5897
4.1338	5.6663	5.0768	3.836	3.8472	4.8293	4.2539	3.1702
7.5472	5.0145	7.0032	8.0737	6.2922	5.4945	6.4402	6.305
3.8106	3.9989	3.999	3.6195	4.5186	4.1713	4.2246	3.4439
4.7081	3.9664	5.1322	5.7602	4.9017	5.1234	4.7056	4.7636
6.4606	7.7796	6.8676	6.9277	5.8999	6.7055	9.5912	4.9505
5.7152	3.8968	4.9209	5.5363	6.0236	5.9362	5.1972	4.6572
4.2905	4.1228	4.2257	3.6142	4.9337	5.4636	4.1466	3.7664
4.5709	4.9701	4.6028	4.8058	4.9274	4.8936	3.7295	5.0969
3.584	3.8838	4.6063	4.9332	4.0877	4.9816	4.7193	3.102
4.7621	4.3666	3.8539	3.289	4.2177	4.1197	3.6839	3.3287
5.4101	5.4038	5.1985	6.8381	6.1457	5.3841	5.5232	4.696
4.1644	3.4443	3.5643	3.5946	3.5625	3.7467	4.6114	4.2893
5.057	4.62	5.7376	5.2377	6.2014	5.8145	6.8348	6.952
3.3562	3.9198	3.6266	3.3396	3.6003	3.7679	3.5849	3.0112
4.8947	4.304	4.2869	3.8114	3.8914	3.9238	3.7216	4.7186
3.3395	3.447	3.6237	3.226	3.584	2.8974	3.668	3.6241
3.7273	3.7383	3.658	3.8471	4.1976	3.6334	3.8345	3.633
4.3623	3.6238	5.1316	4.0141	4.1181	4.9683	4.3725	4.1679
7.1704	6.2018	4.8859	5.3119	4.7741	4.9038	5.5003	5.239
9.1765	8.5993	4.9374	6.7557	9.6205	10.315	8.1313	9.1863
6.7091	4.9507	6.1953	6.3206	6.3273	4.5171	5.732	4.456
5.0839	5.6141	4.1539	4.9355	3.2464	4.8562	5.7647	4.87
3.9376	3.1388	4.1983	2.6327	5.2123	3.1377	2.9724	3.5024
8.4159	8.4749	8.2402	6.0866	6.8705	9.5891	5.2239	9.0585
4.8244	5.2326	5.8152	5.8578	5.4587	6.0202	4.4999	5.104
6.5598	3.939	5.1527	4.3482	3.5888	5.2003	5.2114	6.92
4.1402	4.3603	3.3024	3.3228	3.2068	3.4403	4.3386	4.7657
9.9194	7.7294	7.0999	7.1204	5.281	5.5916	5.142	5.4846
4.2351	7.223	4.5696	5.6294	5.0067	5.0647	4.7831	4.8191
3.4981	2.9324	2.9967	3.0478	2.8552	4.054	3.8707	3.6921
7.7117	5.6676	7.2819	6.5657	7.0683	8.1861	7.4443	5.0853
3.984	4.2103	4.515	2.9609	3.1184	2.7407	3.1961	3.6404
5.5073	4.3368	3.8328	4.3287	4.6983	4.3782	6.2177	4.3495
6.5068	5.3389	5.3779	5.6078	6.853	4.7535	4.9674	4.8567
5.6001	5.0934	4.0003	5.3148	3.9899	4.0482	4.6887	3.7761
4.777	5.52	6.176	5.8916	4.1457	5.1929	5.1254	5.7019
5.05	5.2152	4.3569	4.634	4.6158	4.4804	4.0682	4.7895
10.22	6.1626	8.4588	7.0609	5.6054	5.3316	6.1537	6.8361
4.1591	3.4538	3.6087	5.1173	4.3647	4.113	4.4909	3.7366
3.5776	4.2901	3.917	3.432	3.9545	3.9625	3.8549	3.4646
7.102	8.1908	8.1929	7.7853	7.0951	7.7383	9.4445	7.2686
6.1261	6.8751	5.8984	7.2125	6.3697	6.2414	6.1425	5.6486
5.2976	4.9475	6.3995	5.6629	6.0284	5.6271	6.4132	5.3441
3.611	4.8065	3.9767	3.8304	4.4282	4.509	4.9378	3.6966
6.7037	4.8752	4.022	5.5337	4.2679	4.5884	6.1125	5.2702
3.7127	3.8471	4.2241	5.6305	4.3663	5.2286	5.0183	4.7167
6.3026	6.5739	5.1946	6.0352	6.2218	5.7176	6.211	4.5776
4.5609	3.8667	5.2039	4.5325	4.4118	4.9894	5.586	5.4201
4.8226	3.7062	3.8048	3.3867	4.1995	3.9762	3.7	4.1254
4.3877	4.8071	4.1935	4.1034	4.6295	6.3522	4.8098	6.0834
3.6085	4.6862	2.9671	4.93	4.8463	4.5316	5.1588	4.1583
4.1192	3.7701	5.0007	4.1698	3.6894	3.9517	4.0387	3.0227
10.275	6.2658	6.3502	5.8387	6.9065	5.7467	6.3484	6.0032
5.2878	6.1042	6.2757	4.182	6.7024	4.0202	5.5121	4.4408
3.83	2.9863	4.2166	3.9982	4.6523	5.2444	4.2695	4.2972
3.9418	5.4834	4.0408	4.9259	4.5907	5.3085	6.481	6.3377
4.4323	4.5867	4.8712	4.5414	5.0645	3.8565	5.3358	4.3043
5.042	3.7854	4.9779	4.3123	3.4331	4.4039	4.9912	3.5848
2.7378	2.8952	2.5714	3.1096	3.0623	3.2991	3.0998	3.4712
3.0569	4.7597	4.2661	4.3742	5.3998	5.7113	3.8875	4.6415
6.0485	6.4372	7.2033	6.4733	6.8293	6.301	4.763	6.7236
3.1476	3.6368	3.537	3.5058	3.817	4.1589	3.8898	3.9212
4.4922	3.554	3.9945	3.8921	3.4548	4.1959	3.9234	3.6624
4.2164	3.7954	4.8566	4.2476	3.5131	4.8974	5.3238	3.3838
3.3461	4.0194	3.9154	4.05	3.9928	4.3435	3.9084	2.9606
5.0115	4.5458	4.4054	3.8621	5.4126	4.9788	5.7146	4.4714
5.5664	5.0292	5.6479	3.9003	3.4149	3.9026	3.7747	3.6144
5.2498	4.5062	3.9581	3.8657	4.3129	4.5699	4.9039	4.2335
5.2309	5.6085	4.567	4.4061	5.6233	5.2725	3.8814	4.788
4.3647	4.1478	5.2537	5.989	5.209	5.2978	4.6495	4.637
6.8859	5.5303	5.6118	4.9831	6.9475	4.492	4.9363	4.3966
3.7409	4.0699	4.752	4.4526	4.0741	3.2584	4.4516	4.1837
4.1801	4.4328	3.9347	4.089	4.2206	4.7772	4.3588	4.3595
3.788	3.0258	4.8299	4.2104	4.0764	3.4477	4.2241	4.2759
3.5373	4.9695	4.0784	3.8657	4.4293	3.9182	3.7605	3.9246
6.2417	5.8843	5.769	5.2882	6.3242	3.6525	6.5566	5.3361
4.4553	3.8093	3.9031	4.9789	5.3226	4.6351	5.2469	5.4731
3.9072	5.098	4.7071	5.6763	4.1321	4.3354	4.2547	4.1865
6.2316	6.509	7.7117	5.2087	7.7591	5.083	6.0516	5.2427
3.5172	3.0886	2.8934	3.5716	3.3216	3.0885	3.9048	3.1122
4.7196	4.0573	4.6362	3.736	3.4333	3.8735	2.7165	3.0802
3.392	3.9682	4.2914	3.9774	3.3184	5.5707	4.5548	2.994
4.7418	2.4671	2.6316	2.9411	3.5547	3.0854	3.3333	3.4437
6.6739	5.3532	7.3706	6.6326	6.618	5.7168	5.0861	5.7185
3.5043	3.9712	4.126	5.6409	3.8795	4.0267	4.2687	4.4917
2.7165	3.1201	3.3119	2.2892	2.6612	3.1659	3.6309	3.2972
4.0492	3.6592	5.4298	4.2766	4.6965	4.6023	4.8288	4.3404
5.3025	5.1965	5.1202	4.1025	5.1628	5.0537	5.6429	5.086
4.1206	4.1415	7.224	5.4768	4.2376	4.7819	6.4051	6.0174
4.5567	3.9348	5.1967	3.7781	3.6137	3.1985	3.6453	3.6897
6.2484	6.5809	7.2657	7.5904	5.9431	4.7247	4.893	6.4814
7.0142	4.4499	5.7474	6.4738	5.8171	4.4335	6.7162	6.6647
4.7549	5.0718	4.5416	5.8158	4.55	6.4853	4.5141	5.5551
5.837	7.856	11.007	8.3029	8.1713	6.6854	5.798	8.174
3.6439	4.4684	3.0737	4.5101	3.431	3.6889	3.2161	3.9483
4.9862	5.4006	5.4948	5.3994	4.6083	4.1523	5.4352	5.1298
2.3633	2.9539	2.8941	2.6427	2.8213	3.5431	2.6708	3.0506
2.8093	4.526	5.3669	4.4928	3.9792	5.2011	5.0389	4.7056
3.5377	4.4637	7.1239	4.6881	4.4004	4.564	4.7037	5.4325
4.4767	4.4997	4.0044	4.2023	5.0536	3.8389	3.7635	2.9008
4.2447	4.3399	5.0505	4.0893	4.3075	4.1159	3.5723	4.2375
6.4308	6.1086	6.6776	5.1489	5.9178	4.9024	5.2669	4.9902
5.2229	3.4825	4.0427	3.1709	4.3013	3.7704	3.9553	3.5545
9.7655	7.4498	7.1408	10.607	6.2938	5.7141	6.2868	9.1559
4.2917	3.9462	5.071	4.6932	3.8773	4.9334	4.2583	4.7085
5.0709	5.8659	4.6362	3.7308	5.3019	5.8404	4.2178	4.4854
6.5015	5.8083	5.0393	4.6677	4.5143	4.2046	5.6353	3.8327
7.3749	4.0242	3.8994	3.8878	4.482	4.2997	3.3972	5.3382
6.2068	5.1159	6.8822	6.3013	6.6641	4.9301	6.4019	6.6451
6.2628	5.3564	5.9738	5.5223	5.4669	6.4908	6.6238	5.6877
5.0706	4.5993	5.4062	5.43	4.6584	4.3367	6.6978	4.4477
3.056	5.0788	3.8834	4.0123	3.412	4.1667	4.191	3.2971
4.8925	4.6879	7.4471	5.3296	5.4214	4.788	6.4879	5.3928
4.2939	3.4367	3.7733	3.3416	3.0119	3.2759	3.5703	3.6224
7.2563	7.4011	7.0937	6.789	7.3806	7.4418	7.0327	5.3491
3.5399	3.4645	3.3835	3.8801	3.8412	3.1552	2.9832	3.0063
4.5909	6.2174	4.8066	5.2819	6.9847	4.6815	7.0052	4.8746
3.4118	3.7105	3.9605	2.6813	3.5479	3.327	4.2858	3.4171
6.4658	8.0746	7.5128	7.1447	7.2291	6.7562	6.8106	7.7604
3.6182	3.8345	3.8289	3.0689	3.7884	3.338	4.3023	3.3665
7.1783	8.0949	7.3319	9.0114	6.0303	5.6625	8.3397	7.6719
6.5974	6.5382	5.4323	5.3693	4.0074	4.362	3.7256	5.402
4.151	4.1984	3.6962	3.7511	5.086	3.7576	3.5296	4.1236
4.1607	3.0321	4.1348	3.7483	3.801	3.1621	4.0119	3.9329
3.6352	3.4829	3.5378	3.4027	4.3079	4.0429	5.379	2.9082
6.9868	9.0075	6.2032	6.3655	5.3711	6.3345	5.545	4.9345
7.622	8.1191	9.7353	8.276	7.8184	8.2887	10.382	9.4649
3.9517	5.5446	4.5707	3.8966	4.1936	4.798	4.4328	5.2648
4.6528	5.2376	4.0719	3.8153	4.3199	3.7845	4.4544	4.4046
7.5661	6.6607	6.7603	8.8878	7.9582	5.2663	6.6335	6.5151
4.6258	6.0761	4.1878	4.2896	3.9944	4.7389	4.3899	4.4156
3.4439	3.4937	4.6838	3.6662	4.0079	5.2297	4.0407	4.5905
3.2579	4.7204	4.5	5.2803	4.5254	6.2177	4.4411	4.4085
5.2555	5.65	4.2314	4.4477	3.8104	5.6969	5.0441	5.0919
5.5092	5.1114	4.5485	5.389	5.1641	3.5242	5.1352	5.2397
4.0328	3.3999	3.2736	3.4021	3.002	3.6444	3.773	3.5796
3.3421	3.3395	3.8699	2.9417	3.313	4.2289	3.3663	2.7926
5.9546	5.4697	6.4315	5.5274	5.7787	5.0463	6.9846	4.9041
4.3022	4.2575	3.9607	5.1657	4.8191	4.6181	4.7996	5.6319
4.397	3.8685	3.4239	3.491	3.8652	3.274	4.1548	4.4391
2.8215	2.519	2.6749	2.6152	3.0621	2.6669	2.9825	2.7911
6.1089	4.185	4.803	4.777	4.2782	3.8474	4.71	5.3606
3.4715	3.6671	3.6186	3.7756	3.7409	3.6672	4.8508	3.6755
2.736	2.9251	2.6549	2.9986	3.1688	4.8437	3.5702	3.1249
5.7286	3.9528	3.7334	4.1238	3.9392	3.8227	3.6601	4.6823
4.5495	6.0311	5.3482	5.43	4.3776	5.2134	5.2859	5.754
4.4018	5.0312	3.8933	4.371	4.4537	5.0524	6.4182	4.4735
4.7656	2.6715	3.3017	3.3097	2.7101	3.0719	3.9048	3.6466
3.8026	4.8911	5.5847	5.9681	5.1955	6.3859	4.9301	6.4442
3.6539	4.167	4.2525	4.783	5.3352	4.4035	5.1655	4.4501
6.6642	5.894	4.9039	7.3096	5.9163	4.3259	7.8528	7.583
3.8492	4.2333	5.2925	4.7228	5.839	5.4714	5.8606	5.3361
4.7046	4.832	5.4157	5.2058	4.1661	5.4998	4.777	5.0277
3.352	3.7994	3.3571	3.5424	3.7813	3.7187	3.4499	4.2041
5.2488	4.2757	6.6087	7.1176	4.3328	6.1191	5.69	4.1174
4.8425	4.4303	3.5806	3.4665	4.5112	4.6141	3.6931	4.4392
3.5018	5.1939	4.2441	4.2833	4.2351	4.5013	4.3229	4.4084
8.6651	8.8872	5.6462	8.1902	7.6616	8.9274	4.9287	10.174
4.8998	6.1342	6.7869	5.47	4.9407	5.3698	6.4497	4.7495
4.354	7.0276	4.1385	5.7803	4.2641	5.0088	4.3983	5.3322
3.6614	2.9783	3.1119	4.2151	3.1532	3.6764	3.5848	3.9417
3.6728	3.1999	5.8599	3.2044	3.5979	2.7131	3.6433	3.7721
4.33	5.3376	4.4805	4.2075	4.499	3.7298	3.695	3.8481
4.7594	6.8244	6.2394	5.7774	6.1145	8.3489	5.4235	6.8834
4.2714	4.9008	4.4974	5.5199	4.4757	5.4489	5.2798	5.0092
8.3989	6.2764	7.1075	6.6802	7.0344	7.8113	3.9981	6.1708
2.2793	3.4211	3.6319	4.3257	3.3923	3.4772	4.0045	3.7311
4.2499	3.5539	3.6499	4.3695	4.0458	3.5836	4.2892	3.5581
5.7359	8.4392	5.5854	6.4599	7.5674	6.0116	7.3118	6.1242
4.3874	4.6067	4.8987	3.6083	4.7068	3.8783	4.5335	3.8677
4.8348	4.2738	4.4528	3.3173	5.3522	4.2522	3.3945	3.9824
4.5203	4.3434	4.6789	4.0215	5.0855	5.8051	4.57	4.0011
9.2906	7.3733	7.1476	6.4127	8.946	8.205	8.7752	6.34
3.4226	4.3869	3.9052	4.618	4.2779	4.7987	4.3748	4.231
4.919	3.5082	5.5408	5.7544	4.0053	5.5721	5.7931	3.8306
4.6268	5.2642	5.7996	5.3999	4.8571	4.2327	5.4257	4.4737
5.3432	5.6709	3.6265	4.2553	4.4679	5.3816	4.1476	4.6553
2.9067	3.9701	3.1653	3.9555	3.6834	3.9257	3.9872	3.7804
4.1745	4.3444	3.9494	4.0222	5.542	5.3598	4.3906	4.4209
4.0379	5.1569	5.2353	4.1955	4.3614	5.9195	6.2634	4.5878
4.7068	5.0781	5.2462	5.156	4.7683	5.6021	6.0692	5.6225
4.45	4.5359	7.0168	4.5471	4.6494	9.4365	5.0135	5.5239
3.6485	4.5401	4.247	3.8685	4.7822	3.7562	4.4382	5.4154
5.6467	6.4686	8.0663	7.0296	6.8614	5.7837	5.0813	5.3998
3.2336	3.4278	4.7776	3.8342	4.3291	3.6716	4.2946	4.5462
6.1281	5.3824	6.1874	5.7684	5.5794	5.7283	5.4796	4.867
5.1435	7.418	6.127	6.4503	6.0963	6.3734	5.3239	4.5064
5.7277	5.5234	5.3687	5.0133	5.7079	4.7536	5.2609	5.2104
2.4893	3.1281	2.9638	3.9036	3.9454	3.87	4.254	3.6828
5.1095	5.602	4.565	4.6717	4.1718	3.9263	4.2826	4.7692
6.3441	5.9322	5.3173	4.6163	5.2675	3.472	5.11	4.4297
4.2975	3.8035	4.0937	3.4219	3.9332	4.4625	3.4631	4.2699
4.4509	5.2364	3.964	4.8108	4.2793	4.1448	5.6374	5.0819
3.9262	4.2816	4.2629	4.3625	5.1048	4.4128	4.8803	4.0593
4.6703	3.7422	3.8383	4.3975	4.9347	4.6667	4.3012	4.972
5.1325	3.5316	3.6382	4.1632	4.2792	3.9227	4.9436	4.319
5.0082	4.6295	4.673	4.8315	4.9738	4.4811	3.3417	4.5115
4.0552	7.1911	4.9481	6.8821	8.8903	5.4832	7.3767	6.0738
3.1258	2.8683	4.1384	3.9091	3.402	3.8279	3.6055	3.8235
5.1485	5.6584	4.5485	5.8438	4.6856	4.8446	5.1989	4.1979
4.9907	4.1955	4.9941	4.6129	4.9975	5.5657	4.4101	7.3466
6.5084	5.2884	6.3142	6.3548	5.2775	6.6883	7.6369	7.4514
3.7511	4.3344	4.9683	4.4176	4.9671	4.9659	4.646	3.469
4.3722	4.7714	4.0023	5.1791	5.2812	5.1712	4.6653	4.378
5.6322	5.1853	5.7247	5.04	5.0979	4.2088	4.3328	4.4431
5.3171	4.9305	4.7636	3.9918	3.7375	4.4068	4.2641	4.6305
3.9904	4.8697	4.157	3.2143	4.9614	5.1665	4.2033	3.9135
3.9196	6.0082	4.4211	6.2659	5.3278	6.4453	5.1012	5.4627
5.2204	5.2356	3.876	4.0237	3.9467	4.7594	4.3683	5.3265
4.8239	4.9871	4.0464	5.1153	5.6097	6.1802	4.9107	4.8964
6.9904	6.5639	5.7995	5.5729	4.493	5.2631	5.0965	5.8368
2.8374	3.385	3.6464	4.1359	3.1843	3.2156	4.6447	4.3171
3.7002	3.2077	5.573	4.9284	4.3024	5.1349	4.9225	5.0743
3.9991	3.3763	4.3536	3.1256	4.4283	4.3981	3.3191	4.5314
4.2151	4.7305	3.8498	5.247	5.1267	5.5255	4.9646	5.502
6.2445	6.33	5.423	6.593	5.824	5.975	4.4357	5.0208
3.1666	4.0986	4.0303	4.6284	4.809	5.3769	4.1239	4.9981
4.3783	5.3716	4.1518	3.6742	3.5396	4.471	5.1089	4.3568
4.4689	3.508	4.0506	4.436	4.6159	5.5174	4.2825	4.4178
3.6807	4.6912	3.4998	3.5168	3.2544	3.1026	3.4812	2.8985
6.4332	7.5551	5.9254	6.1859	5.6634	5.4591	5.4859	5.7353
4.8721	3.5573	6.392	3.6036	6.9906	4.8309	6.3416	5.7445
5.8117	3.3823	4.0295	3.7134	3.1362	3.5349	3.1962	3.7884
8.0856	8.3678	9.1119	8.078	9.4028	8.1655	8.1795	7.7482
4.5969	4.9566	4.6192	4.6742	5.2972	4.6284	3.973	3.9258
2.8595	3.9688	3.106	3.3791	3.7257	3.7185	2.9609	4.0734
7.9796	6.5028	6.0987	6.0904	7.9954	9.5818	7.4282	6.0623
3.3723	2.8507	3.4363	2.7747	3.3926	3.1574	2.7449	3.0373
4.9816	4.8717	5.0729	4.4277	4.2132	4.4547	5.7258	3.9786
3.5039	3.2048	2.7193	3.4717	3.4985	3.284	3.7204	4.8916
3.0442	4.5129	4.6325	4.5991	5.0136	3.9088	3.6205	2.9775
6.3287	4.7676	5.8312	5.3742	4.8413	4.8068	5.1225	4.9811
3.5427	3.5514	4.0537	4.1805	3.494	2.8771	3.323	3.1259
3.2288	3.5898	4.4827	3.1876	3.3766	4.1857	4.3239	3.2923
5.4404	4.6579	6.0975	5.2796	5.852	5.336	5.6556	4.4885
4.4606	3.2956	4.9924	3.7347	5.2789	4.733	5.7692	4.3072
3.9705	4.3247	5.4511	5.3361	5.7403	7.6464	9.1894	6.5131
3.5841	3.49	4.5593	3.8937	4.593	4.8556	4.9441	5.079
3.9127	3.7384	5.2524	4.0391	3.4745	4.9343	4.007	4.9102
4.3972	3.8144	4.1011	3.0368	4.0324	4.2525	4.763	4.0467
4.0752	4.785	4.1626	5.4982	4.4628	4.4919	4.1189	4.9629
4.8674	5.9717	6.82	5.9293	5.824	5.5604	3.7143	5.0583
4.1644	3.6702	4.2795	3.2656	3.3762	4.3779	5.1633	3.8155
6.4952	6.8029	6.6156	6.0007	6.119	5.2518	5.2658	5.3098
4.9049	4.3992	3.639	4.3212	3.8876	4.0136	3.9632	3.2174
4.7669	7.8858	5.3465	3.3887	4.8781	4.5104	4.3174	4.1981
2.4962	3.0509	2.7982	2.8241	2.8899	2.9887	2.8981	2.7131
1.8007	4.2953	5.4467	4.1589	4.6082	4.1553	3.9114	4.4379
6.2951	5.2757	4.2177	6.1401	5.5196	5.8801	5.8295	3.5526
6.2264	4.8547	6.5575	5.2245	5.5701	3.681	6.4176	4.7904
5.0385	6.6613	5.2068	4.9644	4.2483	4.9535	6.2292	4.5627
5.6147	5.2897	5.4168	5.7986	5.1287	3.9147	4.5415	4.9401
10.297	9.4185	7.6284	8.9938	12.013	10.553	11.214	11.427
4.0746	3.9228	3.3324	3.8918	4.1136	4.0938	4.4478	5.933
5.9541	5.2847	5.3454	6.0026	5.2022	6.0399	5.1143	4.7046
4.1967	4.6969	5.735	4.8211	6.4118	5.4829	5.5423	4.6136
4.0669	5.7935	5.2235	3.9992	4.0053	4.4794	5.8722	4.1729
2.9891	4.9427	5.3198	4.4472	4.8002	4.7972	5.0262	5.1564
2.7333	2.9187	2.6141	2.5895	3.1411	3.2222	3.4289	2.8822
3.9321	3.3207	3.7428	4.1435	3.168	3.384	3.8349	3.6325
3.4177	4.8626	4.7078	3.1518	4.3979	4.7191	4.6471	4.5761
4.4268	4.7889	4.2721	3.756	4.5096	5.3176	4.3964	4.7553
3.5813	3.6874	5.4456	7.946	4.2394	4.6	5.2397	4.3763
5.375	7.6809	6.8349	7.6041	6.7018	6.3435	7.188	7.2607
4.8402	5.7766	5.6577	4.1866	4.9919	5.0297	6.0685	4.394
4.5525	6.8259	5.5781	6.6306	4.448	5.0708	6.0956	5.872
6.3831	4.4315	5.4773	4.3573	6.1923	4.3901	4.211	5.8583
3.2048	4.3884	4.8245	4.0713	5.0387	5.8653	4.1763	3.8326
5.8993	4.5333	5.4783	5.9155	4.4301	5.0921	5.2459	4.4305
4.0979	3.6349	3.7104	3.8563	5.135	4.053	3.4286	3.7749
5.2058	5.7561	7.0869	4.6865	6.4357	4.5989	6.0561	5.329
5.9968	4.917	3.6953	3.3946	4.0729	3.3811	4.0146	4.4676
4.6215	7.6979	7.1062	6.3342	5.56	4.9229	7.1608	5.2255
4.222	4.2599	2.8521	3.457	3.936	3.1918	4.6704	3.7907
4.8206	4.554	4.429	5.0915	5.3348	5.2539	5.0483	4.807
3.3992	3.8818	3.9055	3.6723	3.6829	4.3939	5.2319	3.8458
7.66	5.7462	7.2054	7.522	8.1603	7.6653	7.7899	7.6022
4.4841	5.0001	5.896	5.429	4.7319	5.2347	5.0629	6.1071
5.2119	4.2844	4.2895	4.4757	4.5467	3.9349	4.1953	3.7072
4.4215	5.126	4.8765	5.4965	4.8691	5.3191	4.7547	4.986
3.5242	5.5844	4.9176	4.8672	4.3318	4.6744	5.033	5.124
4.01	4.3801	4.2775	4.4166	4.1384	4.8277	4.706	4.512
3.8894	4.7087	3.6134	4.1677	4.3145	4.7966	3.8331	3.4628
3.6813	4.0952	4.3585	4.4251	6.3731	4.4941	4.7754	4.2546
3.2592	3.8695	3.9907	3.958	5.2013	3.61	4.1539	4.2381
3.737	4.1076	3.8578	4.274	4.1339	4.4771	4.9672	4.5751
3.1052	3.485	3.7832	3.8781	4.3592	3.7025	3.906	4.1061
5.5886	6.0099	4.4796	4.751	5.9363	5.2032	6.0103	8.5129
3.5601	4.0788	3.6801	4.8427	4.3357	3.5398	3.6394	4.0549
5.3807	6.1214	8.4704	6.0535	5.265	6.0323	6.1323	5.7936
5.7314	6.6346	4.8969	4.4842	5.7341	4.9457	6.5507	7.5098
5.7258	4.5071	4.5476	5.258	5.304	5.6307	3.3634	4.8882
4.0898	3.8554	3.986	4.5256	3.6497	3.7265	4.1932	3.6766
8.3246	8.0032	7.6918	8.815	7.7279	8.2969	7.963	9.2618
4.7621	3.7498	5.8097	5.1628	4.8009	4.5261	4.749	5.1601
4.8434	4.674	6.0256	6.7161	6.1632	5.6109	5.7945	4.5625
3.1995	2.9652	3.2306	3.4326	2.6534	2.6788	2.6841	2.3737
4.1722	5.1841	5.392	4.8967	6.7878	4.9187	4.8538	4.799
4.0571	3.8214	4.4606	4.5291	5.8298	4.9527	4.3489	4.4169
3.1622	3.9642	4.9208	4.3933	3.1532	4.3575	4.0353	3.5238
4.3613	3.3228	3.3484	3.5706	4.1151	3.4514	4.9843	4.4579
4.0092	4.2286	3.6169	3.8565	3.4214	4.4194	3.841	3.181
8.0276	9.2361	9.3102	7.2793	6.8572	7.6731	8.7361	9.9384
2.9642	2.9765	2.8044	2.9145	2.7964	3.7543	2.9914	2.8737
5.0412	5.6422	3.7451	5.3054	4.5911	4.3464	5.9003	5.9101
9.2434	9.3145	8.2228	7.8124	10.646	8.257	6.1989	9.1567
2.9952	4.0695	3.6704	2.7036	3.479	3.3511	4.245	4.7676
4.4618	6.3287	6.2338	4.4479	4.9978	5.1279	5.9712	6.2981
5.5511	5.1482	6.8954	6.0036	6.3226	5.7152	4.4094	5.463
4.1803	4.5663	3.6177	3.8683	4.2866	2.9478	4.9014	4.5718
5.383	5.4192	5.3145	4.9742	4.8546	5.9211	4.9601	4.8999
4.8217	6.0168	5.0973	6.5478	5.6648	5.0623	5.0469	4.1978
4.999	5.8641	4.9057	7.6207	5.832	5.1711	6.3619	5.3506
3.9806	4.833	4.2084	4.7904	3.5134	3.3664	4.1871	5.1135
5.3406	7.308	6.9836	6.2689	6.3798	6.644	6.6449	5.6797
3.3722	3.7277	3.5513	2.8111	3.1265	3.01	3.4281	3.5045
4.8173	5.2525	5.0581	4.8037	5.1291	4.6639	7.3096	6.2564
6.9765	7.2807	6.254	6.8757	6.4636	8.0769	7.3238	7.2553
4.5272	5.8092	4.128	4.2915	4.4601	4.2663	4.9317	4.3229
4.0838	3.9021	3.5694	4.3249	2.8264	5.7331	3.9644	3.482
4.4745	4.9827	4.3816	4.6155	5.6343	3.9076	4.678	5.0465
6.5692	7.31	4.7235	7.5466	6.8651	6.8195	7.0714	5.8231
3.4453	4.1673	3.0676	4.4972	3.3518	3.824	4.2179	5.0913
6.103	5.4601	5.0101	5.7607	6.893	6.7999	5.5097	5.3307
7.6168	4.6668	3.5938	5.8514	4.512	4.0452	4.7263	4.6818
5.3196	5.8069	5.9074	5.1814	6.2152	3.4458	4.0554	5.1603
4.2205	5.0895	4.4036	3.6681	4.2442	4.1702	4.9814	4.33
5.0065	3.8917	5.9249	4.8516	4.8865	4.1182	4.2433	3.6607
3.8689	8.174	6.0209	6.5044	6.1554	5.5061	4.3765	5.1067
4.7159	3.9465	3.7959	3.8559	4.5041	3.587	4.9856	5.2008
7.1615	8.3581	11.916	11.516	7.0138	7.5657	10.727	11.266
7.4404	4.842	4.9922	5.3592	5.9311	5.1205	6.2174	4.7975
5.1168	6.9799	3.9139	5.154	5.484	5.0979	5.3557	5.8616
4.9725	5.7663	5.7592	3.8018	6.4304	5.205	7.3264	5.6706
4.4217	4.8449	3.9371	3.9377	4.726	3.6674	3.0933	3.2536
5.5579	4.6845	5.3548	3.5494	3.8949	4.4149	4.1598	3.7246
3.7316	3.5737	3.7766	3.5435	4.4504	4.2425	3.7757	3.6595
4.0941	3.4504	3.406	3.7197	4.3967	3.3159	3.9942	4.3594
5.9813	3.6222	5.0163	4.6465	4.5822	4.991	4.9081	4.2007
3.3741	5.8069	4.7414	4.201	5.2392	4.0623	4.1694	4.5334
3.6689	3.9302	3.0837	4.1426	3.5072	4.0036	4.0364	3.7879
6.717	6.0193	4.7617	7.1996	4.2996	5.7661	5.8181	6.0999
4.7314	4.4966	3.2526	4.3051	3.8118	4.5268	4.7598	4.3876
4.8595	3.7999	3.8679	4.6003	4.9661	5.5781	3.9542	4.6192
4.7802	6.9382	6.9835	7.1232	9.315	7.0477	7.4829	6.8665
2.9515	4.7037	4.6165	4.1845	4.3109	4.0225	5.1555	4.5676
4.3846	5.1321	4.6819	5.9177	4.1913	6.5203	5.3899	5.695
1.9764	4.0625	3.4612	4.668	3.814	4.2218	3.118	4.494
5.2678	6.2262	6.1748	5.7896	5.1097	5.5067	5.9717	6.3197
5.8088	4.8465	5.5807	6.9781	6.4197	6.5601	6.3837	6.9124
4.2419	4.5859	7.122	5.9657	4.6359	4.5573	5.638	5.557
2.5818	2.5399	2.6419	2.7347	3.0322	2.7535	2.9445	3.4656
3.0537	3.2725	3.0832	3.5306	3.3902	3.9516	3.9661	3.0576
3.8101	4.2008	4.2751	3.9823	3.595	3.261	5.0271	4.3408
3.7616	4.2198	4.4516	4.2711	4.6568	4.4883	3.998	4.5131
4.3261	5.0904	4.1371	4.8977	5.0381	3.6324	5.3578	4.1503
5.3773	5.9484	5.6635	4.3665	5.5579	5.0456	5.427	5.1587
4.6353	3.6207	4.9368	4.7435	3.653	3.9174	4.4149	3.4722
3.5873	4.1208	3.8696	3.3806	3.9288	4.0613	3.5722	3.8821
4.908	5.7872	4.6682	4.2256	3.1923	4.0371	4.4133	4.151
2.893	3.3696	2.8571	3.3465	3.3708	3.7654	3.5967	3.2435
5.4522	5.2397	5.9211	5.3914	6.0694	5.7891	5.0555	6.8281
4.593	3.5325	7.1908	5.2636	5.5327	4.73	6.7768	6.2477
3.4959	3.7405	3.1646	4.0559	3.7608	3.1996	3.6848	3.6775
2.731	4.1936	4.1445	4.2326	4.028	4.6212	3.6361	3.4999
4.4919	4.3124	3.9789	4.5043	5.0449	4.0878	4.5168	3.1733
3.0034	2.6603	3.3363	3.5992	3.3504	3.524	3.2228	3.2968
4.6395	4.1913	5.5597	5.1549	4.3169	4.0135	4.5751	4.6787
4.1565	5.7366	4.4233	4.9027	5.1594	6.1573	5.1849	4.9204
7.3378	7.0751	5.1867	7.3067	8.7516	6.3255	7.1363	5.8096
4.9144	4.8818	4.1107	5.5899	3.8964	5.2189	4.1156	4.0154
5.9339	3.6065	5.2356	4.575	4.271	6.439	5.0276	6.5775
5.9506	6.1395	6.4535	6.6489	5.6295	5.0623	6.2088	6.0669
5.2173	4.9354	5.2711	5.0287	5.0028	4.9548	5.5603	6.0633
4.1545	4.1348	2.8719	3.2035	3.1925	3.6772	3.9198	2.7666
5.6929	5.5445	4.9002	5.3389	4.415	5.0136	4.6353	4.3077
5.0433	5.3473	5.8247	4.5367	5.8297	5.364	5.473	5.816
5.8705	6.8217	5.3921	5.577	5.6179	4.7088	5.2364	6.2901
2.5834	2.9738	2.6799	2.7387	2.5106	2.6353	2.2267	2.4607
3.7401	4.2601	4.0243	5.045	4.9282	4.3648	4.5598	4.9104
4.153	5.1683	2.668	3.5145	3.0308	4.2166	3.1452	4.0857
3.9546	3.3648	2.671	3.3716	4.6804	4.1839	3.8287	5.0371
7.5795	6.8893	6.6537	6.617	7.0811	6.5766	5.5603	6.3316
4.5478	5.5536	8.9945	6.493	6.7793	7.6866	8.5811	6.1352
3.0676	3.4556	3.717	2.9098	3.8373	3.8156	3.6688	3.5266
5.4031	4.3915	5.4912	5.5634	5.4685	5.2504	7.1291	6.628
3.5346	5.2922	4.2896	3.1257	4.4689	5.3071	4.3207	4.008
9.6583	9.9143	9.1301	6.5343	10.625	9.2373	13.23	9.974
4.094	4.0515	3.4828	4.0278	3.4661	4.3873	4.7229	4.4941
4.4349	4.913	5.8179	5.9539	6.2258	5.1928	6.0233	5.3607
3.5456	4.1377	4.869	3.7579	4.7984	3.9087	4.2645	3.9653
5.2102	5.7238	4.2453	4.7364	5.3257	5.6501	4.4729	5.4878
5.0851	4.3992	3.4892	4.0525	3.7942	5.094	3.2369	5.8314
5.8149	3.8716	5.7006	4.7176	6.1707	3.8452	5.8287	5.1136
4.6367	3.5951	3.2513	3.5841	4.3003	3.7979	3.1983	3.6349
5.8265	5.2135	5.3529	5.0152	4.9374	4.7972	6.5581	4.5802
4.0681	5.2053	4.5838	4.7092	4.533	4.2671	4.8584	4.7321
3.9987	3.2211	3.3542	3.3548	3.0138	3.089	3.6609	3.5745
3.1668	2.5087	3.2621	2.748	3.1958	2.5146	2.6445	2.9731
6.4674	4.1436	4.6066	4.0111	4.5613	4.6461	5.1908	4.7282
3.5928	4.5351	5.2381	3.6	5.3128	4.951	5.5777	6.4165
6.5354	8.5939	8.6662	6.4181	7.1932	8.7942	8.9631	7.8091
5.6274	6.271	5.8438	5.1322	4.7734	5.5908	6.4668	4.6417
2.8055	3.3762	3.2888	3.6718	3.6254	2.8568	3.8582	3.0772
4.5992	4.7563	4.2807	4.8092	4.3796	4.7062	4.1012	3.8255
6.8803	7.0431	5.151	4.9812	4.7408	5.8278	5.5029	5.1695
2.236	2.664	3.0827	3.4125	3.1334	3.0918	3.1863	2.574
3.1562	5.083	3.4186	3.109	3.8567	5.0885	3.8053	4.0763
4.3079	4.759	4.4254	4.9872	5.9803	5.2744	4.3172	5.0204
4.6952	4.5659	3.847	4.6943	4.0099	3.8252	3.8481	4.4171
5.6679	5.8532	6.853	5.0896	4.8908	5.7587	5.5472	5.6628
4.7231	4.5145	4.5642	5.4972	4.7947	4.6272	7.5204	4.3366
4.0825	3.8913	4.5951	5.13	4.4707	4.0616	3.9066	4.0982
3.9096	3.7807	3.2186	3.8847	3.9755	2.9075	3.7203	3.8331
5.8178	5.2991	5.8478	6.9025	7.39	5.959	6.297	6.0071
2.9438	3.491	3.8774	3.2482	3.4186	3.6218	3.9723	3.2533
3.8281	3.4986	3.8461	3.5436	3.5547	3.9576	3.3967	3.8109
2.6397	3.3877	3.9319	3.5104	3.1769	4.0284	2.6849	4.1876
3.6477	5.1531	4.2161	4.501	4.3313	5.0575	3.9986	3.8865
7.1951	7.1963	6.8774	7.6047	5.241	6.8563	6.2594	5.0543
3.972	4.1162	4.5625	4.309	4.1149	3.4319	3.7244	4.5
9.9363	8.5425	8.201	9.8651	7.4362	7.3135	6.683	8.744
4.8103	4.8987	5.4645	6.3005	4.0228	4.4335	5.6438	7.1118
5.5786	4.7341	5.543	6.1545	6.0966	6.6397	5.9419	5.2068
6.2143	4.7928	6.7449	9.6681	5.0228	6.1172	3.9974	5.5752
4.7615	4.6473	5.3181	4.4766	4.5247	5.5451	4.0862	5.1742
4.8358	4.4756	4.6413	4.0301	4.1862	3.5788	3.8944	4.2129
5.0309	4.7572	7.9965	5.9144	6.0402	7.603	5.5906	5.6083
8.6193	6.4105	6.0577	7.7439	8.1487	6.537	5.8413	9.1418
4.9804	4.2674	6.6475	4.6613	6.5238	5.3916	3.967	5.8099
4.7465	4.5476	4.7898	4.6225	4.0553	5.565	3.7734	3.6198
6.37	9.6364	5.9497	4.3909	7.1946	6.2154	6.9906	6.4808
3.6877	3.9864	3.7794	3.7497	3.6072	5.3691	3.7227	4.08
4.6472	4.9556	5.5202	4.8919	4.1668	4.3301	4.4406	5.2107
4.2125	4.8264	4.1847	5.0159	5.9183	5.7522	5.6522	5.4373
8.0735	5.9737	6.1055	5.666	5.244	7.7955	5.8916	5.4462
7.7142	6.1139	5.591	6.7113	6.5686	7.1681	6.418	8.5044
5.5532	4.4218	3.0927	4.9274	4.666	4.7422	4.7108	4.5342
3.5287	4.6719	6.6115	5.3777	7.0778	5.3816	5.1332	5.6363
3.1088	3.2451	3.3192	3.889	3.2063	3.8083	2.9627	3.4194
4.9684	3.9282	4.9294	4.8654	4.1372	4.5006	4.8772	4.6584
4.7259	3.8834	3.5954	5.5893	5.4603	3.7647	3.8653	4.4155
7.0868	8.3004	9.2208	8.2491	7.7454	5.8713	5.844	8.7753
2.4127	3.9727	3.1712	2.8659	2.3725	3.3796	3.4002	3.434
6.6569	5.4796	6.2232	5.1604	6.095	4.7632	6.0182	5.1534
4.1221	3.5669	3.4926	4.9165	5.3493	3.9815	4.3062	3.3752
3.411	3.4233	3.3996	5.0838	3.6257	4.7539	4.2575	3.8472
4.1143	4.371	3.5538	4.1484	4.0437	5.807	4.9655	5.2197
5.5881	4.6899	5.0613	4.2838	3.9622	4.6563	5.7327	4.9749
2.8813	3.5442	2.8294	3.4097	3.1843	2.9434	3.3768	2.4509
4.9038	7.3237	5.741	8.526	7.258	8.9126	6.3666	7.882
6.7233	4.9406	5.4978	4.5568	5.2027	4.6758	4.7147	5.898
7.839	5.3409	5.7749	8.2894	5.3756	5.9731	5.2978	5.231
2.9279	3.5385	3.8981	3.4228	3.9391	4.0389	3.6399	3.4049
4.55	6.6986	4.858	6.2538	7.5087	7.0846	5.8572	7.7339
12.301	10.013	8.9515	8.8971	10.83	10.442	11.349	7.8675
5.1371	3.824	5.8535	4.6663	4.8672	4.1688	4.1327	4.2329
4.2087	4.8151	5.5073	5.3027	4.6072	6.4382	5.165	5.4336
2.6138	3.6632	2.8062	3.2771	3.2285	3.4573	2.9666	3.2011
5.9432	6.4255	5.0584	6.6611	6.0587	6.6927	5.2444	4.9913
4.0738	4.5577	4.1169	3.2833	4.0623	5.1315	5.9818	4.3268
4.4525	5.9435	6.0888	6.8922	6.7105	7.4729	5.3207	4.8336
6.2939	4.593	5.1393	5.2985	6.0747	4.7594	4.4413	5.3755
5.7118	4.5633	5.1031	5.1969	5.2026	5.5772	4.7025	5.71
2.7072	3.5458	3.0603	3.1988	3.1186	2.6622	2.7136	2.8433
3.1265	4.5053	5.1926	6.7433	5.3498	4.7342	4.4762	6.4954
4.8953	4.6808	5.6642	6.7064	5.3209	5.2681	4.9039	5.2839
8.1658	8.5549	6.9693	8.2064	8.4181	8.0854	9.0864	6.4009
4.4374	4.4104	4.5788	4.0119	3.1552	3.824	4.1036	4.4881
7.2368	5.6631	4.7382	4.7998	4.4974	4.5309	4.0764	3.9143
4.3975	3.6136	4.0416	4.2797	3.7578	4.1838	5.3251	5.4475
5.9569	5.279	5.0065	5.6889	5.3941	5.337	5.5494	5.1805
5.4666	6.0846	5.277	6.4539	6.7619	6.0396	7.2868	5.8368
8.2717	6.2738	6.6102	8.3528	6.6638	6.628	6.5879	8.0774
4.4284	4.7647	4.4749	4.2539	5.1951	3.9248	3.8674	4.1751
5.2202	4.9824	5.4098	5.5914	4.7337	5.8672	4.3666	5.3604
3.3598	3.414	3.9636	3.8314	4.2256	4.1896	3.3914	3.4296
4.4377	3.8688	4.3198	4.0644	3.7907	4.2649	4.4658	4.0287
4.1748	3.7688	3.1609	3.6262	3.4991	3.4467	3.7941	4.4602
5.5838	4.089	3.8251	3.5888	3.9439	3.9982	4.4719	4.5283
4.4602	4.4036	3.9898	5.3083	3.5256	4.6266	5.8635	5.7012
2.9299	3.5059	4.6437	4.1335	3.1142	3.8217	2.3251	4.2038
3.8644	4.93	5.7379	4.4383	5.4102	4.3614	6.0674	5.3755
5.6438	4.7897	5.7209	4.3257	3.9705	4.5419	4.3119	4.5514
4.0716	3.6694	5.4511	5.0242	4.6808	4.8334	5.2141	5.6115
5.1665	7.089	5.9222	5.7375	7.0955	6.3733	6.0976	6.7065
3.7196	5.4117	3.986	4.7985	4.5135	6.7555	4.9396	5.0244
4.0032	3.5447	4.6533	5.2231	3.6933	4.5884	3.5257	3.7117
4.1618	4.6104	3.815	3.5369	5.1268	4.2238	4.6374	6.0069
3.7675	4.4104	4.8108	3.6367	4.9741	5.0925	4.5322	5.1802
4.2056	4.6715	3.53	4.6883	4.0025	4.3942	3.4764	4.0031
4.2533	5.7399	4.7708	5.5821	5.3146	4.9767	5.4788	4.1019
5.3284	5.7214	5.9401	6.551	4.2658	4.8417	5.5238	5.7514
3.9184	6.3209	5.7591	5.2214	6.7588	4.8963	5.6512	5.1392
3.8046	4.9999	5.0001	3.8365	4.8718	4.2568	3.919	4.2856
6.2811	5.5813	5.4063	5.2375	6.0755	5.7627	4.809	7.2032
5.4146	4.8707	6.5221	6.4747	5.3533	5.4425	4.0063	5.7542
3.2252	3.5566	3.4559	3.7433	3.2386	3.6323	3.6799	3.386
4.3799	3.8571	4.4872	3.4209	3.9486	4.1629	4.2692	3.7733
4.8795	4.5625	3.9908	4.1833	4.3674	4.7246	4.1005	3.579
6.6183	5.1554	5.744	5.9181	4.8803	4.7715	5.5082	5.0444
3.8242	4.1881	4.2281	3.7821	3.9557	4.1538	3.5912	3.5813
3.5556	4.1533	3.8983	4.7387	5.0706	3.5027	4.158	4.2591
4.4722	4.9917	4.0963	4.7921	4.4224	3.4999	4.6842	4.2675
3.8967	3.7768	4.0185	3.8012	4.1195	3.7906	3.697	4.3452
4.1725	5.8362	6.4665	6.2445	6.2752	6.7323	6.7058	6.5932
3.7247	6.2385	4.5316	5.9621	5.1426	4.681	6.1865	4.8862
3.8824	3.7566	3.2093	4.2664	4.7104	3.7499	3.6788	4.3449
6.4091	4.6757	7.1712	4.5037	5.2691	4.5602	4.7391	5.5208
6.1118	9.7564	6.7802	9.2453	7.2716	7.3515	7.669	6.6113
7.8703	4.9925	5.4252	6.7475	5.7267	4.8254	5.1408	6.0141
5.7224	5.6075	7.7631	6.6178	6.3467	6.1711	6.6363	8.3793
5.0028	5.1109	6.4724	6.3804	8.7103	5.6513	5.3782	7.0242
6.5841	4.117	6.0737	5.9938	8.5532	5.5059	5.2218	5.1799
4.9898	4.1455	5.9892	4.1272	4.6975	3.8822	5.1185	4.9446
5.144	6.1467	7.1178	5.2918	5.8409	5.1851	5.0457	5.33
5.6854	5.4238	5.4452	5.2173	3.7333	4.5032	4.6925	4.4284
5.4548	4.424	3.4482	3.9013	5.0624	5.3554	4.2443	5.3807
6.0319	4.7541	5.4324	7.0079	4.6927	5.6908	5.5941	4.1637
3.4941	3.541	3.9809	5.2628	3.8285	3.8397	4.1488	3.6345
5.6201	5.0232	4.3429	4.7354	4.0705	5.2316	5.4558	4.9062
5.6096	4.0398	3.3088	3.6204	5.3147	4.3551	3.9484	4.7581
5.6889	4.3063	4.9828	3.8243	4.1662	4.8298	5.3292	5.8506
5.1139	5.3022	5.2284	4.2349	5.1707	5.2169	4.4344	5.2874
4.2469	5.4296	5.0208	5.6169	5.0023	5.4864	4.4981	4.7793
6.5186	6.3884	6.551	9.0847	6.9072	6.6405	5.839	4.9988
3.4357	5.0728	4.1808	4.0691	4.3843	4.0661	3.8209	4.0022
5.8012	5.5304	6.458	6.1352	6.7262	5.881	4.8275	5.1186
4.9718	5.057	5.4748	4.4364	4.5685	5.0986	4.6894	4.1899
4.1032	3.7465	3.9015	3.2431	3.3307	3.937	3.5736	3.9532
6.3919	6.2064	6.0698	6.6382	4.8797	5.0889	4.3282	4.4643
3.8618	4.1991	3.5869	4.0497	3.8471	4.0614	4.5343	3.9112
4.7353	3.4305	3.8356	3.8918	3.7957	3.7724	3.6838	3.4006
5.1279	5.5447	4.968	4.8	3.2246	5.1103	4.8171	4.1102
3.8923	3.5489	3.7015	4.7865	4.725	3.9457	4.264	3.5029
5.7897	5.5914	6.0043	6.9312	6.9874	7.5214	6.0793	6.8227
2.9045	3.7102	3.1113	2.6756	2.9747	2.6524	2.612	2.4727
2.4666	2.2658	2.5094	2.4858	2.7174	2.9643	2.5302	2.5241
6.9362	7.2879	6.2581	8.674	7.9951	6.5638	4.8275	6.9188
3.972	3.2728	4.0982	4.8627	3.5421	3.5772	3.9757	3.4137
3.228	4.622	4.2136	3.2526	4.2025	4.7653	4.073	3.0964
5.6529	4.7755	4.8027	6.3042	4.6403	5.1854	3.3898	4.6996
9.0143	9.5542	6.3134	6.5811	8.3412	7.2532	6.8727	7.9305
5.2466	4.2959	5.8998	5.3675	5.356	5.3512	5.3866	4.7374
5.2416	5.015	3.8483	5.5094	4.4273	3.9638	4.6005	5.7872
4.5125	3.7601	4.9002	3.3351	4.7644	3.5876	5.0091	4.7006
7.3839	5.5222	3.5249	6.8621	6.036	5.6831	7.7988	7.8669
3.2586	3.3038	3.604	4.2	3.7571	3.5867	3.8564	4.1701
4.2342	3.4958	5.372	4.2786	4.1616	4.5866	4.6039	5.5305
4.0381	4.2132	5.4295	5.664	5.1958	4.2226	4.4132	6.5285
6.1385	6.8491	5.4738	5.7626	6.4756	6.1118	5.6837	6.4003
6.8987	5.6476	6.8047	4.5387	6.2191	6.4142	4.9439	7.0372
4.3424	6.2821	4.716	4.5158	4.5111	4.6642	5.4537	4.253
6.9195	4.8816	6.1529	5.9516	6.0624	6.0133	6.7928	5.3802
4.5481	4.1677	3.5466	3.9219	3.9632	4.567	3.9978	4.0629
3.8375	4.2272	3.9889	3.9694	4.608	4.2535	3.2952	3.8973
3.3675	3.3296	3.8804	3.9836	4.3815	3.7417	3.9992	3.63
3.8474	4.3977	5.3438	5.9483	3.5565	3.9847	3.3289	4.2386
7.2755	5.8629	5.5977	4.5547	4.7944	6.4241	7.0549	6.3212
3.291	3.094	3.1125	4.386	3.24	3.1788	3.1846	3.3135
3.9035	3.7607	5.1303	4.8916	3.9565	4.277	4.7934	5.2027
3.9576	3.6708	3.9888	3.8984	3.1248	5.0134	2.9818	4.6177
2.5102	3.2779	3.3341	4.4327	3.8005	3.8249	2.9471	4.8528
4.2674	5.8153	6.6078	5.8364	5.3081	6.1078	5.842	6.2819
5.7632	4.9132	4.2245	3.3744	3.2129	4.3148	4.2378	4.5117
5.1485	5.0015	5.7349	5.6568	4.3411	5.6927	4.7031	6.0758
4.0987	4.2289	3.7611	4.7546	4.2016	4.4713	4.7447	4.6495
9.2708	6.5717	3.8683	4.9753	7.6698	4.8645	6.2236	5.0039
4.0225	4.5769	4.1542	3.9613	4.6388	4.0061	4.0646	3.9977
4.4763	6.4895	4.8905	4.5017	4.2228	5.0259	4.352	4.6284
2.7999	3.0748	2.8185	2.6305	3.2616	2.958	3.4295	3.0663
3.93	4.2371	4.4871	4.2806	3.8902	4.2946	4.5507	4.2677
5.457	5.0721	4.5663	4.7567	5.9572	5.5691	4.8361	4.7045
2.6078	3.5854	4.0872	4.1392	4.1753	4.6294	4.0988	3.1328
3.2873	3.4211	3.0024	3.5725	3.8914	3.7893	3.4523	3.4424
4.2607	5.0436	4.9042	4.8793	4.7288	5.3687	5.5663	5.1169
6.7972	6.3869	5.7167	5.5499	4.8167	7.454	7.432	7.9955
3.1626	3.268	3.3721	2.8572	3.7362	3.9445	3.7979	3.1962
7.0966	4.759	6.2688	5.9133	5.0107	4.9654	6.8969	5.1388
3.8991	3.8663	4.1434	3.6352	4.0588	3.7834	4.8121	3.7612
6.1369	7.2403	4.6418	4.5614	5.0046	7.0805	5.9211	5.881
7.6204	7.1819	7.9455	4.5548	3.9377	6.0073	5.9135	4.6871
3.1753	3.7507	3.2987	4.0045	4.0715	3.9331	3.4435	3.908
5.0737	4.1152	4.3705	4.9864	4.3073	4.4773	4.7015	3.959
3.8175	4.9475	3.8018	3.5941	3.6381	3.8464	4.4755	5.1759
4.9049	4.2473	4.7491	4.6739	4.6748	5.3352	5.325	4.2359
3.9346	6.7071	5.1668	5.2854	5.2675	4.7999	4.6733	5.5643
3.9385	5.2996	4.9824	5.0348	5.0564	5.1048	5.7384	4.4758
4.0936	4.1233	5.3677	4.1863	6.0163	4.3537	4.3969	6.3239
4.9668	5.706	4.6052	4.8499	5.2394	6.0281	6.0499	5.183
3.6422	4.5114	4.1399	3.1531	3.7936	3.1408	3.116	3.0453
5.1978	6.9785	5.5888	5.4061	5.6171	4.5325	4.955	5.3577
4.9869	4.7908	3.8793	3.8069	4.6306	4.451	4.2316	3.5985
6.0517	6.6615	7.1378	6.1606	7.2402	6.6548	6.7394	5.1478
6.4955	4.4238	4.9741	3.4506	4.56	5.1666	4.1485	4.4584
3.4889	4.8786	4.46	3.4914	3.2501	4.0943	3.5516	4.7094
3.2602	3.5797	3.6904	3.9456	4.2165	3.9771	4.1678	4.5876
3.7463	4.3164	3.176	5.0286	4.5134	4.4749	4.8016	4.0036
5.9091	5.6881	7.7856	6.708	6.4254	6.2286	6.9271	5.0731
2.956	2.908	3.3343	3.1016	3.4037	4.1715	3.3762	3.2016
5.3654	4.9874	4.3143	3.9969	4.3173	4.3254	4.354	4.7349
4.1885	4.4775	4.4157	3.8024	4.2127	4.5327	5.7878	5.2162
5.6752	3.7859	5.8277	5.2562	6.2883	4.57	4.5697	4.6793
3.2326	4.514	4.4008	4.4958	4.5457	3.7859	5.8255	4.1184
2.9564	3.3468	3.0112	3.2598	3.3388	3.0818	3.2266	3.0286
5.0795	4.5137	4.8885	4.3959	4.7087	4.0443	3.9204	4.0393
3.2037	4.2685	3.91	3.9623	3.8639	4.2639	3.81	4.5641
4.391	3.5973	2.8039	3.6794	4.2848	3.3693	3.6401	4.1089
4.3549	3.7073	4.1894	4.1373	5.1128	3.9298	3.3835	4.3309
6.6663	7.3232	7.4165	5.3826	7.235	7.4141	6.5677	5.6363
4.2899	5.254	4.2439	2.9457	6.2362	5.4769	4.1252	5.6205
4.5185	4.9591	4.3616	4.4142	4.3139	3.6492	4.4194	3.9269
6.0539	6.8333	4.8906	5.9997	4.7027	6.0324	5.159	5.5867
2.7585	3.2965	2.6557	3.5604	3.3796	3.8204	3.3066	3.2452
5.7338	6.5191	6.7482	7.2526	5.9454	9.2034	6.4282	6.5512
4.5951	3.6175	4.5681	5.1135	5.274	4.5686	4.8737	4.205
5.3582	7.4098	8.484	7.9581	9.4546	7.6598	7.7757	6.2886
3.4688	3.8936	3.7793	2.5628	4.3265	3.3729	2.9267	2.9168
4.3311	6.0036	4.9308	5.8411	4.1065	5.1196	5.929	6.1789
4.7812	5.6146	4.977	3.9422	5.0535	4.2605	4.7991	3.7716
3.2531	2.5185	3.5777	2.4771	3.129	3.0854	3.4565	3.1143
7.3232	6.9524	8.8872	5.1743	5.4949	7.1574	6.1002	6.4852
3.8348	4.3291	4.4032	4.8322	5.9645	4.341	4.9158	5.6088
4.2647	6.1989	4.065	4.25	4.6739	3.7037	3.5966	3.986
4.7112	4.9998	5.0691	4.8809	4.1945	4.0635	4.2502	4.1365
4.4841	8.6913	6.7323	5.4683	6.8286	5.237	5.2175	6.0823
4.6632	4.9386	3.8749	4.3541	4.5705	4.9185	5.436	5.5034
4.8339	5.3996	6.7952	6.5103	4.9849	5.62	6.1883	6.4051
3.0493	4.9034	4.8717	5.0193	4.9105	4.2871	4.7323	5.8834
2.9101	3.6543	4.6988	3.3659	3.3459	3.3844	3.4198	3.0633
3.3613	4.242	4.7546	4.001	4.04	4.5304	3.6442	3.2236
3.9275	3.7755	3.2785	3.0158	3.07	3.4932	3.1032	3.5153
3.4105	3.4721	3.9698	3.7985	3.8245	3.6167	4.4016	3.9055
4.8211	3.4526	6.47	3.7172	4.7977	4.0332	5.3229	4.6412
4.5868	3.493	3.5456	4.9553	4.0053	4.5906	4.2156	4.1862
4.8288	4.298	5.8926	6.6752	5.1104	5.2564	5.5067	4.0554
4.1884	4.3553	3.8263	4.1509	4.4948	3.9624	3.9242	3.77
5.3471	7.0133	6.3632	6.8187	5.3754	5.536	5.2205	6.0582
4.6284	5.0076	4.0929	3.5225	4.1614	3.7809	4.3785	4.5558
4.6759	3.7959	3.8647	4.7252	5.7246	4.2342	4.6813	4.4242
4.3661	4.6689	4.2705	4.059	4.2536	4.5764	3.8792	4.3805
3.4664	4.7643	3.4858	2.9736	3.8187	3.3056	3.8444	3.9123
9.6142	8.2945	6.535	6.8362	7.6629	9.325	7.4288	7.9987
5.3191	6.4278	8.6919	6.2817	7.0142	5.9502	6.3446	7.7801
3.1003	4.996	4.6632	5.1495	4.7037	4.4306	5.3819	4.7646
4.5159	5.5554	4.716	3.9788	4.2136	5.6887	4.1886	3.6944
5.3363	5.2749	6.8482	5.9591	5.8059	6.6766	4.2945	5.4333
5.5099	4.9289	5.3744	5.076	6.258	5.2276	5.1148	5.6034
8.3522	4.9321	6.1012	6.3711	5.8248	7.4908	6.3836	5.349
6.4847	4.8372	7.55	5.3491	5.2386	6.4742	4.4349	4.9441
8.144	13.213	6.9247	7.9228	6.6884	8.0472	10.402	10.193
8.214	5.4541	5.6935	8.4711	6.1251	5.4847	5.9497	6.289
4.686	4.5718	5.4574	4.9309	3.8924	5.0253	5.0829	3.5607
4.7084	5.6197	4.9822	6.1761	5.3023	6.8839	5.5028	6.2481
7.1139	5.3205	4.6095	5.07	5.0015	5.4727	4.2481	6.6591
4.5697	4.2854	4.6443	5.0662	4.8733	4.9959	3.8196	4.856
3.6166	2.8057	3.5535	3.0596	3.3891	3.2504	3.3936	3.8109
6.0569	4.9453	8.0175	5.8297	7.1575	8.8341	4.5212	8.353
3.7357	4.7689	3.393	4.081	3.5441	3.9402	3.5913	4.0935
4.3774	4.5529	4.2163	3.8337	4.652	4.2669	4.5422	6.0297
3.2166	3.8039	3.0286	2.9889	3.6013	2.9995	3.0438	3.0489
4.8013	4.3995	3.8666	5.0623	4.1266	4.7961	5.0066	3.7883
9.7174	6.032	8.5806	7.2703	8.0176	5.6525	6.4167	6.2769
5.6706	5.0962	7.3447	7.081	6.1197	7.4399	5.4074	6.5092
4.8666	4.2074	4.3256	4.338	3.9138	4.3476	3.9309	4.3794
11.737	6.337	5.52	6.5992	7.4846	6.0817	7.0006	6.7188
5.3715	4.5293	4.7189	4.1553	4.334	5.2502	5.9209	4.5392
4.0679	4.002	4.6983	3.6357	4.3283	4.4725	4.5656	4.1151
4.2827	4.1355	5.3166	4.4148	4.9475	4.3348	4.5209	4.5505
4.2106	5.4083	3.5211	3.662	4.3035	4.1686	3.7786	3.883
2.8406	3.6892	3.799	4.6011	5.1665	4.9494	4.1195	3.5584
5.0549	3.288	5.1981	3.4856	4.2818	5.0782	4.7228	4.0369
7.5734	6.6956	4.2409	6.9373	5.5974	4.9818	4.7147	5.2228
3.3184	3.8966	3.5538	4.2309	3.5346	3.6423	3.6042	3.7735
2.5014	3.6474	4.3289	3.4398	4.3501	4.0456	3.5415	4.1292
6.6056	5.5722	5.6265	5.4521	6.5038	6.9231	5.9572	6.3743
8.4231	8.63	7.5981	8.5716	8.8752	6.4226	9.3371	6.8456
6.8553	6.9358	8.8382	7.1973	8.1559	8.9501	7.488	7.1026
4.8476	4.6771	5.1262	5.0106	4.9299	5.0311	4.5567	2.8723
4.9009	4.5507	4.382	4.6665	4.1759	4.3618	4.2156	5.0767
7.2488	5.7061	4.6854	4.8671	5.2762	4.2635	5.7144	5.4999
4.7521	5.0035	6.295	5.9847	6.0738	4.8973	5.4814	5.7091
3.1753	4.8728	4.7867	3.6225	3.639	3.1998	2.8515	3.2845
5.4871	4.7809	4.5563	3.7449	3.7834	4.4201	4.3046	4.9148
4.4552	4.142	4.2213	5.144	5.5097	5.2256	5.9055	4.7901
3.2811	3.4496	4.4454	4.0174	3.6332	3.5853	4.3813	4.3848
3.7024	5.0064	4.241	3.9524	4.3686	3.9292	4.3678	3.7593
5.5177	5.9673	4.7912	6.1287	7.5299	6.1076	5.3195	7.5975
4.9863	4.2917	3.9032	5.1556	4.5268	3.6868	4.8603	4.4585
4.3205	4.2537	6.3979	5.5617	5.4944	5.0807	6.8169	6.0636
5.2679	6.5493	6.7856	6.2277	7.6918	5.7222	8.0922	8.5259
5.1167	3.5499	4.6919	4.4887	3.9068	4.8417	4.5114	4.3956
3.986	4.0224	4.7372	4.1645	4.3711	4.3828	4.8027	4.2434
4.9553	3.5144	3.9001	3.5288	4.4997	3.7447	3.3993	3.1736
3.6501	3.2219	3.7727	3.4768	3.9776	2.8617	2.816	3.3623
3.5768	4.1919	3.7267	4.0081	3.8568	4.3841	3.6558	4.6497
4.9149	2.8042	4.4826	4.0169	4.5759	4.8457	3.5522	4.4588
3.3198	3.3096	3.1959	3.6701	3.7847	3.3665	3.279	3.1078
2.9976	2.4655	3.5096	3.0183	3.818	3.8855	3.1179	2.9223
5.3424	4.4916	4.5081	4.621	4.6846	3.8246	4.5769	4.0361
9.8191	7.0556	8.6761	5.0856	7.5466	6.2338	7.3815	5.2115
4.2807	3.4231	5.4788	4.5814	4.9448	4.5152	6.3845	4.6771
5.4621	4.1512	5.2987	5.7983	5.6495	5.9387	6.2838	4.0934
5.7007	5.5432	5.637	5.6393	6.3755	5.5666	6.8909	6.3779
9.5501	6.4016	8.7349	7.3312	4.1659	8.1421	8.6729	7.4287
6.5733	5.4992	6.2959	3.2308	6.1388	5.1917	5.2059	4.4337
5.4587	5.6679	5.9804	8.6724	7.55	6.0252	8.0844	4.9961
5.1552	4.6486	4.7232	5.4288	4.2222	6.4712	5.3374	4.9629
4.8167	2.7897	3.5716	4.1218	3.9818	4.3187	4.0926	4.5868
4.1842	7.0175	7.534	5.5052	7.1174	7.9231	6.5709	6.8729
3.4703	3.004	3.1633	3.1494	4.1528	3.6166	3.566	3.4582
5.8173	6.5833	6.0286	6.1259	6.4561	7.0886	6.1114	5.7274
5.6906	4.5931	4.6477	5.1376	4.5679	4.5436	4.6587	5.4753
3.0507	4.6605	4.3727	3.2764	4.0724	3.7616	3.143	5.0939
3.7328	4.5315	4.0357	4.7696	4.4922	4.4022	4.5377	5.4307
5.4003	4.0612	7.3439	5.1618	5.6748	5.8935	5.149	4.7675
2.6405	3.3931	2.5443	2.5782	3.1707	2.833	3.326	2.7318
4.6047	4.7132	4.2061	5.1671	4.3336	4.6767	4.796	4.8561
6.6643	5.7519	5.9064	5.8426	4.9053	5.4821	6.7765	5.4909
5.1768	5.3537	4.8833	4.0628	3.7687	3.6169	4.965	4.9597
4.8352	6.0843	5.3417	6.4625	5.6502	4.4946	5.6763	5.8717
6.6675	5.0802	6.5926	5.694	6.432	6.4801	3.4834	4.0395
7.0189	7.5124	6.8223	6.5417	8.9131	6.0409	7.0525	7.6738
6.3795	7.0012	5.829	7.6321	7.3184	6.8152	7.4978	6.3935
3.0712	4.0613	4.0086	4.8785	4.0596	4.4267	4.2201	5.0438
6.2152	3.6302	5.1097	5.7959	5.6947	3.3934	4.8737	4.9547
3.1635	3.2911	3.7005	4.2576	3.9765	4.5778	3.5544	3.3391
3.7833	3.468	3.4891	4.7337	4.2623	4.384	4.4691	4.0102
2.4084	3.03	5.8673	4.9097	4.4655	4.114	5.0277	4.1399
4.6316	6.0141	4.8313	4.8717	4.3273	4.7497	5.4719	4.9306
4.9891	4.6161	5.1333	4.8391	5.1707	6.3581	5.3549	4.843
6.4184	5.9495	4.6975	5.2803	5.3739	5.0863	4.1138	5.5818
5.8066	6.5811	6.2271	7.2084	5.1508	6.5371	6.9677	6.5806
5.7579	5.4528	3.6148	4.5718	5.4897	4.8613	5.7623	5.4126
6.514	4.9654	4.5024	5.2007	4.6063	5.4742	5.3971	5.6629
3.8226	4.1226	3.9413	4.8607	4.4776	4.7456	4.2807	4.0893
8.6648	6.292	6.3426	6.4487	6.3049	8.0374	6.2271	7.1139
3.7493	3.7165	3.4369	3.4936	4.3297	3.3291	3.8187	3.871
8.1805	8.5399	9.4436	10.732	7.949	8.4365	7.8732	7.4737
5.1769	4.1463	3.2053	5.2218	4.6131	4.4856	5.3323	3.5757
4.5102	6.2942	5.0534	3.4103	5.1222	7.1462	4.7391	4.648
3.6963	4.6093	4.4138	5.2158	4.4813	4.3287	4.4147	4.9224
3.7286	3.702	3.3417	4.5404	3.6009	3.2807	4.3031	4.3746
4.6946	5.6829	5.7708	7.1475	5.6199	4.8833	5.8182	5.2442
3.0463	4.6993	4.343	3.6152	4.222	4.364	5.1948	5.3786
4.1476	4.2666	6.1522	3.3808	3.828	3.8436	4.5547	4.7161
3.7229	3.6225	4.5417	4.4912	4.6864	4.3045	4.2645	3.7608
7.9046	7.2237	7.0485	9.7111	6.9377	7.586	7.4543	7.5227
6.0337	4.51	5.2754	4.5089	4.0372	5.0862	4.4563	5.157
3.6805	5.4644	5.84	5.4241	4.1352	3.8497	5.0496	4.8089
3.6342	4.5255	5.1963	5.3342	4.0597	3.5757	4.3014	4.8614
3.7936	4.9061	4.1287	4.7643	4.8094	4.6951	6.0661	4.9619
4.3273	4.6332	4.7737	3.8809	4.1069	3.1523	5.0162	3.9511
5.0343	3.898	4.1302	4.7799	4.0976	3.8601	3.7877	3.8383
3.3606	4.4064	4.2122	4.3657	2.3796	4.1057	5.8143	4.9362
6.641	6.8853	6.8617	7.2566	6.6254	6.6947	8.5083	8.254
4.6044	5.0282	6.0567	4.551	4.9126	3.791	5.8973	6.0631
3.1182	3.4044	3.8538	4.3119	4.3856	4.7517	3.7369	4.2524
4.3378	5.8153	4.3107	7.2774	5.9567	6.136	5.3953	6.2704
4.3144	3.2539	5.2471	3.1666	5.0088	5.0712	3.2141	3.6847
5.8196	3.7552	4.0215	3.6105	4.9848	4.6944	5.0762	5.502
7.1867	6.6403	5.301	7.8166	5.0906	7.8013	6.1538	6.4017
3.5487	4.9829	4.6757	4.5194	4.3227	4.2358	4.8948	4.5066
9.0272	7.0302	7.1163	5.8622	7.5803	5.7978	8.0968	8.8042
5.5859	5.8671	4.5795	6.1025	4.4934	6.467	5.2133	6.0529
3.8321	4.3653	4.3087	3.6822	4.5039	4.6659	3.6478	3.8427
5.2383	5.9171	7.0324	5.1387	8.1194	7.2562	6.9933	7.3825
4.6747	3.9268	3.5069	4.3872	4.0646	4.8947	4.9368	3.5894
4.7295	3.7119	3.7744	3.5125	4.3214	4.0211	3.517	4.5917
4.2222	4.338	5.4721	4.9447	5.0714	5.3597	4.454	4.959
6.6576	6.3943	6.2783	6.0435	5.0599	6.5983	4.4562	5.9931
6.0263	7.1244	5.8008	7.4257	5.9482	6.431	6.0764	7.0143
5.9332	6.2543	4.3938	5.3308	5.6625	7.3641	5.6708	6.5496
3.4255	3.3425	3.8495	3.3903	3.1096	3.4834	3.3959	3.2173
4.0385	4.6537	5.7064	5.0878	4.203	4.2912	4.3419	4.8196
3.9071	5.2008	5.7058	4.1332	6.5158	3.7799	4.7385	5.7207
4.0209	5.0701	4.0056	5.0641	4.8135	4.8604	4.3879	4.1256
6.177	3.7887	5.1046	4.3258	5.5619	5.0057	5.5081	4.6794
6.0612	5.7567	5.2773	5.3226	4.5201	5.2176	4.3396	5.5114
4.3424	3.2148	4.5013	3.6487	5.6771	3.6114	5.3211	3.5608
5.727	6.4862	5.3531	4.7707	4.3149	5.6142	4.8809	5.1081
4.7505	3.4422	4.9531	3.158	4.3014	3.8421	3.3974	4.2751
4.2881	4.6637	3.8943	4.7216	6.7643	4.3974	4.6632	7.059
3.1114	3.1972	3.2148	3.2208	3.0422	3.1167	3.4875	3.1969
2.9491	2.8398	2.8514	3.0106	2.5458	2.9368	2.854	2.8915
3.2579	4.4191	3.8351	3.6123	3.7725	4.3331	4.3794	3.4901
4.2015	6.2098	5.0838	6.4442	6.08	5.386	6.6109	6.3298
8.7898	7.0661	5.4924	6.7583	5.8821	5.4037	5.8083	5.3042
5.6905	5.82	4.5339	4.8916	5.3663	4.8487	5.3178	5.1601
4.5082	5.2724	4.8625	6.4654	7.1481	5.6343	5.5771	4.7662
2.913	4.6638	3.3887	3.8559	4.1431	4.4379	3.8506	3.9289
4.5097	5.6155	6.8381	5.9159	5.6409	7.4627	5.4979	8.1492
3.8513	5.0624	5.3659	5.1779	6.7118	6.033	6.2103	5.6141
4.7446	6.007	4.8792	6.6168	4.9214	6.2592	6.3891	5.6999
4.0078	5.3747	5.1812	3.8422	4.8407	5.5863	4.4828	5.4149
4.6794	3.4966	3.893	3.3036	3.5767	3.4834	4.911	4.2991
4.6084	7.1755	10.212	4.8317	5.3041	7.6071	7.9197	6.8179
7.374	7.4265	8.875	7.3601	9.0549	8.2961	8.7665	7.165
4.2397	5.9011	6.013	6.3281	5.4351	4.5789	4.3846	4.9732
7.1501	4.4825	4.4641	6.1166	5.1421	6.2699	5.5631	5.2104
4.0256	4.3969	6.2997	5.3638	5.7442	5.1006	4.4673	3.7979
2.2428	3.6126	3.4258	3.8936	3.8514	3.7278	4.1388	3.8181
5.5114	4.8571	4.7037	4.1414	4.4862	4.8418	4.8405	5.0394
2.2301	2.047	2.6729	2.2975	2.3029	2.846	2.8779	2.6728
7.168	5.4612	5.2131	3.4428	4.2022	4.6527	5.0018	4.3014
2.5991	6.2779	5.6436	4.9255	6.1211	5.6584	5.4989	5.8401
8.0437	7.3587	9.2087	12.624	8.3325	6.8457	8.8879	7.9057
6.1631	4.7885	3.454	4.7335	3.3775	2.8948	4.1718	3.2534
4.3129	5.3164	5.2279	5.5181	5.5445	4.8853	4.8333	5.1954
5.0232	4.618	5.4706	4.3507	6.6021	7.1235	5.6196	5.7315
5.6305	5.7537	5.0727	4.2347	4.5293	5.1159	4.7287	4.865
3.4787	3.7821	3.7501	3.6689	3.812	4.184	3.8994	4.5039
3.4056	3.4896	4.0853	3.8283	4.2341	5.0349	3.7653	3.8776
6.1469	4.1625	3.4474	5.9065	5.2301	5.3963	5.5929	4.8629
3.001	5.8816	5.9672	5.7592	4.7248	5.1408	5.1155	4.8681
5.9371	6.3471	6.2449	7.4284	6.2384	5.7383	6.8886	7.1473
5.9334	5.7021	5.0601	5.5074	4.7329	4.4599	3.8446	5.2881
8.4984	5.2647	4.5915	5.7607	4.7021	7.5848	6.9695	5.7726
2.3316	3.8849	5.2268	4.9073	3.8328	5.497	6.974	4.9385
4.4764	4.0654	6.556	5.9744	5.3504	6.0468	6.5724	6.0174
4.2191	3.0647	3.566	3.206	3.9009	3.8177	3.3676	3.7488
3.1308	3.5501	3.6043	3.2155	3.5219	4.319	3.6873	4.328
4.471	3.9906	4.081	3.947	5.0067	3.8121	6.1153	5.1878
4.6863	3.9283	3.5905	3.304	4.1985	4.3701	4.4759	3.4064
2.538	2.6455	2.6543	3.172	3.6631	3.3283	2.6738	3.3468
3.4665	4.1988	3.3915	4.6004	4.5595	5.0542	4.6674	4.7344
4.5118	4.2101	4.0037	4.4035	4.3682	3.8576	5.2714	4.7757
3.4377	3.4323	3.827	3.7051	4.0499	4.2455	4.3648	3.5957
9.1468	7.6104	8.2686	8.9445	6.8624	9.3158	7.789	9.0132
6.1268	6.5952	8.1134	8.3764	8.3787	8.5903	6.6486	6.9169
4.7939	4.8052	5.5894	5.2251	4.9236	4.8512	6.2974	7.2744
3.2422	4.2264	4.3854	3.4726	3.5854	3.2753	2.4423	3.0062
4.6326	4.297	4.4412	5.1149	6.5396	4.0192	6.4417	5.1768
4.3627	3.4509	3.8367	4.5052	4.3773	4.1143	3.7565	4.4318
4.6477	4.1986	4.3331	4.8464	6.3531	4.4587	5.5422	4.4025
4.4021	5.194	4.3927	5.247	5.4901	6.4452	3.9316	4.2902
4.7127	4.8414	4.7587	3.8565	3.7349	3.9253	5.1396	4.3924
7.1231	8.2577	6.3522	8.6215	6.455	7.6968	6.0778	7.3869
3.6683	4.4299	3.4289	3.3858	3.6766	3.5284	3.6235	4.4909
6.2237	4.6715	4.6578	3.8386	5.3235	4.4127	5.3597	4.4548
4.4577	4.5986	5.2459	5.4065	5.0233	5.0845	5.5492	4.6236
6.3148	4.8885	7.0121	5.4491	6.7613	5.6676	5.4839	6.532
4.6303	4.8546	4.5823	5.3718	4.6381	4.2775	6.1129	6.0956
6.897	6.353	7.7415	5.5941	6.0264	5.5139	6.2507	5.1921
7.3471	4.4613	6.8585	5.0538	5.1926	5.0927	5.0417	6.0968
4.8435	3.9653	3.5125	3.6509	3.7006	3.7377	4.6202	5.199
5.3654	4.038	4.6441	4.1654	4.217	3.2893	4.3584	4.8254
6.122	6.7883	7.8196	6.1501	7.6954	9.8553	6.7155	4.5896
3.9345	4.9645	4.5211	4.4018	5.0436	4.5399	4.215	3.9167
2.7763	3.6548	3.0932	3.2041	3.4184	3.9053	3.1732	3.3964
3.597	3.587	3.6853	3.7852	3.1175	3.2636	3.1147	4.0191
6.041	5.6782	5.7067	4.5747	6.7861	5.3783	5.1808	5.3688
4.2536	5.3692	5.442	4.2071	5.3482	4.1134	4.6497	4.7614
3.6911	4.2566	3.7798	4.8612	5.4737	3.7418	3.5065	5.0083
5.5796	6.5387	6.1103	5.4967	6.0541	4.9788	5.686	6.8426
6.2224	4.8614	6.3707	4.7035	3.7831	3.0395	4.712	4.6062
5.5712	6.3585	5.6165	5.4192	4.8757	5.768	4.3498	5.4203
3.6866	4.0211	6.2174	3.9719	3.4124	4.5981	4.1683	3.9116
3.5249	3.0926	2.8639	3.1414	4.5698	4.9579	3.9954	3.8885
3.9849	4.6982	3.7093	4.0829	4.7013	3.3718	3.7711	3.9046
3.912	4.6139	3.7384	3.8378	4.4168	3.8271	3.7422	4.9065
5.5107	4.8912	6.7693	6.0989	8.0679	8.4425	6.6428	9.4501
5.6797	5.2206	4.0565	2.9003	4.9386	4.8049	4.9695	5.833
5.4237	6.7702	7.0225	6.3725	4.5652	7.4398	5.5067	4.3297
4.5238	4.1537	4.8755	4.4557	3.5643	2.8624	3.7773	3.9489
4.4636	3.7918	3.7201	3.233	3.5094	4.9288	4.9274	5.2723
3.9676	3.9366	3.719	3.6813	4.8568	3.9489	4.0038	3.9505
5.0197	5.6563	5.6971	6.2575	5.14	5.7847	4.3664	4.1613
4.2854	3.8891	4.9107	5.9422	4.1756	4.0869	3.3686	3.7966
5.1164	5.2101	3.9188	4.6556	3.7551	4.8725	5.0429	4.7507
5.6332	3.3914	3.3516	4.0494	4.5762	5.1435	4.3483	4.7698
3.2926	3.9824	2.767	4.6598	3.1487	3.5441	3.6585	3.4129
7.8148	3.8889	6.7208	4.5108	6.22	6.2962	6.5546	5.7693
4.2683	5.5941	3.9916	3.8149	5.6204	6.2584	6.3401	4.1238
2.1351	3.6812	3.6614	5.089	3.2235	3.9636	4.3457	5.0966
4.7871	3.7785	3.8729	4.7472	3.9149	3.5657	3.8982	4.4471
3.6044	4.7241	3.7031	4.2297	3.9468	4.2507	4.2997	4.8286
5.9319	4.1311	4.9656	4.0315	4.659	3.8819	4.4325	6.1518
3.8818	4.2979	3.3479	3.2062	3.9615	3.6468	3.1646	3.5491
6.7571	5.6057	6.9172	5.798	6.6097	6.9774	5.9604	5.6312
4.3033	6.2709	5.1408	5.2973	4.7254	4.6246	5.2229	5.9664
4.0959	3.2802	3.2503	4.1055	3.5431	4.3064	3.2352	3.3716
6.6342	6.4516	7.0563	7.0893	7.5955	6.5211	7.3514	6.3593
4.3918	3.376	4.1128	4.7528	4.487	5.0399	4.9002	4.3024
7.1308	4.6178	7.571	5.1216	4.234	7.4532	5.8585	5.9035
4.0552	3.7596	5.781	5.1265	4.7546	4.4094	4.0551	5.2838
2.4526	2.2601	3.2981	2.8084	2.7529	2.9486	2.6041	3.5146
9.1115	6.0381	6.6689	8.7182	7.3812	6.6033	7.8238	7.4295
