-0.085859
-0.094275
-0.093795
-0.089368
-0.093612
-0.090399
-0.091017
-0.092453
-0.095779
-0.09066
-0.094027
-0.094309
-0.093023
-0.091556
-0.093065
-0.08945
-0.091737
-0.088731
-0.091354
-0.089653
-0.092399
-0.09197
-0.09144
-0.090078
-0.094862
-0.094548
-0.089511
-0.095322
-0.092336
-0.092194
-0.091048
-0.093801
-0.089434
-0.091481
-0.092216
-0.092502
-0.092099
-0.088133
-0.090076
-0.091249
-0.094074
-0.093327
-0.093577
-0.09308
-0.091626
-0.095812
-0.092244
-0.091662
-0.093153
-0.092048
-0.092365
-0.092033
-0.094648
-0.092778
-0.08969
-0.089705
-0.095251
-0.093753
-0.091767
-0.089815
-0.091997
-0.093561
-0.093891
-0.092838
-0.092148
-0.095016
-0.091443
-0.091715
-0.094649
-0.094091
-0.094007
-0.092629
-0.094382
-0.091189
-0.096471
-0.089515
-0.09389
-0.093331
-0.087037
-0.094633
-0.09583
-0.093612
-0.091443
-0.092005
-0.092619
-0.088784
-0.091686
-0.09186
-0.094775
-0.091699
-0.091653
-0.090066
-0.091111
-0.090994
-0.095901
-0.091065
-0.091441
-0.090666
-0.09114
-0.096021
-0.094417
-0.088026
-0.093553
-0.095872
-0.091994
-0.092266
-0.090117
-0.089371
-0.092498
-0.091039
-0.093057
-0.089507
-0.091485
-0.092276
-0.092984
-0.093975
-0.089879
-0.092779
-0.090863
-0.091581
-0.087616
-0.091959
-0.090902
-0.093
-0.091196
-0.093909
-0.095967
-0.0931
-0.093463
-0.094503
-0.089154
-0.090984
-0.095351
-0.092597
-0.091443
-0.090978
-0.090578
-0.089426
-0.08626
-0.091868
-0.09329
-0.090525
-0.094231
-0.092487
-0.09264
-0.089333
-0.090096
-0.090319
-0.095824
-0.08369
-0.092215
-0.089628
-0.089828
-0.093369
-0.091991
-0.092972
-0.093547
-0.093129
-0.093574
-0.09253
-0.09349
-0.08881
-0.091119
-0.091895
-0.091581
-0.094982
-0.091443
-0.094566
-0.093375
-0.092995
-0.092262
-0.090764
-0.088311
-0.090919
-0.096267
-0.090889
-0.094102
-0.087837
-0.092683
-0.094525
-0.09216
-0.093176
-0.091362
-0.088051
-0.094677
-0.093701
-0.092559
-0.089076
-0.090201
-0.091029
-0.094579
-0.093031
-0.092636
-0.091005
-0.087672
-0.095276
-0.093152
-0.094781
-0.093752
-0.091809
-0.09154
-0.090817
-0.093895
-0.094309
-0.093367
-0.092142
-0.093802
-0.09311
-0.093687
-0.093975
-0.093418
-0.095764
-0.095893
-0.091932
-0.093899
-0.090568
-0.092121
-0.093234
-0.088144
-0.093599
-0.089236
-0.091701
-0.096203
-0.087855
-0.090058
-0.090397
-0.091263
-0.094538
-0.095573
-0.092421
-0.085215
-0.086765
-0.091552
-0.093297
-0.0897
-0.090291
-0.091333
-0.090294
-0.095058
-0.087038
-0.090944
-0.092874
-0.090358
-0.08898
-0.089447
-0.093734
-0.092818
-0.091978
-0.092381
-0.092951
-0.091028
-0.092936
-0.091053
-0.090824
-0.094057
-0.093945
-0.095559
-0.088266
-0.094222
-0.093088
-0.093398
-0.091397
-0.090198
-0.086999
-0.0918
-0.089893
-0.088903
-0.085678
-0.093319
-0.089663
-0.092532
-0.094664
-0.092559
-0.09181
-0.094866
-0.092226
-0.095167
-0.088636
-0.092314
-0.095799
-0.094866
-0.095715
-0.087821
-0.092542
-0.092272
-0.094684
-0.090288
-0.093835
-0.089286
-0.093746
-0.094183
-0.090454
-0.093123
-0.094304
-0.090481
-0.091929
-0.090619
-0.092481
-0.09265
-0.093298
-0.091201
-0.093644
-0.093992
-0.095535
-0.087043
-0.088294
-0.09519
-0.090881
-0.091998
-0.095181
-0.091647
-0.091591
-0.089934
-0.095592
-0.087831
-0.089687
-0.095313
-0.094448
-0.090836
-0.089234
-0.091465
-0.091089
-0.088068
-0.09408
-0.091461
-0.093547
-0.09157
-0.092073
-0.088912
-0.093722
-0.091563
-0.086598
-0.092018
-0.094154
-0.09078
-0.09678
-0.092761
-0.094054
-0.091532
-0.089308
-0.094177
-0.090798
-0.09088
-0.08955
-0.088731
-0.093873
-0.091732
-0.093269
-0.089134
-0.092132
-0.09081
-0.094558
-0.092391
-0.092211
-0.093459
-0.094101
-0.095128
-0.094371
-0.090469
-0.089931
-0.092925
-0.093994
-0.094906
-0.093923
-0.091913
-0.093916
-0.091648
-0.094051
-0.0916
-0.091317
-0.091097
-0.093493
-0.094136
-0.088192
-0.094262
-0.088514
-0.091136
-0.090253
-0.091145
-0.089301
-0.09389
-0.093669
-0.090296
-0.093248
-0.092888
-0.093762
-0.087799
-0.092952
-0.090896
-0.09004
-0.095709
-0.095333
-0.088798
-0.089625
-0.091147
-0.090965
-0.09026
-0.093279
-0.090432
-0.092716
-0.091188
-0.09025
-0.092929
-0.090561
-0.093106
-0.089563
-0.09538
-0.092498
-0.093813
-0.094318
-0.090493
-0.092788
-0.087532
-0.092147
-0.092392
-0.091567
-0.092675
-0.092154
-0.093244
-0.091871
-0.085972
-0.091707
-0.092332
-0.091233
-0.090883
-0.093123
-0.090942
-0.090491
-0.091892
-0.090198
-0.09369
-0.090078
-0.092071
-0.094741
-0.092562
-0.093762
-0.090006
-0.092486
-0.095664
-0.092412
-0.09231
-0.096165
-0.093132
-0.094661
-0.089248
-0.091879
-0.093322
-0.09363
-0.093791
-0.09487
-0.092521
-0.093639
-0.094099
-0.093662
-0.091926
-0.088171
-0.088805
-0.090772
-0.093685
-0.091957
-0.094327
-0.089942
-0.088213
-0.092928
-0.091892
-0.092588
-0.088816
-0.088392
-0.092177
-0.094009
-0.091226
-0.093517
-0.092197
-0.095045
-0.092508
-0.094147
-0.08833
-0.093133
-0.093562
-0.092376
-0.090447
-0.091245
-0.094355
-0.091834
-0.091505
-0.092701
-0.092719
-0.094067
-0.092521
-0.0927
-0.091992
-0.093369
-0.095337
-0.09431
-0.093505
-0.091449
-0.092896
-0.094971
-0.092351
-0.092326
-0.088212
-0.089651
-0.089738
-0.091918
-0.092233
-0.092026
-0.09314
-0.091851
-0.093991
-0.091903
-0.088346
-0.091485
-0.089472
-0.087869
-0.093131
-0.09294
-0.090409
-0.091699
-0.086055
-0.091346
-0.091826
-0.091416
-0.091299
-0.091908
-0.092197
-0.092648
-0.090858
-0.090901
-0.093318
-0.093543
-0.09364
-0.092735
-0.089938
-0.094406
-0.094116
-0.09304
-0.092088
-0.090062
-0.091696
-0.084822
-0.089004
-0.093787
-0.089638
-0.093223
-0.089631
-0.0907
-0.091985
-0.083692
-0.093771
-0.093997
-0.096091
-0.092698
-0.092436
-0.09307
-0.090187
-0.096089
-0.089405
-0.093222
-0.094321
-0.092576
-0.090679
-0.090512
-0.092357
-0.094042
-0.095182
-0.090152
-0.09138
-0.093171
-0.092373
-0.093824
-0.089649
-0.092107
-0.090609
-0.088378
-0.093122
-0.093061
-0.093908
-0.091784
-0.093037
-0.093424
-0.092573
-0.093759
-0.092546
-0.0914
-0.093478
-0.089457
-0.094039
-0.089313
-0.092472
-0.094341
-0.090672
-0.090641
-0.093182
-0.085326
-0.093312
-0.09168
-0.092085
-0.095444
-0.094489
-0.091935
-0.093167
-0.091753
-0.091254
-0.091316
-0.093114
-0.093858
-0.093113
-0.092444
-0.09397
-0.091011
-0.089098
-0.09442
-0.09226
-0.090982
-0.088662
-0.092322
-0.095048
-0.090231
-0.087692
-0.089467
-0.091851
-0.093805
-0.091583
-0.091472
-0.092335
-0.088377
-0.090577
-0.090188
-0.09224
-0.093408
-0.094187
-0.092983
-0.089836
-0.091725
-0.089701
-0.086234
-0.089543
-0.088762
-0.094067
-0.093138
-0.093338
-0.095209
-0.089712
-0.091317
-0.089135
-0.092542
-0.091131
-0.093757
-0.093671
-0.092372
-0.091715
-0.091528
-0.092044
-0.093608
-0.090433
-0.088769
-0.091958
-0.094986
-0.092293
-0.091676
-0.090119
-0.087034
-0.092717
-0.094536
-0.085871
-0.092045
-0.093463
-0.091369
-0.093348
-0.095004
-0.093874
-0.088615
-0.092931
-0.096898
-0.094596
-0.09386
-0.093431
-0.090578
-0.09176
-0.091906
-0.09238
-0.090138
-0.087837
-0.087949
-0.092176
-0.088474
-0.087939
-0.087909
-0.091699
-0.093584
-0.092975
-0.091337
-0.092397
-0.092839
-0.091385
-0.0881
-0.090178
-0.093152
-0.09409
-0.092474
-0.090528
-0.089988
-0.089203
-0.095181
-0.094289
-0.095438
-0.089804
-0.093031
-0.091636
-0.094368
-0.092481
-0.091284
-0.093464
-0.090424
-0.090061
-0.088924
-0.09147
-0.090748
-0.090795
-0.093537
-0.091266
-0.091226
-0.090967
-0.094635
-0.091397
-0.091951
-0.090055
-0.093121
-0.095009
-0.092464
-0.095046
-0.094355
-0.088144
-0.090247
-0.090573
-0.090986
-0.092519
-0.087202
-0.092973
-0.090757
-0.092139
-0.096058
-0.093058
-0.087927
-0.091843
-0.094359
-0.093101
-0.092748
-0.094776
-0.090467
-0.093484
-0.092613
-0.094634
-0.08861
-0.094324
-0.092983
-0.091284
-0.094114
-0.09552
-0.086419
-0.091461
-0.091093
-0.093677
-0.092873
-0.093119
-0.090282
-0.092978
-0.094958
-0.095805
-0.094221
-0.092756
-0.093868
-0.092257
-0.090412
-0.086895
-0.091653
-0.093611
-0.092222
-0.092527
-0.087348
-0.094067
-0.092418
-0.094848
-0.094362
-0.095034
-0.090303
-0.094239
-0.093112
-0.093699
-0.093406
-0.092352
-0.091053
-0.08946
-0.089628
-0.093206
-0.092572
-0.091833
-0.086663
-0.092332
-0.091148
-0.09221
-0.091369
-0.088535
-0.09204
-0.092775
-0.088806
-0.091961
-0.092072
-0.092521
-0.091124
-0.09066
-0.091948
-0.091086
-0.088672
-0.094424
-0.091185
-0.093853
-0.092605
-0.091926
-0.093744
-0.087775
-0.090482
-0.089801
-0.093972
-0.090788
-0.09269
-0.092721
-0.092664
-0.092199
-0.092633
-0.0924
-0.092817
-0.092675
-0.096077
-0.094646
-0.093784
-0.09379
-0.09487
-0.087066
-0.094212
-0.093751
-0.088873
-0.095322
-0.094052
-0.094328
-0.089699
-0.094469
-0.093282
-0.092942
-0.093673
-0.090991
-0.092841
-0.092763
-0.091386
-0.092031
-0.08788
-0.095194
-0.094947
-0.092064
-0.093966
-0.094961
-0.090911
-0.094431
-0.087849
-0.086902
-0.09309
-0.088546
-0.093596
-0.092906
-0.09491
-0.090393
-0.08973
-0.090896
-0.093496
-0.09335
-0.094093
-0.090923
-0.091564
-0.092829
-0.092413
-0.095712
-0.094555
-0.092582
-0.092164
-0.093808
-0.087706
-0.092417
-0.093673
-0.086592
-0.091395
-0.093993
-0.09338
-0.09523
-0.089247
-0.095133
-0.094449
-0.087866
-0.093782
-0.095073
-0.08964
-0.094006
-0.094841
-0.093502
-0.091913
-0.090651
-0.090802
-0.093179
-0.088978
-0.09427
-0.092911
-0.094049
-0.094281
-0.091762
-0.091374
-0.088911
-0.092739
-0.096148
-0.090833
-0.092653
-0.09058
-0.092296
-0.093542
-0.090181
-0.09039
-0.094284
-0.093518
-0.090895
-0.095145
-0.094108
-0.092839
-0.093668
-0.09623
-0.091901
-0.092543
-0.090677
-0.09619
-0.095077
-0.095668
-0.092945
-0.087558
-0.091945
-0.089867
-0.087944
-0.0927
-0.09164
-0.094461
-0.094547
-0.094134
-0.092378
-0.089846
-0.089585
-0.089334
-0.094198
-0.090802
-0.092754
-0.09326
-0.092087
-0.089128
-0.094234
-0.095409
-0.089764
-0.09103
-0.092879
-0.092428
-0.092071
-0.094208
-0.089847
-0.091882
-0.088258
-0.092551
-0.092687
-0.09023
-0.089494
-0.094044
-0.09239
-0.091588
-0.094048
-0.088685
-0.093204
-0.09275
-0.094256
-0.089815
-0.088942
-0.094613
-0.09265
-0.093871
-0.09219
-0.089361
-0.093599
-0.092668
-0.092829
-0.09309
-0.088907
-0.092434
-0.091021
-0.095678
-0.09107
-0.093246
-0.094514
-0.093736
-0.088898
-0.092041
-0.094713
-0.090979
-0.09078
-0.092866
-0.092465
-0.090879
-0.085225
-0.095506
-0.094147
-0.089331
-0.093938
-0.093464
-0.090007
-0.092981
-0.091862
-0.09313
-0.090522
-0.092022
-0.094104
-0.09234
-0.087212
-0.091722
-0.092133
-0.09409
-0.08689
-0.092409
-0.092279
-0.095704
-0.093324
-0.090332
-0.093932
-0.094966
-0.090121
-0.090958
-0.096897
-0.088591
-0.091315
-0.096061
-0.093069
-0.092222
-0.093587
-0.091872
-0.093171
-0.091851
-0.09204
-0.094059
-0.08756
-0.094483
