0	-4.8	2.7667	0.4426	0	0
0.2	-4.8	2.7658	0.44242	0	0
0.4	-4.8	2.7657	0.4424	0	0
0.6	-4.8	2.7668	0.44262	0	0
0.8	-4.8	2.7667	0.44259	0	0
1	-4.8	2.7669	0.44261	0	0
1.2	-4.8	2.7671	0.44264	0	0
1.4	-4.8	2.7672	0.44264	0	0
1.6	-4.8	2.7672	0.44263	0	0
1.8	-4.8	2.7671	0.4426	0	0
2	-4.8	2.767	0.44257	0	0
2.2	-4.8	2.7671	0.44257	0	0
2.4	-4.8	2.7672	0.44258	0	0
0	-5	2.7706	0.44395	0	0
0.2	-5	2.7697	0.44377	0	0
0.4	-5	2.7695	0.44375	0	0
0.6	-5	2.7707	0.44397	0	0
0.8	-5	2.7706	0.44394	0	0
1	-5	2.7707	0.44395	0	0
1.2	-5	2.771	0.44398	0	0
1.4	-5	2.7711	0.44398	0	0
1.6	-5	2.771	0.44396	0	0
1.8	-5	2.7709	0.44393	0	0
2	-5	2.7709	0.4439	0	0
2.2	-5	2.7709	0.4439	0	0
2.4	-5	2.771	0.44391	0	0
2.6	-5	2.7712	0.44394	0	0
2.8	-5	2.7714	0.44397	0	0
3	-5	2.7716	0.44401	0	0
3.2	-5	2.7717	0.44403	0	0
3.4	-5	2.7719	0.44405	0	0
3.6	-5	2.7719	0.44407	0	0
3.8	-5	2.772	0.44407	0	0
4	-5	2.772	0.44408	0	0
4.2	-5	2.772	0.44407	0	0
4.4	-5	2.7719	0.44405	0	0
4.6	-5	2.7717	0.44403	0	0
4.8	-5	2.7715	0.44399	0	0
5	-5	2.7713	0.44394	0	0
2.6	-4.2	2.7725	0.44171	0	0
2.8	-4.2	2.7727	0.44174	0	0
3	-4.2	2.7729	0.44178	0	0
3.2	-4.2	2.7731	0.44181	0	0
3.4	-4.2	2.7732	0.44183	0	0
3.6	-4.2	2.7733	0.44185	0	0
3.8	-4.2	2.7734	0.44186	0	0
4	-4.2	2.7734	0.44186	0	0
4.2	-4.2	2.7734	0.44185	0	0
4.4	-4.2	2.7733	0.44184	0	0
4.6	-4.2	2.7732	0.44182	0	0
4.8	-4.2	2.773	0.44178	0	0
5	-4.2	2.7727	0.44173	0	0
2.6	-4.8	2.7674	0.44261	0	0
2.8	-4.8	2.7676	0.44264	0	0
3	-4.8	2.7678	0.44268	0	0
3.2	-4.8	2.7679	0.4427	0	0
3.4	-4.8	2.7681	0.44273	0	0
3.6	-4.8	2.7682	0.44274	0	0
3.8	-4.8	2.7682	0.44275	0	0
4	-4.8	2.7682	0.44275	0	0
4.2	-4.8	2.7682	0.44274	0	0
4.4	-4.8	2.7681	0.44273	0	0
4.6	-4.8	2.768	0.4427	0	0
4.8	-4.8	2.7678	0.44266	0	0
5	-4.8	2.7675	0.44261	0	0
2.6	-4.6	2.7723	0.44294	0	0
2.8	-4.6	2.7725	0.44298	0	0
3	-4.6	2.7727	0.44301	0	0
3.2	-4.6	2.7729	0.44304	0	0
3.4	-4.6	2.773	0.44306	0	0
3.6	-4.6	2.7731	0.44308	0	0
3.8	-4.6	2.7731	0.44309	0	0
4	-4.6	2.7731	0.44309	0	0
4.2	-4.6	2.7731	0.44308	0	0
4.4	-4.6	2.773	0.44307	0	0
4.6	-4.6	2.7729	0.44304	0	0
4.8	-4.6	2.7727	0.443	0	0
5	-4.6	2.7724	0.44295	0	0
0	-4.6	2.7715	0.44291	0	0
0.2	-4.6	2.7706	0.44273	0	0
0.4	-4.6	2.7705	0.44271	0	0
0.6	-4.6	2.7717	0.44293	0	0
0.8	-4.6	2.7716	0.4429	0	0
1	-4.6	2.7717	0.44292	0	0
1.2	-4.6	2.772	0.44296	0	0
1.4	-4.6	2.7721	0.44297	0	0
1.6	-4.6	2.7721	0.44295	0	0
1.8	-4.6	2.772	0.44292	0	0
2	-4.6	2.7719	0.4429	0	0
2.2	-4.6	2.772	0.4429	0	0
2.4	-4.6	2.7721	0.44291	0	0
0	-4.2	2.7716	0.44162	0	0
0.2	-4.2	2.7706	0.44144	0	0
0.4	-4.2	2.7705	0.44142	0	0
0.6	-4.2	2.7717	0.44165	0	0
0.8	-4.2	2.7717	0.44163	0	0
1	-4.2	2.7718	0.44166	0	0
1.2	-4.2	2.7721	0.4417	0	0
1.4	-4.2	2.7722	0.44171	0	0
1.6	-4.2	2.7722	0.4417	0	0
1.8	-4.2	2.7722	0.44167	0	0
2	-4.2	2.7721	0.44165	0	0
2.2	-4.2	2.7722	0.44166	0	0
2.4	-4.2	2.7723	0.44167	0	0
0	-4	2.7593	0.43857	0	0
0.2	-4	2.7584	0.43839	0	0
0.4	-4	2.7583	0.43837	0	0
0.6	-4	2.7595	0.4386	0	0
0.8	-4	2.7594	0.43859	0	0
1	-4	2.7596	0.43861	0	0
1.2	-4	2.7599	0.43866	0	0
1.4	-4	2.7601	0.43867	0	0
1.6	-4	2.7601	0.43866	0	0
1.8	-4	2.76	0.43864	0	0
2	-4	2.76	0.43862	0	0
2.2	-4	2.76	0.43862	0	0
2.4	-4	2.7602	0.43864	0	0
2.6	-4.4	2.7721	0.44229	0	0
2.8	-4.4	2.7723	0.44233	0	0
3	-4.4	2.7725	0.44236	0	0
3.2	-4.4	2.7727	0.44239	0	0
3.4	-4.4	2.7728	0.44241	0	0
3.6	-4.4	2.7729	0.44243	0	0
3.8	-4.4	2.773	0.44244	0	0
4	-4.4	2.773	0.44244	0	0
4.2	-4.4	2.773	0.44243	0	0
4.4	-4.4	2.7729	0.44242	0	0
4.6	-4.4	2.7727	0.44239	0	0
4.8	-4.4	2.7725	0.44236	0	0
5	-4.4	2.7723	0.44231	0	0
0	-3.6	2.7699	0.43897	0	0
0.2	-3.6	2.7689	0.43879	0	0
0.4	-3.6	2.7689	0.43878	0	0
0.6	-3.6	2.7701	0.43902	0	0
0.8	-3.6	2.7701	0.439	0	0
1	-3.6	2.7703	0.43904	0	0
1.2	-3.6	2.7706	0.43908	0	0
1.4	-3.6	2.7707	0.4391	0	0
1.6	-3.6	2.7708	0.4391	0	0
1.8	-3.6	2.7707	0.43908	0	0
2	-3.6	2.7707	0.43906	0	0
2.2	-3.6	2.7708	0.43907	0	0
2.4	-3.6	2.7709	0.43909	0	0
2.6	-3.6	2.7711	0.43912	0	0
2.8	-3.6	2.7714	0.43916	0	0
3	-3.6	2.7716	0.4392	0	0
3.2	-3.6	2.7718	0.43923	0	0
3.4	-3.6	2.7719	0.43926	0	0
3.6	-3.6	2.772	0.43928	0	0
3.8	-3.6	2.7721	0.43929	0	0
4	-3.6	2.7721	0.43929	0	0
4.2	-3.6	2.7721	0.43929	0	0
4.4	-3.6	2.772	0.43927	0	0
4.6	-3.6	2.7719	0.43925	0	0
4.8	-3.6	2.7717	0.43921	0	0
5	-3.6	2.7714	0.43916	0	0
0	-4.4	2.7713	0.44223	0	0
0.2	-4.4	2.7703	0.44205	0	0
0.4	-4.4	2.7702	0.44203	0	0
0.6	-4.4	2.7714	0.44226	0	0
0.8	-4.4	2.7713	0.44223	0	0
1	-4.4	2.7715	0.44226	0	0
1.2	-4.4	2.7718	0.44229	0	0
1.4	-4.4	2.7719	0.4423	0	0
1.6	-4.4	2.7719	0.44229	0	0
1.8	-4.4	2.7718	0.44226	0	0
2	-4.4	2.7717	0.44224	0	0
2.2	-4.4	2.7718	0.44224	0	0
2.4	-4.4	2.7719	0.44226	0	0
0	-3.8	2.7709	0.44	0	0
0.2	-3.8	2.7699	0.43982	0	0
0.4	-3.8	2.7698	0.43981	0	0
0.6	-3.8	2.7711	0.44004	0	0
0.8	-3.8	2.771	0.44003	0	0
1	-3.8	2.7712	0.44006	0	0
1.2	-3.8	2.7715	0.4401	0	0
1.4	-3.8	2.7717	0.44012	0	0
1.6	-3.8	2.7717	0.44011	0	0
1.8	-3.8	2.7716	0.44009	0	0
2	-3.8	2.7716	0.44007	0	0
2.2	-3.8	2.7717	0.44008	0	0
2.4	-3.8	2.7718	0.4401	0	0
0	-3.2	2.7707	0.43725	0	0
0.2	-3.2	2.7698	0.43707	0	0
0.4	-3.2	2.7697	0.43706	0	0
0.6	-3.2	2.771	0.43731	0	0
0.8	-3.2	2.771	0.4373	0	0
1	-3.2	2.7712	0.43734	0	0
1.2	-3.2	2.7716	0.43739	0	0
1.4	-3.2	2.7717	0.43742	0	0
1.6	-3.2	2.7718	0.43742	0	0
1.8	-3.2	2.7718	0.4374	0	0
2	-3.2	2.7718	0.43739	0	0
2.2	-3.2	2.7719	0.4374	0	0
2.4	-3.2	2.772	0.43742	0	0
2.6	-3.4	2.7634	0.43673	0	0
2.8	-3.4	2.7636	0.43677	0	0
3	-3.4	2.7639	0.43681	0	0
3.2	-3.4	2.764	0.43684	0	0
3.4	-3.4	2.7642	0.43687	0	0
3.6	-3.4	2.7643	0.43688	0	0
3.8	-3.4	2.7644	0.4369	0	0
4	-3.4	2.7644	0.4369	0	0
4.2	-3.4	2.7644	0.4369	0	0
4.4	-3.4	2.7643	0.43688	0	0
4.6	-3.4	2.7642	0.43686	0	0
4.8	-3.4	2.764	0.43682	0	0
5	-3.4	2.7637	0.43677	0	0
2.6	-3	2.7661	0.43528	0	0
2.8	-3	2.7663	0.43532	0	0
3	-3	2.7666	0.43536	0	0
3.2	-3	2.7668	0.43539	0	0
3.4	-3	2.7669	0.43542	0	0
3.6	-3	2.7671	0.43544	0	0
3.8	-3	2.7671	0.43545	0	0
4	-3	2.7672	0.43546	0	0
4.2	-3	2.7671	0.43545	0	0
4.4	-3	2.7671	0.43544	0	0
4.6	-3	2.767	0.43542	0	0
4.8	-3	2.7668	0.43538	0	0
5	-3	2.7665	0.43533	0	0
0	-3	2.7644	0.43503	0	0
0.2	-3	2.7635	0.43486	0	0
0.4	-3	2.7634	0.43485	0	0
0.6	-3	2.7647	0.4351	0	0
0.8	-3	2.7647	0.4351	0	0
1	-3	2.765	0.43514	0	0
1.2	-3	2.7653	0.4352	0	0
1.4	-3	2.7655	0.43523	0	0
1.6	-3	2.7656	0.43523	0	0
1.8	-3	2.7656	0.43521	0	0
2	-3	2.7656	0.4352	0	0
2.2	-3	2.7657	0.43521	0	0
2.4	-3	2.7659	0.43524	0	0
0	-3.4	2.762	0.43655	0	0
0.2	-3.4	2.7611	0.43637	0	0
0.4	-3.4	2.761	0.43636	0	0
0.6	-3.4	2.7623	0.4366	0	0
0.8	-3.4	2.7622	0.43659	0	0
1	-3.4	2.7625	0.43663	0	0
1.2	-3.4	2.7628	0.43668	0	0
1.4	-3.4	2.763	0.4367	0	0
1.6	-3.4	2.763	0.4367	0	0
1.8	-3.4	2.763	0.43668	0	0
2	-3.4	2.7629	0.43666	0	0
2.2	-3.4	2.763	0.43667	0	0
2.4	-3.4	2.7632	0.43669	0	0
2.6	-2.8	2.7746	0.43592	0	0
2.8	-2.8	2.7749	0.43596	0	0
3	-2.8	2.7751	0.436	0	0
3.2	-2.8	2.7754	0.43604	0	0
3.4	-2.8	2.7755	0.43607	0	0
3.6	-2.8	2.7756	0.43609	0	0
3.8	-2.8	2.7757	0.4361	0	0
4	-2.8	2.7757	0.43611	0	0
4.2	-2.8	2.7757	0.43611	0	0
4.4	-2.8	2.7757	0.43609	0	0
4.6	-2.8	2.7756	0.43607	0	0
4.8	-2.8	2.7754	0.43603	0	0
5	-2.8	2.7751	0.43599	0	0
0	-2.8	2.7728	0.43564	0	0
0.2	-2.8	2.7718	0.43546	0	0
0.4	-2.8	2.7718	0.43546	0	0
0.6	-2.8	2.7731	0.43571	0	0
0.8	-2.8	2.7731	0.43571	0	0
1	-2.8	2.7734	0.43576	0	0
1.2	-2.8	2.7738	0.43582	0	0
1.4	-2.8	2.774	0.43585	0	0
1.6	-2.8	2.7741	0.43586	0	0
1.8	-2.8	2.7741	0.43585	0	0
2	-2.8	2.7741	0.43584	0	0
2.2	-2.8	2.7742	0.43585	0	0
2.4	-2.8	2.7744	0.43588	0	0
2.6	-3.8	2.772	0.44013	0	0
2.8	-3.8	2.7722	0.44017	0	0
3	-3.8	2.7725	0.44021	0	0
3.2	-3.8	2.7726	0.44024	0	0
3.4	-3.8	2.7728	0.44026	0	0
3.6	-3.8	2.7729	0.44028	0	0
3.8	-3.8	2.7729	0.44029	0	0
4	-3.8	2.773	0.44029	0	0
4.2	-3.8	2.7729	0.44029	0	0
4.4	-3.8	2.7729	0.44028	0	0
4.6	-3.8	2.7727	0.44025	0	0
4.8	-3.8	2.7725	0.44021	0	0
5	-3.8	2.7723	0.44016	0	0
2.6	-3.2	2.7722	0.43746	0	0
2.8	-3.2	2.7725	0.4375	0	0
3	-3.2	2.7727	0.43754	0	0
3.2	-3.2	2.7729	0.43757	0	0
3.4	-3.2	2.7731	0.4376	0	0
3.6	-3.2	2.7732	0.43762	0	0
3.8	-3.2	2.7733	0.43763	0	0
4	-3.2	2.7733	0.43763	0	0
4.2	-3.2	2.7733	0.43763	0	0
4.4	-3.2	2.7732	0.43762	0	0
4.6	-3.2	2.7731	0.43759	0	0
4.8	-3.2	2.7729	0.43756	0	0
5	-3.2	2.7726	0.43751	0	0
2.6	-2.6	2.7714	0.4343	0	0
2.8	-2.6	2.7716	0.43435	0	0
3	-2.6	2.7719	0.43439	0	0
3.2	-2.6	2.7721	0.43443	0	0
3.4	-2.6	2.7723	0.43446	0	0
3.6	-2.6	2.7724	0.43448	0	0
3.8	-2.6	2.7725	0.43449	0	0
4	-2.6	2.7725	0.4345	0	0
4.2	-2.6	2.7725	0.4345	0	0
4.4	-2.6	2.7724	0.43449	0	0
4.6	-2.6	2.7723	0.43446	0	0
4.8	-2.6	2.7721	0.43443	0	0
5	-2.6	2.7719	0.43438	0	0
0	-2.6	2.7693	0.43398	0	0
0.2	-2.6	2.7684	0.4338	0	0
0.4	-2.6	2.7684	0.4338	0	0
0.6	-2.6	2.7697	0.43406	0	0
0.8	-2.6	2.7697	0.43406	0	0
1	-2.6	2.77	0.43412	0	0
1.2	-2.6	2.7704	0.43418	0	0
1.4	-2.6	2.7707	0.43422	0	0
1.6	-2.6	2.7708	0.43423	0	0
1.8	-2.6	2.7708	0.43422	0	0
2	-2.6	2.7708	0.43421	0	0
2.2	-2.6	2.7709	0.43423	0	0
2.4	-2.6	2.7711	0.43426	0	0
0	-0.8	2.779	0.42902	0	0
0.2	-0.8	2.7782	0.42885	0	0
0.4	-0.8	2.7783	0.42891	0	0
0.6	-0.8	2.78	0.42925	0	0
0.8	-0.8	2.7803	0.42933	0	0
1	-0.8	2.781	0.42947	0	0
1.2	-0.8	2.7817	0.42962	0	0
1.4	-0.8	2.7822	0.42972	0	0
1.6	-0.8	2.7826	0.42979	0	0
1.8	-0.8	2.7828	0.42984	0	0
2	-0.8	2.7831	0.42989	0	0
2.2	-0.8	2.7834	0.42994	0	0
2.4	-0.8	2.7837	0.43001	0	0
2.6	-1	2.7737	0.42837	0	0
2.8	-1	2.7741	0.42844	0	0
3	-1	2.7744	0.4285	0	0
3.2	-1	2.7747	0.42856	0	0
3.4	-1	2.7749	0.42861	0	0
3.6	-1	2.7751	0.42864	0	0
3.8	-1	2.7753	0.42867	0	0
4	-1	2.7753	0.42869	0	0
4.2	-1	2.7754	0.42869	0	0
4.4	-1	2.7754	0.42869	0	0
4.6	-1	2.7753	0.42867	0	0
4.8	-1	2.7751	0.42864	0	0
5	-1	2.7749	0.4286	0	0
2.6	-2.4	2.7753	0.43408	0	0
2.8	-2.4	2.7756	0.43413	0	0
3	-2.4	2.7759	0.43417	0	0
3.2	-2.4	2.7761	0.43421	0	0
3.4	-2.4	2.7762	0.43424	0	0
3.6	-2.4	2.7764	0.43426	0	0
3.8	-2.4	2.7765	0.43428	0	0
4	-2.4	2.7765	0.43429	0	0
4.2	-2.4	2.7765	0.43429	0	0
4.4	-2.4	2.7764	0.43428	0	0
4.6	-2.4	2.7763	0.43425	0	0
4.8	-2.4	2.7761	0.43422	0	0
5	-2.4	2.7759	0.43417	0	0
0	-2.4	2.7731	0.4337	0	0
0.2	-2.4	2.7721	0.43353	0	0
0.4	-2.4	2.7721	0.43353	0	0
0.6	-2.4	2.7735	0.4338	0	0
0.8	-2.4	2.7735	0.43381	0	0
1	-2.4	2.7739	0.43387	0	0
1.2	-2.4	2.7743	0.43394	0	0
1.4	-2.4	2.7745	0.43398	0	0
1.6	-2.4	2.7746	0.43399	0	0
1.8	-2.4	2.7747	0.43399	0	0
2	-2.4	2.7747	0.43398	0	0
2.2	-2.4	2.7749	0.434	0	0
2.4	-2.4	2.7751	0.43403	0	0
2.6	-0.8	2.7841	0.43009	0	0
2.8	-0.8	2.7845	0.43016	0	0
3	-0.8	2.7849	0.43023	0	0
3.2	-0.8	2.7852	0.43029	0	0
3.4	-0.8	2.7854	0.43034	0	0
3.6	-0.8	2.7856	0.43038	0	0
3.8	-0.8	2.7857	0.43041	0	0
4	-0.8	2.7858	0.43043	0	0
4.2	-0.8	2.7859	0.43044	0	0
4.4	-0.8	2.7859	0.43044	0	0
4.6	-0.8	2.7858	0.43042	0	0
4.8	-0.8	2.7856	0.43039	0	0
5	-0.8	2.7854	0.43035	0	0
0	-2.2	2.7632	0.43084	0	0
0.2	-2.2	2.7622	0.43066	0	0
0.4	-2.2	2.7622	0.43067	0	0
0.6	-2.2	2.7636	0.43094	0	0
0.8	-2.2	2.7637	0.43096	0	0
1	-2.2	2.7641	0.43102	0	0
1.2	-2.2	2.7645	0.4311	0	0
1.4	-2.2	2.7648	0.43115	0	0
1.6	-2.2	2.7649	0.43116	0	0
1.8	-2.2	2.765	0.43116	0	0
2	-2.2	2.765	0.43116	0	0
2.2	-2.2	2.7652	0.43118	0	0
2.4	-2.2	2.7654	0.43122	0	0
0	-2	2.7743	0.43208	0	0
0.2	-2	2.7733	0.4319	0	0
0.4	-2	2.7734	0.43192	0	0
0.6	-2	2.7748	0.43219	0	0
0.8	-2	2.7749	0.43222	0	0
1	-2	2.7753	0.43229	0	0
1.2	-2	2.7757	0.43237	0	0
1.4	-2	2.7761	0.43243	0	0
1.6	-2	2.7762	0.43245	0	0
1.8	-2	2.7763	0.43245	0	0
2	-2	2.7764	0.43246	0	0
2.2	-2	2.7765	0.43248	0	0
2.4	-2	2.7768	0.43252	0	0
2.6	-2.2	2.7657	0.43127	0	0
2.8	-2.2	2.7659	0.43132	0	0
3	-2.2	2.7662	0.43136	0	0
3.2	-2.2	2.7664	0.4314	0	0
3.4	-2.2	2.7666	0.43144	0	0
3.6	-2.2	2.7667	0.43146	0	0
3.8	-2.2	2.7668	0.43148	0	0
4	-2.2	2.7669	0.43149	0	0
4.2	-2.2	2.7669	0.43149	0	0
4.4	-2.2	2.7668	0.43147	0	0
4.6	-2.2	2.7667	0.43145	0	0
4.8	-2.2	2.7665	0.43142	0	0
5	-2.2	2.7663	0.43137	0	0
2.6	-1.4	2.7732	0.42937	0	0
2.8	-1.4	2.7735	0.42943	0	0
3	-1.4	2.7738	0.42949	0	0
3.2	-1.4	2.7741	0.42954	0	0
3.4	-1.4	2.7743	0.42958	0	0
3.6	-1.4	2.7745	0.42961	0	0
3.8	-1.4	2.7746	0.42963	0	0
4	-1.4	2.7746	0.42965	0	0
4.2	-1.4	2.7747	0.42965	0	0
4.4	-1.4	2.7746	0.42964	0	0
4.6	-1.4	2.7745	0.42963	0	0
4.8	-1.4	2.7744	0.42959	0	0
5	-1.4	2.7741	0.42955	0	0
2.6	-1.6	2.7735	0.4302	0	0
2.8	-1.6	2.7738	0.43026	0	0
3	-1.6	2.7741	0.43032	0	0
3.2	-1.6	2.7744	0.43036	0	0
3.4	-1.6	2.7746	0.4304	0	0
3.6	-1.6	2.7747	0.43043	0	0
3.8	-1.6	2.7748	0.43045	0	0
4	-1.6	2.7749	0.43046	0	0
4.2	-1.6	2.7749	0.43046	0	0
4.4	-1.6	2.7749	0.43046	0	0
4.6	-1.6	2.7748	0.43044	0	0
4.8	-1.6	2.7746	0.43041	0	0
5	-1.6	2.7744	0.43036	0	0
0	-1.6	2.7701	0.42954	0	0
0.2	-1.6	2.7692	0.42937	0	0
0.4	-1.6	2.7693	0.42939	0	0
0.6	-1.6	2.7707	0.42969	0	0
0.8	-1.6	2.7709	0.42973	0	0
1	-1.6	2.7714	0.42982	0	0
1.2	-1.6	2.7719	0.42992	0	0
1.4	-1.6	2.7723	0.42999	0	0
1.6	-1.6	2.7725	0.43003	0	0
1.8	-1.6	2.7726	0.43005	0	0
2	-1.6	2.7727	0.43006	0	0
2.2	-1.6	2.7729	0.4301	0	0
2.4	-1.6	2.7732	0.43014	0	0
0	-0.6	2.768	0.4268	0	0
0.2	-0.6	2.7671	0.42664	0	0
0.4	-0.6	2.7673	0.4267	0	0
0.6	-0.6	2.769	0.42704	0	0
0.8	-0.6	2.7694	0.42714	0	0
1	-0.6	2.77	0.42728	0	0
1.2	-0.6	2.7708	0.42743	0	0
1.4	-0.6	2.7714	0.42755	0	0
1.6	-0.6	2.7717	0.42763	0	0
1.8	-0.6	2.772	0.42768	0	0
2	-0.6	2.7723	0.42773	0	0
2.2	-0.6	2.7726	0.42779	0	0
2.4	-0.6	2.773	0.42786	0	0
0	-1.2	2.7648	0.42708	0	0
0.2	-1.2	2.764	0.42691	0	0
0.4	-1.2	2.7641	0.42695	0	0
0.6	-1.2	2.7656	0.42727	0	0
0.8	-1.2	2.7659	0.42734	0	0
1	-1.2	2.7664	0.42745	0	0
1.2	-1.2	2.7671	0.42758	0	0
1.4	-1.2	2.7675	0.42766	0	0
1.6	-1.2	2.7678	0.42772	0	0
1.8	-1.2	2.768	0.42775	0	0
2	-1.2	2.7682	0.42778	0	0
2.2	-1.2	2.7684	0.42782	0	0
2.4	-1.2	2.7687	0.42788	0	0
0	-1.8	2.7724	0.43085	0	0
0.2	-1.8	2.7715	0.43068	0	0
0.4	-1.8	2.7715	0.4307	0	0
0.6	-1.8	2.7729	0.43098	0	0
0.8	-1.8	2.7731	0.43101	0	0
1	-1.8	2.7735	0.43109	0	0
1.2	-1.8	2.774	0.43119	0	0
1.4	-1.8	2.7744	0.43124	0	0
1.6	-1.8	2.7745	0.43127	0	0
1.8	-1.8	2.7746	0.43128	0	0
2	-1.8	2.7747	0.4313	0	0
2.2	-1.8	2.7749	0.43132	0	0
2.4	-1.8	2.7752	0.43137	0	0
0	-1.4	2.7694	0.4286	0	0
0.2	-1.4	2.7685	0.42843	0	0
0.4	-1.4	2.7686	0.42847	0	0
0.6	-1.4	2.7701	0.42877	0	0
0.8	-1.4	2.7703	0.42883	0	0
1	-1.4	2.7708	0.42893	0	0
1.2	-1.4	2.7714	0.42904	0	0
1.4	-1.4	2.7718	0.42912	0	0
1.6	-1.4	2.772	0.42917	0	0
1.8	-1.4	2.7722	0.42919	0	0
2	-1.4	2.7723	0.42921	0	0
2.2	-1.4	2.7725	0.42925	0	0
2.4	-1.4	2.7728	0.42931	0	0
2.6	-1.8	2.7755	0.43142	0	0
2.8	-1.8	2.7758	0.43148	0	0
3	-1.8	2.776	0.43153	0	0
3.2	-1.8	2.7763	0.43157	0	0
3.4	-1.8	2.7765	0.43161	0	0
3.6	-1.8	2.7766	0.43164	0	0
3.8	-1.8	2.7767	0.43165	0	0
4	-1.8	2.7768	0.43167	0	0
4.2	-1.8	2.7768	0.43167	0	0
4.4	-1.8	2.7768	0.43166	0	0
4.6	-1.8	2.7766	0.43164	0	0
4.8	-1.8	2.7765	0.43161	0	0
5	-1.8	2.7762	0.43156	0	0
2.6	-4	2.7604	0.43867	0	0
2.8	-4	2.7606	0.43871	0	0
3	-4	2.7608	0.43875	0	0
3.2	-4	2.761	0.43878	0	0
3.4	-4	2.7611	0.4388	0	0
3.6	-4	2.7612	0.43882	0	0
3.8	-4	2.7613	0.43883	0	0
4	-4	2.7613	0.43883	0	0
4.2	-4	2.7613	0.43883	0	0
4.4	-4	2.7612	0.43881	0	0
4.6	-4	2.761	0.43879	0	0
4.8	-4	2.7608	0.43875	0	0
5	-4	2.7606	0.4387	0	0
2.6	-1.2	2.7691	0.42795	0	0
2.8	-1.2	2.7694	0.42801	0	0
3	-1.2	2.7697	0.42808	0	0
3.2	-1.2	2.77	0.42813	0	0
3.4	-1.2	2.7702	0.42817	0	0
3.6	-1.2	2.7704	0.4282	0	0
3.8	-1.2	2.7705	0.42823	0	0
4	-1.2	2.7706	0.42824	0	0
4.2	-1.2	2.7707	0.42825	0	0
4.4	-1.2	2.7706	0.42824	0	0
4.6	-1.2	2.7705	0.42823	0	0
4.8	-1.2	2.7704	0.4282	0	0
5	-1.2	2.7701	0.42815	0	0
2.6	-0.4	2.7674	0.42699	0	0
2.8	-0.4	2.7678	0.42707	0	0
3	-0.4	2.7681	0.42715	0	0
3.2	-0.4	2.7685	0.42721	0	0
3.4	-0.4	2.7687	0.42727	0	0
3.6	-0.4	2.7689	0.42731	0	0
3.8	-0.4	2.7691	0.42734	0	0
4	-0.4	2.7692	0.42737	0	0
4.2	-0.4	2.7692	0.42738	0	0
4.4	-0.4	2.7692	0.42738	0	0
4.6	-0.4	2.7691	0.42737	0	0
4.8	-0.4	2.769	0.42734	0	0
5	-0.4	2.7688	0.4273	0	0
0	-1	2.769	0.4274	0	0
0.2	-1	2.7682	0.42723	0	0
0.4	-1	2.7683	0.42728	0	0
0.6	-1	2.7699	0.42761	0	0
0.8	-1	2.7702	0.42768	0	0
1	-1	2.7708	0.42781	0	0
1.2	-1	2.7715	0.42795	0	0
1.4	-1	2.772	0.42804	0	0
1.6	-1	2.7723	0.42811	0	0
1.8	-1	2.7725	0.42815	0	0
2	-1	2.7727	0.42818	0	0
2.2	-1	2.773	0.42823	0	0
2.4	-1	2.7733	0.4283	0	0
2.6	-0.6	2.7734	0.42794	0	0
2.8	-0.6	2.7738	0.42802	0	0
3	-0.6	2.7741	0.4281	0	0
3.2	-0.6	2.7745	0.42816	0	0
3.4	-0.6	2.7747	0.42821	0	0
3.6	-0.6	2.7749	0.42825	0	0
3.8	-0.6	2.7751	0.42828	0	0
4	-0.6	2.7752	0.42831	0	0
4.2	-0.6	2.7752	0.42832	0	0
4.4	-0.6	2.7752	0.42832	0	0
4.6	-0.6	2.7751	0.4283	0	0
4.8	-0.6	2.775	0.42827	0	0
5	-0.6	2.7748	0.42823	0	0
0	-0.4	2.7619	0.42583	0	0
0.2	-0.4	2.761	0.42566	0	0
0.4	-0.4	2.7612	0.42572	0	0
0.6	-0.4	2.7629	0.42607	0	0
0.8	-0.4	2.7633	0.42616	0	0
1	-0.4	2.764	0.42631	0	0
1.2	-0.4	2.7647	0.42647	0	0
1.4	-0.4	2.7653	0.42658	0	0
1.6	-0.4	2.7657	0.42666	0	0
1.8	-0.4	2.766	0.42672	0	0
2	-0.4	2.7662	0.42677	0	0
2.2	-0.4	2.7666	0.42684	0	0
2.4	-0.4	2.767	0.42691	0	0
0	0	2.7625	0.42608	0	0
0.2	0	2.7616	0.42591	0	0
0.4	0	2.7617	0.42595	0	0
0.6	0	2.7632	0.42628	0	0
0.8	0	2.7635	0.42635	0	0
1	0	2.7641	0.42648	0	0
1.2	0	2.7647	0.42662	0	0
1.4	0	2.7652	0.42672	0	0
1.6	0	2.7655	0.42679	0	0
1.8	0	2.7657	0.42683	0	0
2	0	2.7659	0.42688	0	0
2.2	0	2.7662	0.42693	0	0
2.4	0	2.7665	0.427	0	0
0	-0.2	2.7798	0.42962	0	0
0.2	-0.2	2.7789	0.42945	0	0
0.4	-0.2	2.7791	0.4295	0	0
0.6	-0.2	2.7807	0.42985	0	0
0.8	-0.2	2.781	0.42993	0	0
1	-0.2	2.7817	0.43008	0	0
1.2	-0.2	2.7824	0.43023	0	0
1.4	-0.2	2.783	0.43034	0	0
1.6	-0.2	2.7833	0.43042	0	0
1.8	-0.2	2.7836	0.43047	0	0
2	-0.2	2.7838	0.43052	0	0
2.2	-0.2	2.7841	0.43059	0	0
2.4	-0.2	2.7845	0.43066	0	0
2.6	0	2.7669	0.42708	0	0
2.8	0	2.7672	0.42715	0	0
3	0	2.7676	0.42723	0	0
3.2	0	2.7679	0.42729	0	0
3.4	0	2.7681	0.42734	0	0
3.6	0	2.7683	0.42738	0	0
3.8	0	2.7684	0.42741	0	0
4	0	2.7685	0.42743	0	0
4.2	0	2.7685	0.42744	0	0
4.4	0	2.7685	0.42744	0	0
4.6	0	2.7684	0.42742	0	0
4.8	0	2.7683	0.42739	0	0
5	0	2.768	0.42735	0	0
2.6	0.2	2.7802	0.4294	0	0
2.8	0.2	2.7805	0.42947	0	0
3	0.2	2.7808	0.42953	0	0
3.2	0.2	2.7811	0.42959	0	0
3.4	0.2	2.7813	0.42963	0	0
3.6	0.2	2.7814	0.42967	0	0
3.8	0.2	2.7815	0.42969	0	0
4	0.2	2.7816	0.42971	0	0
4.2	0.2	2.7816	0.42972	0	0
4.4	0.2	2.7816	0.42971	0	0
4.6	0.2	2.7815	0.4297	0	0
4.8	0.2	2.7813	0.42967	0	0
5	0.2	2.7811	0.42962	0	0
0	0.2	2.777	0.4286	0	0
0.2	0.2	2.7761	0.42843	0	0
0.4	0.2	2.7761	0.42845	0	0
0.6	0.2	2.7775	0.42876	0	0
0.8	0.2	2.7776	0.42881	0	0
1	0.2	2.7781	0.42891	0	0
1.2	0.2	2.7786	0.42903	0	0
1.4	0.2	2.7789	0.42912	0	0
1.6	0.2	2.7792	0.42917	0	0
1.8	0.2	2.7793	0.4292	0	0
2	0.2	2.7794	0.42923	0	0
2.2	0.2	2.7796	0.42927	0	0
2.4	0.2	2.7799	0.42933	0	0
2.6	-0.2	2.7849	0.43074	0	0
2.8	-0.2	2.7853	0.43083	0	0
3	-0.2	2.7857	0.4309	0	0
3.2	-0.2	2.786	0.43097	0	0
3.4	-0.2	2.7862	0.43102	0	0
3.6	-0.2	2.7864	0.43106	0	0
3.8	-0.2	2.7866	0.43109	0	0
4	-0.2	2.7867	0.43112	0	0
4.2	-0.2	2.7867	0.43113	0	0
4.4	-0.2	2.7867	0.43113	0	0
4.6	-0.2	2.7866	0.43112	0	0
4.8	-0.2	2.7865	0.43109	0	0
5	-0.2	2.7863	0.43105	0	0
0	1.4	2.7769	0.43418	0	0
0.2	1.4	2.7758	0.43399	0	0
0.4	1.4	2.7755	0.43395	0	0
0.6	1.4	2.7764	0.43416	0	0
0.8	1.4	2.776	0.43411	0	0
1	1.4	2.7759	0.43411	0	0
1.2	1.4	2.7759	0.43412	0	0
1.4	1.4	2.7758	0.43411	0	0
1.6	1.4	2.7755	0.43407	0	0
1.8	1.4	2.7753	0.43403	0	0
2	1.4	2.7751	0.43399	0	0
2.2	1.4	2.775	0.43398	0	0
2.4	1.4	2.775	0.43398	0	0
2.6	0.6	2.7744	0.42905	0	0
2.8	0.6	2.7747	0.42909	0	0
3	0.6	2.7749	0.42914	0	0
3.2	0.6	2.7751	0.42918	0	0
3.4	0.6	2.7752	0.42921	0	0
3.6	0.6	2.7753	0.42923	0	0
3.8	0.6	2.7754	0.42925	0	0
4	0.6	2.7754	0.42926	0	0
4.2	0.6	2.7753	0.42926	0	0
4.4	0.6	2.7753	0.42924	0	0
4.6	0.6	2.7751	0.42922	0	0
4.8	0.6	2.7749	0.42919	0	0
5	0.6	2.7747	0.42914	0	0
0	0.8	2.7622	0.42763	0	0
0.2	0.8	2.7612	0.42745	0	0
0.4	0.8	2.7609	0.42743	0	0
0.6	0.8	2.762	0.42766	0	0
0.8	0.8	2.7617	0.42764	0	0
1	0.8	2.7618	0.42767	0	0
1.2	0.8	2.7619	0.42771	0	0
1.4	0.8	2.7619	0.42773	0	0
1.6	0.8	2.7618	0.42772	0	0
1.8	0.8	2.7616	0.4277	0	0
2	0.8	2.7615	0.42768	0	0
2.2	0.8	2.7615	0.42768	0	0
2.4	0.8	2.7615	0.42771	0	0
2.6	0.4	2.775	0.42847	0	0
2.8	0.4	2.7753	0.42853	0	0
3	0.4	2.7755	0.42858	0	0
3.2	0.4	2.7758	0.42863	0	0
3.4	0.4	2.7759	0.42867	0	0
3.6	0.4	2.7761	0.4287	0	0
3.8	0.4	2.7761	0.42872	0	0
4	0.4	2.7762	0.42873	0	0
4.2	0.4	2.7762	0.42873	0	0
4.4	0.4	2.7761	0.42872	0	0
4.6	0.4	2.776	0.4287	0	0
4.8	0.4	2.7758	0.42867	0	0
5	0.4	2.7756	0.42862	0	0
2.6	1.2	2.7653	0.43097	0	0
2.8	1.2	2.7654	0.431	0	0
3	1.2	2.7656	0.43103	0	0
3.2	1.2	2.7657	0.43105	0	0
3.4	1.2	2.7658	0.43107	0	0
3.6	1.2	2.7658	0.43108	0	0
3.8	1.2	2.7658	0.43109	0	0
4	1.2	2.7658	0.43109	0	0
4.2	1.2	2.7658	0.43108	0	0
4.4	1.2	2.7657	0.43106	0	0
4.6	1.2	2.7655	0.43103	0	0
4.8	1.2	2.7653	0.43099	0	0
5	1.2	2.765	0.43093	0	0
0	0.6	2.774	0.42875	0	0
0.2	0.6	2.773	0.42856	0	0
0.4	0.6	2.7728	0.42856	0	0
0.6	0.6	2.7739	0.42881	0	0
0.8	0.6	2.7738	0.42881	0	0
1	0.6	2.7739	0.42886	0	0
1.2	0.6	2.7741	0.42892	0	0
1.4	0.6	2.7742	0.42896	0	0
1.6	0.6	2.7742	0.42896	0	0
1.8	0.6	2.7741	0.42896	0	0
2	0.6	2.7741	0.42895	0	0
2.2	0.6	2.7741	0.42897	0	0
2.4	0.6	2.7742	0.429	0	0
0	1	2.7723	0.43089	0	0
0.2	1	2.7713	0.4307	0	0
0.4	1	2.771	0.43067	0	0
0.6	1	2.772	0.43089	0	0
0.8	1	2.7717	0.43085	0	0
1	1	2.7716	0.43087	0	0
1.2	1	2.7717	0.4309	0	0
1.4	1	2.7716	0.4309	0	0
1.6	1	2.7714	0.43088	0	0
1.8	1	2.7712	0.43085	0	0
2	1	2.771	0.43082	0	0
2.2	1	2.771	0.43082	0	0
2.4	1	2.771	0.43083	0	0
2.6	0.8	2.7617	0.42774	0	0
2.8	0.8	2.7619	0.42778	0	0
3	0.8	2.7621	0.42782	0	0
3.2	0.8	2.7622	0.42785	0	0
3.4	0.8	2.7623	0.42788	0	0
3.6	0.8	2.7624	0.42789	0	0
3.8	0.8	2.7624	0.4279	0	0
4	0.8	2.7624	0.42791	0	0
4.2	0.8	2.7624	0.4279	0	0
4.4	0.8	2.7623	0.42789	0	0
4.6	0.8	2.7622	0.42786	0	0
4.8	0.8	2.762	0.42782	0	0
5	0.8	2.7617	0.42777	0	0
2.6	1.4	2.7751	0.434	0	0
2.8	1.4	2.7752	0.43403	0	0
3	1.4	2.7754	0.43406	0	0
3.2	1.4	2.7755	0.43408	0	0
3.4	1.4	2.7755	0.43409	0	0
3.6	1.4	2.7756	0.4341	0	0
3.8	1.4	2.7756	0.43411	0	0
4	1.4	2.7756	0.43411	0	0
4.2	1.4	2.7755	0.4341	0	0
4.4	1.4	2.7754	0.43408	0	0
4.6	1.4	2.7753	0.43405	0	0
4.8	1.4	2.775	0.43401	0	0
5	1.4	2.7748	0.43395	0	0
0	1.2	2.7668	0.43109	0	0
0.2	1.2	2.7658	0.4309	0	0
0.4	1.2	2.7655	0.43086	0	0
0.6	1.2	2.7664	0.43108	0	0
0.8	1.2	2.7661	0.43103	0	0
1	1.2	2.766	0.43103	0	0
1.2	1.2	2.766	0.43105	0	0
1.4	1.2	2.7659	0.43105	0	0
1.6	1.2	2.7657	0.43102	0	0
1.8	1.2	2.7654	0.43098	0	0
2	1.2	2.7652	0.43095	0	0
2.2	1.2	2.7651	0.43094	0	0
2.4	1.2	2.7652	0.43095	0	0
2.6	1	2.7712	0.43086	0	0
2.8	1	2.7713	0.43089	0	0
3	1	2.7715	0.43093	0	0
3.2	1	2.7716	0.43095	0	0
3.4	1	2.7717	0.43097	0	0
3.6	1	2.7718	0.43099	0	0
3.8	1	2.7718	0.431	0	0
4	1	2.7718	0.431	0	0
4.2	1	2.7717	0.43099	0	0
4.4	1	2.7716	0.43097	0	0
4.6	1	2.7715	0.43094	0	0
4.8	1	2.7713	0.4309	0	0
5	1	2.771	0.43085	0	0
2.6	2	2.7682	0.4352	0	0
2.8	2	2.7683	0.43523	0	0
3	2	2.7685	0.43525	0	0
3.2	2	2.7686	0.43527	0	0
3.4	2	2.7686	0.43528	0	0
3.6	2	2.7687	0.43529	0	0
3.8	2	2.7687	0.43529	0	0
4	2	2.7687	0.43529	0	0
4.2	2	2.7686	0.43528	0	0
4.4	2	2.7685	0.43526	0	0
4.6	2	2.7683	0.43523	0	0
4.8	2	2.7681	0.43519	0	0
5	2	2.7678	0.43513	0	0
2.6	1.6	2.7719	0.43439	0	0
2.8	1.6	2.7721	0.43442	0	0
3	1.6	2.7722	0.43444	0	0
3.2	1.6	2.7723	0.43446	0	0
3.4	1.6	2.7724	0.43448	0	0
3.6	1.6	2.7724	0.43449	0	0
3.8	1.6	2.7724	0.43449	0	0
4	1.6	2.7724	0.43449	0	0
4.2	1.6	2.7724	0.43448	0	0
4.4	1.6	2.7723	0.43446	0	0
4.6	1.6	2.7721	0.43443	0	0
4.8	1.6	2.7719	0.43439	0	0
5	1.6	2.7716	0.43433	0	0
2.6	-2	2.777	0.43257	0	0
2.8	-2	2.7773	0.43262	0	0
3	-2	2.7776	0.43267	0	0
3.2	-2	2.7778	0.43272	0	0
3.4	-2	2.778	0.43275	0	0
3.6	-2	2.7782	0.43278	0	0
3.8	-2	2.7783	0.43279	0	0
4	-2	2.7783	0.4328	0	0
4.2	-2	2.7783	0.4328	0	0
4.4	-2	2.7783	0.43279	0	0
4.6	-2	2.7782	0.43277	0	0
4.8	-2	2.778	0.43274	0	0
5	-2	2.7777	0.43269	0	0
0	1.6	2.7738	0.43461	0	0
0.2	1.6	2.7728	0.43442	0	0
0.4	1.6	2.7725	0.43438	0	0
0.6	1.6	2.7734	0.43459	0	0
0.8	1.6	2.773	0.43453	0	0
1	1.6	2.7728	0.43452	0	0
1.2	1.6	2.7728	0.43453	0	0
1.4	1.6	2.7727	0.43451	0	0
1.6	1.6	2.7724	0.43448	0	0
1.8	1.6	2.7722	0.43443	0	0
2	1.6	2.7719	0.43439	0	0
2.2	1.6	2.7718	0.43437	0	0
2.4	1.6	2.7719	0.43437	0	0
0	2	2.7702	0.43547	0	0
0.2	2	2.7691	0.43528	0	0
0.4	2	2.7688	0.43524	0	0
0.6	2	2.7697	0.43544	0	0
0.8	2	2.7693	0.43538	0	0
1	2	2.7692	0.43537	0	0
1.2	2	2.7691	0.43537	0	0
1.4	2	2.769	0.43535	0	0
1.6	2	2.7687	0.4353	0	0
1.8	2	2.7685	0.43525	0	0
2	2	2.7682	0.43521	0	0
2.2	2	2.7681	0.43519	0	0
2.4	2	2.7681	0.43519	0	0
2.6	2.2	2.7706	0.43632	0	0
2.8	2.2	2.7708	0.43634	0	0
3	2.2	2.7709	0.43636	0	0
3.2	2.2	2.771	0.43638	0	0
3.4	2.2	2.7711	0.4364	0	0
3.6	2.2	2.7711	0.4364	0	0
3.8	2.2	2.7711	0.43641	0	0
4	2.2	2.7711	0.4364	0	0
4.2	2.2	2.771	0.43639	0	0
4.4	2.2	2.7709	0.43637	0	0
4.6	2.2	2.7708	0.43634	0	0
4.8	2.2	2.7705	0.4363	0	0
5	2.2	2.7702	0.43624	0	0
0	1.8	2.7722	0.43513	0	0
0.2	1.8	2.7711	0.43494	0	0
0.4	1.8	2.7708	0.4349	0	0
0.6	1.8	2.7717	0.4351	0	0
0.8	1.8	2.7713	0.43504	0	0
1	1.8	2.7712	0.43503	0	0
1.2	1.8	2.7711	0.43504	0	0
1.4	1.8	2.771	0.43502	0	0
1.6	1.8	2.7707	0.43498	0	0
1.8	1.8	2.7705	0.43493	0	0
2	1.8	2.7702	0.43488	0	0
2.2	1.8	2.7701	0.43487	0	0
2.4	1.8	2.7701	0.43487	0	0
2.6	1.8	2.7702	0.43488	0	0
2.8	1.8	2.7703	0.43491	0	0
3	1.8	2.7705	0.43493	0	0
3.2	1.8	2.7706	0.43495	0	0
3.4	1.8	2.7707	0.43497	0	0
3.6	1.8	2.7707	0.43498	0	0
3.8	1.8	2.7707	0.43498	0	0
4	1.8	2.7707	0.43497	0	0
4.2	1.8	2.7706	0.43496	0	0
4.4	1.8	2.7705	0.43494	0	0
4.6	1.8	2.7704	0.43491	0	0
4.8	1.8	2.7701	0.43487	0	0
5	1.8	2.7698	0.43482	0	0
0	2.2	2.7726	0.43659	0	0
0.2	2.2	2.7715	0.4364	0	0
0.4	2.2	2.7712	0.43636	0	0
0.6	2.2	2.7721	0.43656	0	0
0.8	2.2	2.7717	0.4365	0	0
1	2.2	2.7716	0.43649	0	0
1.2	2.2	2.7715	0.43649	0	0
1.4	2.2	2.7714	0.43647	0	0
1.6	2.2	2.7711	0.43642	0	0
1.8	2.2	2.7709	0.43637	0	0
2	2.2	2.7706	0.43632	0	0
2.2	2.2	2.7705	0.4363	0	0
2.4	2.2	2.7705	0.4363	0	0
2.6	2.4	2.7705	0.43694	0	0
2.8	2.4	2.7707	0.43696	0	0
3	2.4	2.7708	0.43698	0	0
3.2	2.4	2.7709	0.437	0	0
3.4	2.4	2.771	0.43702	0	0
3.6	2.4	2.771	0.43702	0	0
3.8	2.4	2.771	0.43703	0	0
4	2.4	2.771	0.43702	0	0
4.2	2.4	2.7709	0.43701	0	0
4.4	2.4	2.7708	0.43699	0	0
4.6	2.4	2.7707	0.43696	0	0
4.8	2.4	2.7704	0.43692	0	0
5	2.4	2.7701	0.43686	0	0
0	2.6	2.7747	0.4383	0	0
0.2	2.6	2.7737	0.43811	0	0
0.4	2.6	2.7734	0.43807	0	0
0.6	2.6	2.7743	0.43827	0	0
0.8	2.6	2.7739	0.43821	0	0
1	2.6	2.7738	0.43819	0	0
1.2	2.6	2.7737	0.43819	0	0
1.4	2.6	2.7736	0.43817	0	0
1.6	2.6	2.7734	0.43813	0	0
1.8	2.6	2.7731	0.43807	0	0
2	2.6	2.7729	0.43803	0	0
2.2	2.6	2.7728	0.438	0	0
2.4	2.6	2.7728	0.438	0	0
0	2.8	2.774	0.43882	0	0
0.2	2.8	2.773	0.43863	0	0
0.4	2.8	2.7727	0.43859	0	0
0.6	2.8	2.7736	0.43879	0	0
0.8	2.8	2.7732	0.43873	0	0
1	2.8	2.7731	0.43871	0	0
1.2	2.8	2.7731	0.43871	0	0
1.4	2.8	2.7729	0.43869	0	0
1.6	2.8	2.7727	0.43864	0	0
1.8	2.8	2.7724	0.43859	0	0
2	2.8	2.7722	0.43854	0	0
2.2	2.8	2.7721	0.43852	0	0
2.4	2.8	2.7721	0.43852	0	0
2.6	2.6	2.7728	0.43802	0	0
2.8	2.6	2.773	0.43804	0	0
3	2.6	2.7731	0.43806	0	0
3.2	2.6	2.7732	0.43808	0	0
3.4	2.6	2.7733	0.4381	0	0
3.6	2.6	2.7733	0.4381	0	0
3.8	2.6	2.7733	0.43811	0	0
4	2.6	2.7733	0.4381	0	0
4.2	2.6	2.7732	0.43809	0	0
4.4	2.6	2.7731	0.43807	0	0
4.6	2.6	2.773	0.43804	0	0
4.8	2.6	2.7727	0.438	0	0
5	2.6	2.7725	0.43794	0	0
2.6	2.8	2.7722	0.43854	0	0
2.8	2.8	2.7723	0.43856	0	0
3	2.8	2.7724	0.43858	0	0
3.2	2.8	2.7726	0.4386	0	0
3.4	2.8	2.7726	0.43861	0	0
3.6	2.8	2.7727	0.43862	0	0
3.8	2.8	2.7727	0.43862	0	0
4	2.8	2.7727	0.43862	0	0
4.2	2.8	2.7726	0.43861	0	0
4.4	2.8	2.7725	0.43859	0	0
4.6	2.8	2.7723	0.43856	0	0
4.8	2.8	2.7721	0.43852	0	0
5	2.8	2.7718	0.43846	0	0
0	3.2	2.7732	0.44004	0	0
0.2	3.2	2.7721	0.43985	0	0
0.4	3.2	2.7718	0.43981	0	0
0.6	3.2	2.7728	0.44	0	0
0.8	3.2	2.7724	0.43994	0	0
1	3.2	2.7722	0.43993	0	0
1.2	3.2	2.7722	0.43993	0	0
1.4	3.2	2.7721	0.4399	0	0
1.6	3.2	2.7719	0.43986	0	0
1.8	3.2	2.7716	0.4398	0	0
2	3.2	2.7714	0.43976	0	0
2.2	3.2	2.7713	0.43974	0	0
2.4	3.2	2.7713	0.43974	0	0
2.6	3	2.7732	0.4394	0	0
2.8	3	2.7733	0.43942	0	0
3	3	2.7735	0.43945	0	0
3.2	3	2.7736	0.43946	0	0
3.4	3	2.7736	0.43948	0	0
3.6	3	2.7737	0.43949	0	0
3.8	3	2.7737	0.43949	0	0
4	3	2.7737	0.43948	0	0
4.2	3	2.7736	0.43947	0	0
4.4	3	2.7735	0.43945	0	0
4.6	3	2.7733	0.43942	0	0
4.8	3	2.7731	0.43938	0	0
5	3	2.7728	0.43933	0	0
2.6	4.6	2.7708	0.44524	0	0
2.8	4.6	2.7709	0.44526	0	0
3	4.6	2.771	0.44528	0	0
3.2	4.6	2.7711	0.4453	0	0
3.4	4.6	2.7712	0.44531	0	0
3.6	4.6	2.7712	0.44532	0	0
3.8	4.6	2.7713	0.44532	0	0
4	4.6	2.7712	0.44532	0	0
4.2	4.6	2.7712	0.44531	0	0
4.4	4.6	2.7711	0.44529	0	0
4.6	4.6	2.7709	0.44526	0	0
4.8	4.6	2.7707	0.44522	0	0
5	4.6	2.7704	0.44516	0	0
0	3	2.775	0.43969	0	0
0.2	3	2.774	0.4395	0	0
0.4	3	2.7737	0.43946	0	0
0.6	3	2.7746	0.43965	0	0
0.8	3	2.7742	0.43959	0	0
1	3	2.7741	0.43958	0	0
1.2	3	2.7741	0.43958	0	0
1.4	3	2.7739	0.43955	0	0
1.6	3	2.7737	0.43951	0	0
1.8	3	2.7734	0.43945	0	0
2	3	2.7732	0.43941	0	0
2.2	3	2.7731	0.43939	0	0
2.4	3	2.7731	0.43939	0	0
0	0.4	2.7732	0.42793	0	0
0.2	0.4	2.7723	0.42775	0	0
0.4	0.4	2.7722	0.42775	0	0
0.6	0.4	2.7735	0.42803	0	0
0.8	0.4	2.7734	0.42806	0	0
1	0.4	2.7737	0.42813	0	0
1.2	0.4	2.7741	0.42822	0	0
1.4	0.4	2.7743	0.42828	0	0
1.6	0.4	2.7744	0.42831	0	0
1.8	0.4	2.7744	0.42832	0	0
2	0.4	2.7744	0.42833	0	0
2.2	0.4	2.7745	0.42837	0	0
2.4	0.4	2.7748	0.42841	0	0
2.6	3.2	2.7714	0.43975	0	0
2.8	3.2	2.7715	0.43977	0	0
3	3.2	2.7716	0.4398	0	0
3.2	3.2	2.7717	0.43981	0	0
3.4	3.2	2.7718	0.43983	0	0
3.6	3.2	2.7718	0.43984	0	0
3.8	3.2	2.7719	0.43984	0	0
4	3.2	2.7718	0.43983	0	0
4.2	3.2	2.7718	0.43982	0	0
4.4	3.2	2.7717	0.4398	0	0
4.6	3.2	2.7715	0.43977	0	0
4.8	3.2	2.7713	0.43973	0	0
5	3.2	2.771	0.43968	0	0
2.6	3.6	2.7713	0.44129	0	0
2.8	3.6	2.7715	0.44131	0	0
3	3.6	2.7716	0.44134	0	0
3.2	3.6	2.7717	0.44136	0	0
3.4	3.6	2.7718	0.44137	0	0
3.6	3.6	2.7718	0.44138	0	0
3.8	3.6	2.7718	0.44138	0	0
4	3.6	2.7718	0.44138	0	0
4.2	3.6	2.7717	0.44137	0	0
4.4	3.6	2.7716	0.44135	0	0
4.6	3.6	2.7715	0.44132	0	0
4.8	3.6	2.7712	0.44127	0	0
5	3.6	2.7709	0.44122	0	0
0	3.6	2.7731	0.44158	0	0
0.2	3.6	2.772	0.44139	0	0
0.4	3.6	2.7717	0.44135	0	0
0.6	3.6	2.7727	0.44154	0	0
0.8	3.6	2.7723	0.44148	0	0
1	3.6	2.7722	0.44146	0	0
1.2	3.6	2.7722	0.44146	0	0
1.4	3.6	2.772	0.44144	0	0
1.6	3.6	2.7718	0.4414	0	0
1.8	3.6	2.7715	0.44134	0	0
2	3.6	2.7713	0.4413	0	0
2.2	3.6	2.7712	0.44128	0	0
2.4	3.6	2.7712	0.44128	0	0
0	3.4	2.7726	0.44069	0	0
0.2	3.4	2.7716	0.4405	0	0
0.4	3.4	2.7713	0.44046	0	0
0.6	3.4	2.7722	0.44066	0	0
0.8	3.4	2.7718	0.44059	0	0
1	3.4	2.7717	0.44058	0	0
1.2	3.4	2.7717	0.44058	0	0
1.4	3.4	2.7716	0.44055	0	0
1.6	3.4	2.7713	0.44051	0	0
1.8	3.4	2.7711	0.44046	0	0
2	3.4	2.7708	0.44041	0	0
2.2	3.4	2.7707	0.44039	0	0
2.4	3.4	2.7708	0.44039	0	0
2.6	4.4	2.7703	0.44435	0	0
2.8	4.4	2.7705	0.44437	0	0
3	4.4	2.7706	0.44439	0	0
3.2	4.4	2.7707	0.44441	0	0
3.4	4.4	2.7708	0.44443	0	0
3.6	4.4	2.7708	0.44443	0	0
3.8	4.4	2.7708	0.44444	0	0
4	4.4	2.7708	0.44443	0	0
4.2	4.4	2.7707	0.44442	0	0
4.4	4.4	2.7706	0.4444	0	0
4.6	4.4	2.7705	0.44437	0	0
4.8	4.4	2.7702	0.44433	0	0
5	4.4	2.77	0.44428	0	0
0	4	2.7728	0.44316	0	0
0.2	4	2.7718	0.44297	0	0
0.4	4	2.7715	0.44293	0	0
0.6	4	2.7724	0.44312	0	0
0.8	4	2.772	0.44306	0	0
1	4	2.7719	0.44304	0	0
1.2	4	2.7719	0.44304	0	0
1.4	4	2.7718	0.44302	0	0
1.6	4	2.7716	0.44298	0	0
1.8	4	2.7713	0.44292	0	0
2	4	2.7711	0.44288	0	0
2.2	4	2.771	0.44286	0	0
2.4	4	2.771	0.44286	0	0
2.6	4	2.7711	0.44287	0	0
2.8	4	2.7712	0.4429	0	0
3	4	2.7714	0.44292	0	0
3.2	4	2.7715	0.44294	0	0
3.4	4	2.7715	0.44295	0	0
3.6	4	2.7716	0.44296	0	0
3.8	4	2.7716	0.44296	0	0
4	4	2.7716	0.44296	0	0
4.2	4	2.7715	0.44295	0	0
4.4	4	2.7714	0.44293	0	0
4.6	4	2.7712	0.4429	0	0
4.8	4	2.771	0.44286	0	0
5	4	2.7707	0.4428	0	0
2.6	3.4	2.7708	0.4404	0	0
2.8	3.4	2.771	0.44043	0	0
3	3.4	2.7711	0.44045	0	0
3.2	3.4	2.7712	0.44047	0	0
3.4	3.4	2.7713	0.44048	0	0
3.6	3.4	2.7713	0.44049	0	0
3.8	3.4	2.7713	0.44049	0	0
4	3.4	2.7713	0.44049	0	0
4.2	3.4	2.7712	0.44048	0	0
4.4	3.4	2.7711	0.44046	0	0
4.6	3.4	2.771	0.44043	0	0
4.8	3.4	2.7708	0.44038	0	0
5	3.4	2.7705	0.44033	0	0
0	3.8	2.7743	0.44263	0	0
0.2	3.8	2.7732	0.44244	0	0
0.4	3.8	2.773	0.4424	0	0
0.6	3.8	2.7739	0.44259	0	0
0.8	3.8	2.7735	0.44253	0	0
1	3.8	2.7734	0.44251	0	0
1.2	3.8	2.7734	0.44251	0	0
1.4	3.8	2.7733	0.44249	0	0
1.6	3.8	2.773	0.44245	0	0
1.8	3.8	2.7728	0.44239	0	0
2	3.8	2.7726	0.44235	0	0
2.2	3.8	2.7725	0.44233	0	0
2.4	3.8	2.7725	0.44233	0	0
2.6	4.8	2.7716	0.44619	0	0
2.8	4.8	2.7717	0.44621	0	0
3	4.8	2.7719	0.44623	0	0
3.2	4.8	2.772	0.44625	0	0
3.4	4.8	2.7721	0.44627	0	0
3.6	4.8	2.7721	0.44628	0	0
3.8	4.8	2.7721	0.44628	0	0
4	4.8	2.7721	0.44627	0	0
4.2	4.8	2.772	0.44626	0	0
4.4	4.8	2.7719	0.44624	0	0
4.6	4.8	2.7717	0.44621	0	0
4.8	4.8	2.7715	0.44617	0	0
5	4.8	2.7712	0.44612	0	0
0	5	2.7718	0.44697	0	0
0.2	5	2.7708	0.44678	0	0
0.4	5	2.7705	0.44674	0	0
0.6	5	2.7715	0.44693	0	0
0.8	5	2.7711	0.44686	0	0
1	5	2.771	0.44685	0	0
1.2	5	2.771	0.44685	0	0
1.4	5	2.7709	0.44682	0	0
1.6	5	2.7707	0.44678	0	0
1.8	5	2.7704	0.44673	0	0
2	5	2.7702	0.44668	0	0
2.2	5	2.7701	0.44666	0	0
2.4	5	2.7701	0.44666	0	0
2.6	4.2	2.7704	0.44355	0	0
2.8	4.2	2.7705	0.44357	0	0
3	4.2	2.7707	0.4436	0	0
3.2	4.2	2.7708	0.44362	0	0
3.4	4.2	2.7709	0.44363	0	0
3.6	4.2	2.7709	0.44364	0	0
3.8	4.2	2.7709	0.44364	0	0
4	4.2	2.7709	0.44364	0	0
4.2	4.2	2.7708	0.44362	0	0
4.4	4.2	2.7707	0.4436	0	0
4.6	4.2	2.7705	0.44358	0	0
4.8	4.2	2.7703	0.44353	0	0
5	4.2	2.77	0.44348	0	0
0	4.8	2.7732	0.44648	0	0
0.2	4.8	2.7722	0.44629	0	0
0.4	4.8	2.7719	0.44625	0	0
0.6	4.8	2.7729	0.44644	0	0
0.8	4.8	2.7725	0.44637	0	0
1	4.8	2.7724	0.44636	0	0
1.2	4.8	2.7724	0.44636	0	0
1.4	4.8	2.7723	0.44633	0	0
1.6	4.8	2.7721	0.44629	0	0
1.8	4.8	2.7718	0.44624	0	0
2	4.8	2.7716	0.44619	0	0
2.2	4.8	2.7715	0.44617	0	0
2.4	4.8	2.7715	0.44617	0	0
0	4.2	2.7721	0.44384	0	0
0.2	4.2	2.7711	0.44365	0	0
0.4	4.2	2.7708	0.4436	0	0
0.6	4.2	2.7717	0.4438	0	0
0.8	4.2	2.7713	0.44373	0	0
1	4.2	2.7712	0.44372	0	0
1.2	4.2	2.7712	0.44372	0	0
1.4	4.2	2.7711	0.4437	0	0
1.6	4.2	2.7709	0.44365	0	0
1.8	4.2	2.7706	0.4436	0	0
2	4.2	2.7704	0.44356	0	0
2.2	4.2	2.7703	0.44353	0	0
2.4	4.2	2.7703	0.44354	0	0
2.6	3.8	2.7726	0.44234	0	0
2.8	3.8	2.7727	0.44236	0	0
3	3.8	2.7728	0.44239	0	0
3.2	3.8	2.7729	0.44241	0	0
3.4	3.8	2.773	0.44242	0	0
3.6	3.8	2.773	0.44243	0	0
3.8	3.8	2.7731	0.44243	0	0
4	3.8	2.773	0.44243	0	0
4.2	3.8	2.773	0.44242	0	0
4.4	3.8	2.7729	0.4424	0	0
4.6	3.8	2.7727	0.44237	0	0
4.8	3.8	2.7725	0.44233	0	0
5	3.8	2.7722	0.44227	0	0
2.6	5	2.7702	0.44668	0	0
2.8	5	2.7703	0.4467	0	0
3	5	2.7705	0.44672	0	0
3.2	5	2.7706	0.44674	0	0
3.4	5	2.7706	0.44676	0	0
3.6	5	2.7707	0.44676	0	0
3.8	5	2.7707	0.44677	0	0
4	5	2.7707	0.44676	0	0
4.2	5	2.7706	0.44675	0	0
4.4	5	2.7705	0.44673	0	0
4.6	5	2.7703	0.4467	0	0
4.8	5	2.7701	0.44666	0	0
5	5	2.7698	0.44661	0	0
0	4.6	2.7724	0.44553	0	0
0.2	4.6	2.7714	0.44533	0	0
0.4	4.6	2.7711	0.44529	0	0
0.6	4.6	2.772	0.44548	0	0
0.8	4.6	2.7717	0.44542	0	0
1	4.6	2.7716	0.4454	0	0
1.2	4.6	2.7716	0.4454	0	0
1.4	4.6	2.7714	0.44538	0	0
1.6	4.6	2.7712	0.44534	0	0
1.8	4.6	2.771	0.44528	0	0
2	4.6	2.7708	0.44524	0	0
2.2	4.6	2.7707	0.44522	0	0
2.4	4.6	2.7707	0.44522	0	0
0	2.4	2.7724	0.43722	0	0
0.2	2.4	2.7714	0.43703	0	0
0.4	2.4	2.7711	0.43699	0	0
0.6	2.4	2.772	0.43719	0	0
0.8	2.4	2.7716	0.43712	0	0
1	2.4	2.7715	0.43711	0	0
1.2	2.4	2.7714	0.43711	0	0
1.4	2.4	2.7713	0.43709	0	0
1.6	2.4	2.771	0.43704	0	0
1.8	2.4	2.7708	0.43699	0	0
2	2.4	2.7705	0.43695	0	0
2.2	2.4	2.7704	0.43692	0	0
2.4	2.4	2.7704	0.43692	0	0
0	4.4	2.772	0.44464	0	0
0.2	4.4	2.771	0.44444	0	0
0.4	4.4	2.7707	0.4444	0	0
0.6	4.4	2.7716	0.44459	0	0
0.8	4.4	2.7712	0.44453	0	0
1	4.4	2.7711	0.44451	0	0
1.2	4.4	2.7711	0.44452	0	0
1.4	4.4	2.771	0.44449	0	0
1.6	4.4	2.7708	0.44445	0	0
1.8	4.4	2.7705	0.4444	0	0
2	4.4	2.7703	0.44435	0	0
2.2	4.4	2.7702	0.44433	0	0
2.4	4.4	2.7702	0.44433	0	0
