10.769
4.1579
1.3666
4.1245
1.0327
1.6981
4.9875
1.2706
1.0979
3.8075
3.1144
1.7202
1.5821
1.5173
0.55735
0.69867
2.3733
2.0952
1.9478
3.9562
0.71303
2.2483
2.618
1.0674
1.3884
2.795
1.7288
4.9117
1.9665
2.4797
3.1976
3.3726
2.0376
2.2314
2.5326
0.92595
2.3055
2.8417
1.0461
5.236
2.2434
1.8535
1.3149
2.1008
3.7329
7.8668
0.62886
4.2096
2.4997
2.1554
2.2701
1.2961
3.3441
2.0656
2.3489
2.5643
1.0405
1.5161
1.1182
5.7455
1.8035
1.4937
1.7588
1.9112
2.5227
3.9889
1.5266
1.3268
4.6848
2.1234
2.4557
3.8292
2.0882
4.723
1.4212
0.93574
3.5836
0.88179
1.4125
1.962
3.0578
2.8844
4.1551
1.2946
1.1768
2.1506
5.0466
0.90334
2.9569
1.771
3.1262
2.3579
1.4622
1.02
2.0572
2.0867
0.44728
2.825
1.6538
1.8702
2.3063
2.616
2.2104
2.2833
4.5189
1.5671
2.4139
4.5395
1.7142
4.9334
2.571
2.0421
1.337
1.0836
1.1335
3.645
1.5439
1.4234
4.271
1.4535
5.4154
2.1127
1.2016
1.6765
3.3511
2.3293
4.0184
1.0029
5.0519
2.8951
1.7656
1.6538
3.1776
5.6764
1.3163
1.536
2.0633
1.279
1.0827
1.1271
2.3149
2.7078
1.6704
5.3696
2.3302
2.1441
1.2114
3.1636
6.3303
1.333
1.6402
2.6428
0.60544
3.7441
2.1736
3.964
1.8283
1.9773
2.6869
2.3855
1.4754
1.9191
2.1244
2.1798
1.6317
2.8545
1.693
2.6109
0.95469
3.0764
3.7164
7.4332
1.9861
1.3287
1.771
1.6908
1.2203
1.9652
2.1146
3.6198
4.7789
1.9615
2.581
2.0596
2.2884
4.6163
2.3229
1.88
4.8804
2.3047
2.6748
1.1123
1.0276
0.98458
1.6539
2.3819
1.4212
4.8671
3.9738
1.2456
1.8813
2.4061
1.5047
2.9396
5.4545
2.0289
2.5693
2.5537
4.7237
0.9652
2.0872
3.6624
3.2702
1.3492
4.8153
0.54911
2.0204
3.2083
9.8779
1.3967
1.6101
1.3449
5.6833
2.9138
2.2117
1.145
3.1847
2.7928
3.7595
1.1089
2.4539
2.5228
5.4623
3.4021
1.8392
1.3904
0.84935
2.2748
3.8387
1.3139
1.784
2.2743
1.9394
2.9881
2.0697
2.1689
2.0924
2.6552
1.4435
0.93512
0.33133
3.1376
2.8191
1.8958
2.2173
1.343
4.5785
0.62456
2.9746
1.1949
1.546
6.8038
1.5563
5.1215
1.164
3.4969
2.3864
1.5558
3.0032
3.1975
4.7829
1.8598
5.7943
2.8254
2.9466
2.0668
1.1904
2.265
1.6233
2.2661
1.6974
2.9647
1.5472
1.5386
2.8638
1.7378
3.2471
5.4559
2.2601
3.9345
1.5394
1.6752
2.4916
3.0269
1.3803
2.0709
1.5487
0.46328
3.2008
0.89829
1.6155
0.983
2.3472
1.6898
0.70934
1.417
1.8597
2.6175
1.801
1.8025
3.4435
4.2215
2.2307
2.9386
1.2425
2.2304
1.6223
7.12
4.7337
0.35329
2.5965
1.5579
2.4612
1.9701
1.6231
1.963
5.2753
0.95859
1.2816
1.8295
2.8349
2.5948
2.2223
0.62551
2.7808
7.6492
1.5101
1.9879
1.5554
0.74341
2.2204
1.5387
3.6865
3.3973
2.4282
3.0874
2.0303
2.0755
3.4851
6.342
1.2043
1.281
1.2071
1.9288
2.5581
1.9259
0.72465
12.919
4.2849
8.9578
7.282
1.0251
2.7354
5.6659
3.0085
1.1444
2.8268
1.0152
1.0137
2.0526
3.9499
3.1407
2.6858
3.6415
1.9797
2.0091
2.3976
1.9752
2.5292
3.234
3.3091
1.1373
1.4526
3.098
3.2221
2.1898
2.7316
2.2398
3.7612
4.3697
2.991
0.74921
1.3988
4.0224
0.99212
1.0659
1.8722
2.6427
2.3331
1.6669
5.7267
3.1911
2.2282
2.4291
1.0357
1.0948
2.0371
4.5761
0.45467
4.6238
1.5097
5.7575
3.91
2.6954
0.71868
1.5425
0.39547
0.71846
2.5614
3.9453
2.4904
3.8586
3.053
1.4695
3.5614
6.5916
2.0367
2.5948
5.4327
1.778
1.7134
2.7491
1.4766
2.1115
1.5264
2.1028
2.063
2.0165
3.0568
2.263
3.0173
2.3449
4.7098
3.2124
1.9717
1.7598
0.56285
3.4304
1.4021
1.1378
0.95557
3.3354
1.8382
1.1322
0.55813
1.8167
2.4023
1.1283
2.342
2.6579
1.3731
0.58325
2.4688
0.71438
1.3429
2.241
3.3695
1.8292
1.2076
2.8397
1.8803
6.8093
3.8566
1.6497
2.5879
1.2296
2.9368
1.7259
1.3577
0.64581
4.1629
1.146
4.6057
4.0053
1.5051
2.18
0.9447
4.1704
1.691
1.2183
10.125
0.97387
2.0103
1.8835
5.349
2.644
0.9755
1.6393
2.039
4.7053
1.9639
4.7646
2.3521
2.3034
2.0634
1.3341
1.4915
5.0833
3.1754
0.34697
2.8342
4.4128
1.6629
0.98846
1.978
1.6209
2.667
4.5195
3.4567
2.656
3.6937
1.823
1.8118
5.203
1.1655
3.3505
1.7316
3.7491
5.4577
0.81581
0.94763
4.6026
1.7662
1.1532
0.55949
1.1368
3.5514
2.971
1.4203
1.2102
2.3855
3.2603
1.7891
2.2572
2.6703
2.8133
3.5493
1.4023
2.6426
3.0288
2.8665
2.5758
3.1723
3.7186
2.9805
0.68774
1.9183
1.8628
3.7263
2.1496
1.9327
2.0426
3.5308
3.6279
3.0203
1.1623
0.60957
2.6948
1.182
1.9351
2.7331
2.2361
2.0779
2.1938
0.67948
3.0353
1.8286
3.1079
1.0123
2.3578
2.1218
1.3431
1.9657
2.0049
2.3185
3.1894
0.66225
2.4427
2.3483
2.0724
0.68551
3.3178
1.7635
3.6276
1.7715
3.1848
0.66099
2.6119
2.1061
1.4063
1.6218
3.2138
1.8443
3.4034
2.3668
0.48259
3.3252
3.3959
2.8304
1.5687
2.3894
1.5321
3.398
2.3045
0.4799
4.1698
3.1275
5.9396
4.6278
5.9965
2.1336
4.931
4.8919
1.5024
3.8667
0.91123
2.0948
10.813
1.3483
3.6143
3.4105
1.7779
2.4166
2.0479
1.5473
4.0005
1.8953
2.7197
1.7463
1.7453
1.1911
1.4619
3.6271
4.9131
5.7402
4.1501
2.3849
1.0234
2.8715
1.3223
2.7248
3.093
2.8439
2.7616
3.7862
0.99635
5.3196
1.8353
1.9448
1.026
13.952
0.68415
3.2282
1.4261
2.7242
2.6369
1.3147
12.948
1.1609
1.2492
3.2743
0.70039
1.0599
1.4919
1.3161
1.4406
0.71894
1.7481
4.7681
2.9624
2.0172
2.4867
2.5782
2.8805
1.6556
4.2005
4.0921
0.61509
3.1253
1.2551
2.0218
1.6729
2.7455
1.1541
1.8547
4.354
2.3218
3.7888
0.54165
1.79
2.531
3.0932
7.4574
2.3703
2.4714
3.9412
3.2905
5.8496
1.8237
4.8075
1.5479
2.266
2.9612
1.5492
2.5939
1.0657
1.3884
1.9536
0.76439
2.8366
1.9128
1.3402
2.5215
2.56
3.086
6.3203
4.1873
4.2857
2.7142
2.1788
1.8785
1.0569
3.6838
2.7335
4.1366
1.6833
2.9208
2.1736
4.6109
1.039
2.0688
0.95334
2.1186
1.7573
1.3881
1.491
1.641
5.1128
1.9436
1.2791
1.3468
2.3336
1.3698
2.3977
3.2561
2.6484
2.3075
1.6654
2.3655
3.2625
1.7709
6.9941
1.5626
0.91112
1.9059
2.023
1.9795
2.3698
1.387
2.6611
4.048
2.1863
2.1245
3.9287
1.578
3.3532
1.906
3.5667
2.5274
2.1907
3.0179
1.5024
1.4647
2.3497
1.2651
1.1243
1.6877
0.91552
3.3151
6.3307
2.6213
4.2206
1.3735
0.90486
0.93551
2.4972
0.93464
7.3231
2.4107
1.5465
2.0059
2.6911
2.5117
1.643
2.4785
1.5925
2.0093
2.8226
1.8663
2.2644
1.7836
1.2074
1.1095
3.347
1.5405
2.8313
4.4262
0.99781
2.5429
2.1031
3.2932
0.95006
2.491
4.1968
1.6627
1.753
1.1346
2.7936
4.1063
1.3099
2.4396
4.2942
3.5578
1.5344
1.7194
1.6314
2.6582
2.5857
3.0816
3.1515
1.44
1.4198
2.9672
7.459
1.9212
1.8809
1.6425
2.7224
3.0299
1.5771
1.5801
4.7218
0.6455
1.8284
3.2021
1.2356
3.4
2.4492
1.8806
3.7125
2.0931
3.6042
2.3811
1.0193
3.1595
1.6123
4.615
0.57519
1.3618
1.4725
2.2716
3.6253
1.2189
1.5702
3.9484
1.8089
0.81983
0.69945
1.2287
0.97961
7.2115
4.1642
3.4372
0.84781
2.1564
1.0217
3.1314
2.6439
1.8979
1.2393
3.6958
1.8911
2.0398
4.7794
2.5727
3.108
2.3499
2.3158
1.0059
1.5693
3.7222
4.3593
0.99019
2.1986
2.3615
3.3148
4.2351
1.9112
2.0971
6.6737
3.5427
1.3753
1.8332
3.5299
3.7541
2.8318
2.3509
1.4761
4.0412
3.6927
0.89712
2.3686
1.4716
1.7924
2.4602
0.91771
1.283
0.52752
1.3588
1.6778
1.4873
5.1825
2.2462
1.329
2.8091
1.2878
1.0521
1.0233
1.9062
5.7052
1.4011
3.1049
0.66156
0.61115
2.1324
1.4394
1.3691
1.5927
1.0688
2.4448
1.5732
2.2548
1.9105
1.4373
0.93356
5.2754
4.0306
4.1117
3.9821
1.0974
3.2317
3.7166
7.9447
2.1736
3.0103
0.76885
1.6718
3.009
0.79495
3.4394
3.0055
1.8813
1.8667
1.5063
3.4647
1.9103
1.6688
1.4053
2.2962
5.4103
2.3358
2.7156
2.2288
6.0918
1.1654
2.9518
1.5527
3.0293
1.3193
3.2035
2.8755
1.6128
2.169
2.4968
0.75927
2.8999
2.0259
1.687
1.4402
2.1609
2.9716
1.831
1.2497
2.9819
7.4577
2.0189
4.0448
2.6153
2.1093
1.7509
0.63417
1.6444
1.4073
3.6252
3.602
1.1316
2.0889
1.548
2.7821
1.1556
1.3611
1.0486
2.2554
2.9624
1.4104
3.3571
1.3193
2.8459
1.0629
2.3946
7.0001
2.2855
0.58949
1.4691
2.9753
3.3321
2.4288
1.7297
1.2933
3.4245
4.0225
1.3208
3.0656
1.7587
1.7526
1.7894
2.153
1.0934
0.87992
1.7289
