0.27179	0.4788	0.32177	0.28635	0.39844	0.31724	0.36419	0.22355
0.32123	0.51698	0.31158	0.50333	0.57273	0.39366	0.51907	0.53344
0.35746	0.38525	0.419	0.35081	0.393	0.38776	0.40291	0.43781
0.51019	0.29067	0.32412	0.33057	0.25912	0.30257	0.36653	0.35662
0.34987	0.28783	0.28194	0.39953	0.3434	0.24422	0.39527	0.22943
0.50195	0.73294	0.59326	0.76246	0.64024	0.74756	0.63534	0.447
0.2309	0.36234	0.44881	0.3541	0.37583	0.31088	0.29225	0.41429
0.22334	0.20572	0.24484	0.31769	0.29197	0.27173	0.33749	0.31008
0.29339	0.31809	0.2757	0.40496	0.32981	0.45264	0.43799	0.32257
0.24578	0.3884	0.28114	0.44132	0.40794	0.28218	0.39376	0.4271
0.42437	0.48941	0.61065	0.73184	0.44723	0.35092	0.47374	0.58394
0.34483	0.30635	0.34469	0.3036	0.26458	0.33909	0.43153	0.37861
0.20713	0.35606	0.41908	0.34826	0.31351	0.33164	0.35944	0.38396
0.60293	0.65655	0.49758	0.56024	0.47873	0.51905	0.46675	0.42753
0.20994	0.30783	0.26747	0.33731	0.22781	0.33719	0.29091	0.30816
0.21072	0.2275	0.24404	0.33977	0.26811	0.3041	0.30089	0.29448
0.28461	0.36208	0.3139	0.43264	0.31166	0.37713	0.3528	0.27717
0.36032	0.41307	0.38098	0.28216	0.41423	0.33446	0.3033	0.31653
0.40049	0.46946	0.41225	0.45092	0.45504	0.44241	0.36889	0.55951
0.29479	0.33341	0.37202	0.39634	0.33676	0.32206	0.47354	0.35078
0.28121	0.3852	0.21886	0.35194	0.39275	0.3785	0.32179	0.27014
0.19382	0.36559	0.34739	0.29243	0.36949	0.25504	0.28195	0.2043
0.22882	0.35054	0.22689	0.34008	0.32139	0.15624	0.3341	0.21757
0.3963	0.43133	0.37256	0.35841	0.36141	0.34556	0.37645	0.34433
0.3963	0.30879	0.35983	0.43428	0.50841	0.49212	0.37657	0.45639
0.43052	0.3563	0.30644	0.33747	0.37707	0.35848	0.34972	0.31033
0.42592	0.38212	0.41287	0.48416	0.3887	0.3623	0.39042	0.29437
0.43594	0.37419	0.41583	0.40639	0.35771	0.40774	0.38228	0.29735
0.49019	0.44958	0.44552	0.3347	0.49324	0.35217	0.31502	0.33935
0.25973	0.53336	0.41072	0.53603	0.35941	0.27399	0.35855	0.36348
0.33756	0.57581	0.6209	0.49351	0.53702	0.61136	0.55582	0.39679
0.33967	0.33547	0.39785	0.27798	0.33174	0.30554	0.34921	0.29125
0.27858	0.25542	0.27581	0.29865	0.24181	0.29158	0.27555	0.24042
0.49668	0.36387	0.25276	0.2982	0.29261	0.25392	0.27795	0.29868
0.23995	0.28722	0.39347	0.28292	0.37044	0.35533	0.29096	0.31885
0.29343	0.25888	0.3033	0.25864	0.2704	0.25662	0.35742	0.22993
0.31455	0.33311	0.38701	0.41931	0.33541	0.40251	0.38709	0.23722
0.39706	0.34023	0.27532	0.40047	0.32997	0.32079	0.35495	0.36589
0.72722	0.65398	0.49649	0.4737	0.75991	0.60105	0.55046	0.51318
0.24048	0.35083	0.32734	0.34018	0.31225	0.35567	0.31924	0.32298
0.28117	0.37967	0.31689	0.32327	0.41312	0.37178	0.33239	0.45087
0.22525	0.26824	0.24494	0.24289	0.32354	0.35526	0.28664	0.2835
0.20271	0.3484	0.29111	0.31494	0.29607	0.33904	0.32493	0.21777
0.55926	0.22154	0.26208	0.28169	0.43024	0.30156	0.29861	0.2757
0.33903	0.34667	0.23329	0.33424	0.33236	0.29884	0.33115	0.32064
0.32663	0.46436	0.47135	0.44841	0.44481	0.42349	0.42873	0.38794
0.3381	0.35066	0.30861	0.32248	0.22275	0.35355	0.40369	0.35332
0.38602	0.28428	0.44757	0.25986	0.48463	0.34164	0.41987	0.2552
0.33833	0.22516	0.33699	0.26765	0.31258	0.31607	0.29029	0.3346
0.29892	0.3376	0.28533	0.30198	0.45185	0.30253	0.28666	0.26092
0.18998	0.24615	0.21396	0.32817	0.3014	0.2557	0.27691	0.28659
0.28917	0.30927	0.32826	0.30949	0.23048	0.35574	0.25827	0.29564
0.38275	0.41457	0.34884	0.38989	0.36257	0.32422	0.31781	0.24888
0.26383	0.38598	0.18912	0.29562	0.34151	0.36909	0.29375	0.23358
0.22629	0.29641	0.28988	0.29464	0.27589	0.23355	0.29023	0.27112
0.23792	0.30718	0.3631	0.34877	0.34966	0.4902	0.42137	0.41721
0.2999	0.39706	0.45229	0.36103	0.20606	0.3016	0.42456	0.52238
0.37278	0.35252	0.3434	0.2094	0.29353	0.28075	0.32394	0.40765
0.22767	0.33758	0.35435	0.35967	0.48136	0.3526	0.4134	0.41673
0.34451	0.24877	0.26359	0.3887	0.26249	0.28402	0.37917	0.18501
0.29033	0.33942	0.27332	0.27874	0.33196	0.39546	0.3966	0.27897
0.26957	0.37617	0.31032	0.22847	0.36598	0.31357	0.30276	0.34391
0.29759	0.34289	0.44264	0.33162	0.37328	0.36633	0.33423	0.24433
0.23565	0.40415	0.27608	0.37378	0.34173	0.38708	0.30813	0.39719
0.37929	0.27785	0.34466	0.30554	0.35613	0.35426	0.39448	0.23925
0.33411	0.35264	0.37634	0.37607	0.40832	0.39876	0.25752	0.26131
0.36093	0.40966	0.35734	0.3083	0.35853	0.37069	0.36365	0.33395
0.34827	0.20428	0.32811	0.25456	0.26581	0.30296	0.30827	0.22341
0.40694	0.33996	0.30674	0.31896	0.37602	0.34406	0.30573	0.43309
0.71466	0.46892	0.51863	0.37644	0.51498	0.61887	0.54023	0.27167
0.24863	0.21516	0.2472	0.26219	0.41259	0.42932	0.21631	0.33347
0.32856	0.31125	0.36555	0.39359	0.31956	0.38321	0.38439	0.54278
0.30627	0.28524	0.33331	0.38614	0.39216	0.40228	0.28851	0.29518
0.24159	0.38364	0.14751	0.29475	0.23422	0.24928	0.21747	0.19186
0.59418	0.5106	0.51617	0.37755	0.60158	0.61904	0.489	0.62357
0.41765	0.31807	0.40459	0.39461	0.32096	0.33569	0.27895	0.31982
0.35035	0.29374	0.29469	0.27254	0.32048	0.26403	0.32816	0.22513
0.23175	0.31315	0.36895	0.37934	0.38246	0.32823	0.28293	0.28503
0.30121	0.30572	0.38297	0.42793	0.23499	0.48469	0.36267	0.3158
0.35627	0.42028	0.34839	0.32609	0.39647	0.33626	0.41774	0.30495
0.24961	0.26229	0.31578	0.28948	0.28269	0.27729	0.24707	0.26768
0.22184	0.26762	0.33627	0.2291	0.25507	0.21415	0.27881	0.25318
0.37332	0.30043	0.3287	0.3542	0.44802	0.25979	0.36808	0.38308
0.27633	0.36208	0.24792	0.22964	0.27842	0.26011	0.34822	0.34674
0.22695	0.24601	0.24359	0.26141	0.20326	0.32784	0.25581	0.32283
0.42468	0.36778	0.25156	0.40707	0.43621	0.32214	0.2625	0.2858
0.29211	0.23449	0.35503	0.27883	0.35164	0.3631	0.35642	0.42306
0.30062	0.28434	0.24904	0.23703	0.36204	0.256	0.25968	0.32189
0.35039	0.41866	0.38989	0.35075	0.32498	0.43963	0.33886	0.31088
0.33963	0.32853	0.19103	0.3343	0.32072	0.37498	0.31614	0.34408
0.30336	0.44712	0.34072	0.37724	0.34278	0.35969	0.32326	0.33891
0.271	0.27183	0.2344	0.33561	0.26074	0.24748	0.3569	0.27837
0.3243	0.25324	0.31508	0.26736	0.30478	0.23009	0.31938	0.33935
0.2945	0.30909	0.29346	0.37074	0.28736	0.30876	0.33693	0.31147
0.26049	0.32327	0.28598	0.35694	0.25923	0.25476	0.19822	0.26931
0.31345	0.36738	0.27558	0.31637	0.33124	0.3192	0.29493	0.31327
0.37804	0.31354	0.3508	0.34319	0.33	0.31097	0.4255	0.35472
0.24685	0.2633	0.23398	0.26012	0.23013	0.28529	0.24832	0.19951
0.30728	0.38407	0.22552	0.3667	0.36223	0.40758	0.33999	0.37581
0.37598	0.41852	0.35557	0.42401	0.2976	0.3473	0.34529	0.2391
0.1854	0.47155	0.34574	0.35271	0.35653	0.41401	0.34003	0.26399
0.59766	0.40195	0.40252	0.39829	0.38133	0.39774	0.45005	0.42972
0.48109	0.53761	0.51118	0.39739	0.3364	0.46504	0.46833	0.39105
0.2883	0.21474	0.34133	0.41218	0.47623	0.32757	0.43229	0.34581
0.31013	0.48508	0.15196	0.27448	0.30493	0.27195	0.22751	0.32884
0.26676	0.40123	0.38187	0.33472	0.41934	0.32294	0.43641	0.29352
0.22545	0.24676	0.46093	0.30824	0.36555	0.33054	0.31414	0.26992
0.25754	0.38222	0.31631	0.43015	0.42922	0.26316	0.3759	0.33827
0.35251	0.3289	0.22395	0.25141	0.38371	0.32927	0.31897	0.21724
0.47234	0.45064	0.4669	0.40191	0.45095	0.40584	0.43016	0.38863
0.36579	0.29493	0.34352	0.25844	0.31854	0.26718	0.22962	0.26225
0.43885	0.34467	0.34524	0.34924	0.36659	0.28093	0.48353	0.21289
0.31347	0.23187	0.36024	0.38464	0.30831	0.29754	0.30879	0.29555
0.32889	0.34518	0.3257	0.31056	0.28436	0.32942	0.35643	0.28201
0.39623	0.39187	0.42598	0.51385	0.53443	0.43385	0.424	0.51665
0.33947	0.30687	0.31979	0.40424	0.2735	0.29414	0.30377	0.35947
0.29385	0.37738	0.25609	0.37526	0.27722	0.33681	0.26569	0.21195
0.42108	0.3658	0.35025	0.32649	0.3428	0.39683	0.2931	0.3757
0.69065	0.4777	0.5143	0.60006	0.54836	0.45833	0.42518	0.64279
0.30285	0.44697	0.3415	0.35209	0.28302	0.38133	0.35205	0.2297
0.44134	0.33435	0.26683	0.36306	0.32873	0.32465	0.27969	0.23895
0.383	0.15435	0.32848	0.34857	0.2642	0.28298	0.39903	0.25774
0.39495	0.36069	0.46101	0.312	0.45584	0.37719	0.41456	0.31486
0.46106	0.30983	0.5843	0.29546	0.2953	0.42135	0.36223	0.3976
0.33444	0.28555	0.26241	0.3583	0.58149	0.34871	0.38488	0.35193
0.3851	0.30269	0.38148	0.40687	0.28709	0.32279	0.30198	0.30693
0.36941	0.38858	0.38586	0.36592	0.51134	0.53338	0.24475	0.42246
0.26067	0.31875	0.28443	0.24649	0.21269	0.36051	0.32612	0.39152
0.30032	0.31683	0.20988	0.31294	0.51054	0.33995	0.44025	0.31368
0.36156	0.34495	0.3611	0.3793	0.38152	0.39972	0.39028	0.31065
0.25981	0.36836	0.31826	0.29171	0.34129	0.26049	0.34799	0.34906
0.19292	0.46241	0.30556	0.45884	0.38778	0.40027	0.40696	0.36626
0.30929	0.31031	0.49119	0.53322	0.36995	0.30366	0.42347	0.30748
0.41659	0.44566	0.38281	0.35722	0.33973	0.36461	0.30992	0.42027
0.31697	0.25677	0.50525	0.40124	0.26637	0.32108	0.27801	0.32238
0.42543	0.44739	0.44172	0.5098	0.55572	0.42445	0.34272	0.39296
0.52381	0.46712	0.58873	0.3631	0.49744	0.45214	0.41278	0.29311
0.33343	0.26728	0.24588	0.32072	0.36053	0.27867	0.31324	0.2824
0.29153	0.3005	0.34952	0.36331	0.31905	0.42709	0.38814	0.27813
0.33587	0.50294	0.35512	0.3456	0.28095	0.26494	0.27464	0.21698
0.39896	0.36828	0.33698	0.28261	0.3274	0.29114	0.25341	0.31255
0.20994	0.29413	0.26842	0.34525	0.31485	0.26926	0.20544	0.25313
0.34154	0.32298	0.25128	0.36408	0.46264	0.41198	0.33559	0.35657
0.39186	0.34068	0.33837	0.47401	0.41472	0.3128	0.55113	0.37702
0.37075	0.42434	0.48889	0.53226	0.52902	0.31473	0.50141	0.37661
0.31259	0.25811	0.20312	0.25644	0.36981	0.41189	0.31416	0.36057
0.58395	0.3387	0.4064	0.38182	0.30825	0.42646	0.33148	0.5275
0.30131	0.28813	0.35294	0.49064	0.35093	0.34377	0.32113	0.33966
0.36539	0.34234	0.38399	0.4068	0.25871	0.3161	0.40115	0.31613
0.3104	0.29241	0.31167	0.38236	0.30287	0.32483	0.31258	0.24989
0.28951	0.43352	0.32224	0.33435	0.29135	0.26798	0.36827	0.28786
0.37041	0.78945	0.27323	0.44221	0.41909	0.34283	0.38117	0.39958
0.3138	0.35639	0.30232	0.28694	0.30253	0.33492	0.44964	0.29148
0.36266	0.52267	0.59851	0.3769	0.56848	0.40503	0.5523	0.37631
0.39527	0.51807	0.28055	0.40416	0.50294	0.60989	0.37019	0.41237
0.28456	0.24531	0.24739	0.26862	0.34811	0.21919	0.2619	0.28661
0.38505	0.3552	0.31597	0.2808	0.36629	0.42194	0.36948	0.32839
0.45226	0.44273	0.31936	0.46602	0.44987	0.43751	0.42946	0.32774
1.0642	1.304	0.98832	0.90456	0.91047	1.2576	1.3322	1.2711
0.25553	0.35669	0.2996	0.2452	0.2967	0.31075	0.31824	0.31301
0.32545	0.29836	0.32667	0.26172	0.34483	0.2561	0.43782	0.22876
0.30555	0.40194	0.44304	0.41714	0.35985	0.38915	0.44623	0.54422
0.31243	0.3052	0.23217	0.30943	0.3099	0.30869	0.31673	0.21105
0.4455	0.32274	0.26674	0.35092	0.47005	0.37008	0.36424	0.3378
0.37217	0.36054	0.38071	0.26287	0.38281	0.28796	0.32752	0.26111
0.40889	0.31234	0.28499	0.3692	0.31938	0.31136	0.24937	0.27366
0.31469	0.29366	0.29027	0.3366	0.34072	0.21697	0.24368	0.23147
0.59651	0.5966	0.5381	0.41211	0.49298	0.45835	0.448	0.41963
0.22807	0.33295	0.30228	0.42296	0.40927	0.33579	0.37438	0.33267
0.30414	0.30577	0.39755	0.28242	0.34917	0.33516	0.30884	0.29447
0.3985	0.26422	0.27516	0.26842	0.26407	0.30849	0.33318	0.30153
0.32548	0.52734	0.35494	0.36752	0.37235	0.37165	0.35856	0.35903
0.32293	0.35035	0.36999	0.2627	0.29361	0.30417	0.28065	0.33425
0.33526	0.39116	0.4008	0.34882	0.36492	0.43361	0.38359	0.38783
0.43079	0.38399	0.34433	0.40736	0.5292	0.3615	0.32497	0.48995
0.31396	0.26267	0.42539	0.3355	0.39106	0.34328	0.33458	0.29639
0.364	0.43871	0.34113	0.27243	0.30079	0.34096	0.36485	0.3812
0.57059	0.59056	0.33438	0.39605	0.46015	0.3351	0.41054	0.36274
0.26133	0.36314	0.3167	0.29603	0.28487	0.27404	0.37127	0.24505
0.36356	0.464	0.29997	0.397	0.42181	0.29615	0.41149	0.39119
0.63379	0.4791	0.43821	0.5606	0.57044	0.36198	0.57894	0.45379
0.29557	0.37006	0.31044	0.3683	0.37468	0.31331	0.22191	0.30618
0.77759	0.69763	0.53752	0.64036	0.40948	0.39432	0.75763	0.56971
0.35971	0.29738	0.29475	0.35735	0.38449	0.31745	0.24666	0.29498
0.35484	0.43413	0.38524	0.40975	0.34059	0.32049	0.31725	0.3232
0.35582	0.41592	0.20824	0.42545	0.36017	0.34619	0.36199	0.18956
0.21528	0.2864	0.27792	0.26495	0.29095	0.2941	0.28957	0.36362
0.35628	0.45753	0.56597	0.5432	0.44143	0.41227	0.36629	0.58054
0.24132	0.27197	0.36819	0.29111	0.23634	0.29189	0.34292	0.28487
0.39657	0.34478	0.33319	0.40215	0.2531	0.3025	0.23869	0.28275
0.43417	0.72556	0.64149	0.43831	0.38956	0.64508	0.58162	0.46943
0.28395	0.38288	0.32524	0.45958	0.30844	0.25569	0.34423	0.30205
0.2274	0.31044	0.36344	0.29954	0.34054	0.3768	0.33292	0.26859
0.27709	0.26722	0.29221	0.25541	0.24402	0.30663	0.23667	0.26045
0.24613	0.36337	0.36291	0.34415	0.2912	0.25991	0.28178	0.31357
0.4551	0.49591	0.51904	0.38985	0.40181	0.37266	0.33854	0.39299
0.21811	0.30647	0.35504	0.3369	0.35481	0.38847	0.26882	0.23308
0.80776	0.75445	0.74217	0.69102	0.60013	0.83682	0.77332	0.75748
0.51187	0.42414	0.34925	0.35924	0.435	0.30407	0.50829	0.35471
0.50861	0.36245	0.31944	0.38613	0.38181	0.38495	0.3652	0.33869
0.32303	0.33803	0.38638	0.29778	0.42902	0.36229	0.36726	0.35257
0.5135	0.41375	0.42849	0.37087	0.31289	0.3816	0.38903	0.25797
0.33781	0.40603	0.36474	0.33517	0.46516	0.30735	0.32731	0.30446
0.27283	0.33218	0.4471	0.32546	0.31731	0.32219	0.35576	0.3441
0.30519	0.44179	0.40262	0.2411	0.48886	0.30904	0.3441	0.26719
0.16065	0.34984	0.25784	0.24265	0.26912	0.27284	0.17559	0.25457
0.33441	0.26886	0.43982	0.29742	0.33878	0.3259	0.31127	0.28435
0.46187	0.45496	0.45919	0.27426	0.42255	0.32475	0.36785	0.36325
0.53816	0.72725	0.55186	0.52652	0.69313	0.58211	0.45083	0.64277
0.40126	0.38253	0.29831	0.29996	0.34933	0.31114	0.31957	0.33138
0.37857	0.44567	0.36596	0.34091	0.35787	0.28926	0.28953	0.35955
0.27267	0.27407	0.26104	0.39559	0.29935	0.26055	0.34037	0.33927
0.26288	0.22142	0.33619	0.3176	0.35937	0.28601	0.27541	0.3661
0.36616	0.33172	0.35095	0.34406	0.38626	0.38278	0.4017	0.31585
0.30293	0.30414	0.26205	0.33968	0.35215	0.28516	0.29057	0.26612
0.39434	0.46865	0.36114	0.40705	0.38692	0.44042	0.43906	0.3709
0.27627	0.35073	0.33982	0.28963	0.35273	0.23241	0.2215	0.2479
0.52243	0.40937	0.41481	0.34304	0.44563	0.46896	0.4716	0.28903
0.29269	0.36932	0.33946	0.26748	0.41391	0.30992	0.32138	0.15862
0.31456	0.33274	0.25215	0.31149	0.37356	0.32768	0.31444	0.2997
0.54597	0.37882	0.25759	0.43715	0.33805	0.28242	0.3766	0.4499
0.45132	0.41736	0.31289	0.31354	0.32376	0.26805	0.34761	0.32616
0.43686	0.47372	0.51489	0.37423	0.35244	0.36626	0.55316	0.23496
0.31906	0.33603	0.32103	0.25274	0.43908	0.41576	0.3757	0.38117
0.41827	0.28882	0.29882	0.29316	0.23392	0.2422	0.27155	0.244
0.35055	0.42899	0.4293	0.34096	0.41297	0.40736	0.37424	0.3112
0.42453	0.49619	0.40971	0.38407	0.35824	0.33118	0.25957	0.30612
0.37583	0.37789	0.43893	0.2941	0.37002	0.3972	0.36581	0.33826
0.402	0.31207	0.25619	0.35234	0.26329	0.34531	0.28664	0.27415
0.17953	0.30642	0.21593	0.25568	0.29724	0.27396	0.2305	0.21039
0.38932	0.31833	0.45578	0.3846	0.31856	0.44651	0.35414	0.33898
0.435	0.24165	0.34598	0.3051	0.53466	0.26863	0.27853	0.29438
0.20667	0.3424	0.29238	0.24533	0.32034	0.28966	0.28113	0.23132
0.33814	0.25946	0.34867	0.18562	0.26966	0.3634	0.3598	0.27861
0.33946	0.41817	0.31008	0.34391	0.27717	0.56339	0.4019	0.34277
0.43113	0.43708	0.43676	0.30336	0.4621	0.37139	0.50296	0.37699
0.28738	0.35596	0.27693	0.28392	0.26409	0.26437	0.32756	0.26593
0.35891	0.40673	0.2841	0.36842	0.28445	0.26071	0.30672	0.24088
0.38294	0.27739	0.2793	0.36379	0.35756	0.28504	0.35341	0.25861
0.38947	0.41999	0.52335	0.26643	0.35189	0.33391	0.34282	0.34559
0.57457	0.5461	0.43532	0.48401	0.58709	0.58934	0.4744	0.55748
0.34883	0.39523	0.45552	0.36801	0.3383	0.44111	0.49334	0.36517
0.22176	0.31019	0.23553	0.27911	0.31704	0.33889	0.23197	0.33932
0.43864	0.46484	0.48423	0.40286	0.33813	0.34701	0.35041	0.36494
0.31991	0.43143	0.30152	0.39197	0.36163	0.45538	0.35539	0.31894
0.35403	0.43424	0.33347	0.35481	0.2745	0.37132	0.25227	0.32488
0.3302	0.42345	0.28166	0.35775	0.3465	0.4051	0.35795	0.42675
0.61062	0.58566	0.56201	0.5527	0.40582	0.46766	0.39824	0.43809
0.23316	0.30043	0.27643	0.34247	0.31564	0.29959	0.38869	0.42667
0.34382	0.35627	0.33501	0.3487	0.30128	0.34713	0.31537	0.26667
0.25642	0.39932	0.44186	0.29441	0.36917	0.41526	0.35522	0.33323
0.25884	0.39943	0.46566	0.42728	0.41964	0.34089	0.27984	0.30182
0.44488	0.22027	0.39219	0.39967	0.39158	0.40667	0.23331	0.24103
0.28232	0.33167	0.48564	0.39062	0.29279	0.44173	0.46871	0.33988
0.33463	0.23921	0.22834	0.35809	0.51681	0.36183	0.33401	0.40394
0.28432	0.32273	0.26436	0.36893	0.42695	0.36094	0.35109	0.37532
0.32892	0.32315	0.23516	0.27017	0.2234	0.30534	0.24338	0.25845
0.25074	0.29025	0.34337	0.36667	0.26956	0.43805	0.33218	0.32403
0.30488	0.24688	0.35837	0.26096	0.36222	0.35311	0.41903	0.33691
0.29189	0.37553	0.27928	0.33557	0.32952	0.27205	0.28162	0.33177
0.51896	0.38474	0.26616	0.49558	0.28914	0.37546	0.27818	0.36208
0.55413	0.41931	0.46359	0.33486	0.43437	0.31679	0.3638	0.47679
0.22801	0.22664	0.20766	0.20443	0.30176	0.25903	0.29289	0.22797
0.41545	0.41809	0.50258	0.4202	0.56189	0.43153	0.57701	0.48386
0.41326	0.36534	0.38479	0.41287	0.4488	0.52598	0.45745	0.43535
0.22217	0.29482	0.28076	0.23355	0.25578	0.29283	0.26351	0.34067
0.40243	0.3195	0.39884	0.32587	0.32072	0.22795	0.30101	0.27302
0.43196	0.42781	0.33943	0.36936	0.349	0.50568	0.35551	0.33512
0.29677	0.32991	0.33921	0.33558	0.2875	0.2566	0.39498	0.30857
0.39311	0.37091	0.27483	0.35806	0.49696	0.3405	0.54183	0.34275
0.29032	0.44534	0.26571	0.31002	0.38333	0.32813	0.26899	0.31261
0.71072	0.62314	0.69051	0.62395	0.48497	0.60052	0.54092	0.51323
0.42896	0.53139	0.37939	0.81904	0.74486	0.5798	0.53188	0.70077
0.26849	0.37183	0.35121	0.37169	0.28584	0.37694	0.34181	0.37724
0.39935	0.33765	0.39778	0.26079	0.20182	0.36014	0.3002	0.29713
0.51253	0.649	0.61668	0.4933	0.52752	0.51224	0.41568	0.59998
0.2492	0.3806	0.54092	0.38355	0.38616	0.39004	0.37667	0.31381
0.24779	0.2444	0.22569	0.2898	0.2582	0.25701	0.25378	0.24449
0.29258	0.34068	0.23279	0.38224	0.31522	0.29939	0.32615	0.30958
0.27204	0.37329	0.22953	0.33481	0.28229	0.27976	0.24909	0.31463
0.25215	0.2924	0.22153	0.30915	0.30556	0.35862	0.25966	0.32159
0.40396	0.34257	0.36615	0.3295	0.34942	0.24272	0.33539	0.23952
0.27449	0.3497	0.25955	0.34605	0.35261	0.39637	0.32418	0.34412
0.2254	0.32273	0.33504	0.29743	0.27261	0.32015	0.26363	0.25065
0.41338	0.48612	0.40172	0.43212	0.37073	0.34346	0.35983	0.32763
0.27344	0.36929	0.23805	0.21844	0.30162	0.30745	0.32097	0.27893
1.0774	0.78336	0.70487	0.42929	0.8277	0.55981	0.5172	0.52827
0.39284	0.30018	0.41906	0.3625	0.36044	0.33378	0.33413	0.33763
0.39679	0.48531	0.37896	0.37449	0.33409	0.45002	0.23238	0.41521
0.65839	0.42544	0.61031	0.43791	0.60754	0.33894	0.58942	0.5838
0.24159	0.51745	0.60238	0.50686	0.57197	0.48683	0.40746	0.48111
0.65124	0.7402	0.6261	0.56917	0.63033	0.59311	0.62931	0.47622
0.26339	0.25715	0.48743	0.43752	0.4761	0.44027	0.42815	0.43448
0.4185	0.5263	0.49574	0.36134	0.46362	0.34808	0.32209	0.355
0.29574	0.19393	0.28057	0.20378	0.26868	0.27911	0.17882	0.1989
0.29805	0.28997	0.31485	0.2792	0.38081	0.28344	0.36531	0.29088
0.37132	0.34758	0.40306	0.33634	0.35892	0.21072	0.2786	0.45031
0.47495	0.29547	0.31506	0.31509	0.33815	0.33009	0.30395	0.35739
0.37088	0.39988	0.35818	0.30824	0.35004	0.29841	0.25081	0.3184
0.25369	0.22561	0.27511	0.29319	0.33768	0.27288	0.32054	0.17001
0.18998	0.33234	0.44012	0.28415	0.27179	0.3341	0.2783	0.23839
0.27103	0.29908	0.35859	0.32211	0.29198	0.19957	0.29446	0.32599
0.37327	0.30501	0.28995	0.30321	0.34224	0.3421	0.36978	0.37528
0.41982	0.33374	0.23976	0.24356	0.3238	0.2343	0.25466	0.35703
0.36597	0.27267	0.32387	0.27675	0.33699	0.27647	0.23431	0.3373
0.45605	0.47605	0.49895	0.40517	0.3953	0.39092	0.38363	0.3992
0.20756	0.31872	0.38262	0.33994	0.35851	0.42489	0.50509	0.35468
0.25092	0.23428	0.15564	0.20267	0.17234	0.27321	0.17579	0.18357
0.25405	0.20441	0.26292	0.23571	0.33197	0.27216	0.2524	0.30309
0.44163	0.42674	0.37523	0.61549	0.40827	0.42098	0.37925	0.30564
0.29092	0.3806	0.22589	0.30034	0.34372	0.42174	0.29601	0.30076
0.26905	0.33301	0.36058	0.16897	0.27449	0.35342	0.29173	0.29627
1.391	1.077	1.367	0.98609	1.1398	1.045	1.2611	1.1944
0.55206	0.78732	0.73804	0.59848	0.51644	0.42272	0.50554	0.51615
0.37164	0.40695	0.34346	0.32856	0.27602	0.43025	0.34538	0.24687
0.46632	0.47523	0.41287	0.34607	0.44794	0.4113	0.39313	0.43907
0.335	0.38684	0.29766	0.2768	0.34132	0.33744	0.29715	0.33344
0.30079	0.26428	0.32513	0.31341	0.21354	0.33963	0.43522	0.23808
0.14328	0.4199	0.29133	0.3552	0.36059	0.3998	0.21633	0.33582
0.74672	0.72475	0.51891	0.88603	1.0485	0.76346	0.8054	0.60257
0.41587	0.36617	0.29141	0.2911	0.2739	0.35023	0.30582	0.32613
0.27324	0.34207	0.46859	0.23379	0.4481	0.38768	0.40322	0.27049
0.26083	0.39637	0.44339	0.34505	0.30112	0.37524	0.42227	0.36139
0.35546	0.38371	0.31249	0.35358	0.35941	0.37809	0.3526	0.32887
0.33561	0.56901	0.63817	0.34168	0.57968	0.47348	0.43205	0.39932
0.35556	0.35661	0.23624	0.40687	0.22399	0.30412	0.31167	0.35942
0.37213	0.37218	0.34891	0.29373	0.30428	0.35791	0.27051	0.32205
0.49336	0.38956	0.3962	0.35799	0.32411	0.33034	0.37129	0.35696
0.293	0.39963	0.32475	0.45022	0.39495	0.34263	0.33823	0.16763
0.64054	0.81147	0.88624	0.72127	0.68397	0.72156	0.55216	0.72179
0.21503	0.4696	0.27965	0.33514	0.53391	0.39758	0.3863	0.36973
0.30932	0.36385	0.32438	0.38121	0.27714	0.37534	0.28748	0.21816
0.31978	0.43344	0.2783	0.26223	0.34774	0.27	0.45228	0.2593
0.25682	0.32015	0.37867	0.30127	0.30713	0.35823	0.23381	0.33593
0.27245	0.3058	0.27975	0.31824	0.39369	0.39734	0.29085	0.27339
0.32569	0.33646	0.41485	0.34047	0.35021	0.42495	0.26226	0.24943
0.35451	0.35616	0.31606	0.35305	0.30015	0.38828	0.27134	0.33601
0.26477	0.25945	0.32683	0.28564	0.30208	0.34264	0.25482	0.26979
0.95942	0.70911	0.78929	0.89312	0.94844	0.90716	0.78809	0.63432
0.17722	0.33009	0.37718	0.28193	0.3396	0.31352	0.17459	0.30306
0.37257	0.24397	0.29173	0.3094	0.28789	0.36368	0.30029	0.35557
0.27961	0.29521	0.21798	0.25355	0.25861	0.21371	0.20376	0.19776
0.39635	0.35573	0.36869	0.35552	0.38438	0.3326	0.45947	0.22855
0.19767	0.28427	0.3379	0.255	0.40782	0.35831	0.3735	0.29287
0.35929	0.40306	0.37587	0.33095	0.37052	0.25445	0.27578	0.31267
0.37922	0.32825	0.31947	0.28672	0.48308	0.26039	0.3347	0.43772
0.33348	0.50227	0.37179	0.4136	0.38084	0.3106	0.41604	0.32545
0.39511	0.1819	0.33468	0.3502	0.38756	0.35778	0.39121	0.33935
0.34495	0.33174	0.41873	0.31995	0.4078	0.30783	0.42025	0.39761
0.40718	0.37534	0.37464	0.37231	0.38201	0.27662	0.45663	0.36555
0.32448	0.31074	0.32197	0.42884	0.44211	0.37543	0.34632	0.25752
0.34852	0.31258	0.37387	0.29991	0.43427	0.31095	0.29033	0.27926
0.43846	0.39112	0.26936	0.35541	0.39467	0.37525	0.29797	0.28051
0.24087	0.33249	0.44002	0.37586	0.29968	0.32486	0.2939	0.34763
0.37802	0.45106	0.41393	0.43542	0.50324	0.42529	0.51445	0.41557
0.46841	0.3789	0.39976	0.42719	0.5016	0.48074	0.34996	0.44763
0.21705	0.60363	0.69646	0.36082	0.42001	0.55449	0.47399	0.53839
0.41573	0.46982	0.55037	0.34224	0.43911	0.41722	0.4607	0.31009
0.55223	0.41671	0.50532	0.44491	0.44808	0.34648	0.48646	0.52755
0.20894	0.28275	0.23953	0.26954	0.31208	0.29792	0.24954	0.26861
0.38136	0.30557	0.32208	0.2725	0.28948	0.41696	0.31964	0.35739
0.22167	0.37047	0.2409	0.2965	0.31847	0.25009	0.36537	0.24993
0.42981	0.36884	0.27711	0.34406	0.34769	0.34554	0.33123	0.2527
0.73915	0.67829	0.61231	0.64474	0.55835	0.60456	0.65189	0.48385
0.37696	0.44483	0.46226	0.50989	0.33849	0.5444	0.43143	0.4274
0.34131	0.29116	0.19073	0.2843	0.32887	0.31569	0.42286	0.45653
0.25618	0.36812	0.34556	0.45757	0.31351	0.39334	0.34866	0.31493
0.26288	0.2398	0.24556	0.26733	0.28267	0.22681	0.22981	0.16683
0.43199	0.31312	0.3076	0.30825	0.25064	0.2684	0.2674	0.18459
0.28023	0.2737	0.39877	0.29077	0.24032	0.44426	0.38145	0.33627
0.3629	0.35925	0.38931	0.3617	0.40358	0.38772	0.39419	0.29151
0.35785	0.42565	0.37587	0.37296	0.30225	0.36866	0.36316	0.31559
0.34754	0.44621	0.33856	0.31568	0.35856	0.45805	0.36297	0.46088
0.18011	0.19972	0.19254	0.31955	0.37163	0.31009	0.37861	0.25658
0.36929	0.4118	0.3651	0.4023	0.5008	0.23611	0.46192	0.34224
0.36617	0.34069	0.37611	0.4526	0.40276	0.44873	0.36582	0.34036
0.31875	0.24358	0.26432	0.30238	0.34652	0.2783	0.36562	0.30617
0.23281	0.37959	0.47536	0.27829	0.30753	0.31751	0.3692	0.33997
0.21037	0.33697	0.33142	0.34203	0.32498	0.46732	0.27596	0.21548
0.44933	0.23993	0.40534	0.33011	0.36685	0.38352	0.33362	0.25023
0.34921	0.48436	0.43741	0.36697	0.46701	0.36499	0.26261	0.34743
0.22531	0.21276	0.3297	0.2132	0.25681	0.36813	0.29134	0.31658
0.30589	0.31451	0.28007	0.28873	0.36102	0.28866	0.31632	0.34919
0.25788	0.2181	0.23162	0.20504	0.23963	0.34468	0.36381	0.31434
0.26223	0.30663	0.38033	0.45884	0.36787	0.21405	0.3366	0.27618
0.37055	0.42015	0.38077	0.39751	0.32664	0.30777	0.37811	0.30798
0.49278	0.5114	0.4429	0.63015	0.24412	0.47325	0.41896	0.43423
0.50164	0.39648	0.43926	0.3336	0.36864	0.3971	0.46742	0.34445
0.47631	0.21693	0.31637	0.29691	0.28942	0.31809	0.31019	0.31621
0.29173	0.30649	0.29977	0.35609	0.29668	0.22008	0.27043	0.33518
0.26211	0.2573	0.24144	0.32039	0.3331	0.34691	0.26009	0.32178
0.37301	0.17123	0.2715	0.25697	0.23899	0.28559	0.24197	0.2691
0.30209	0.31363	0.31649	0.31318	0.3847	0.2646	0.33858	0.30854
0.44005	0.36132	0.33023	0.31403	0.27644	0.23702	0.23335	0.29592
0.22562	0.3249	0.24331	0.32216	0.48565	0.36998	0.31148	0.2749
0.29099	0.25826	0.33603	0.3351	0.33917	0.53395	0.30886	0.32971
0.3396	0.39644	0.42563	0.33245	0.29712	0.30164	0.32724	0.289
0.25909	0.19375	0.38517	0.29746	0.22543	0.20954	0.24148	0.17388
0.31246	0.31513	0.35452	0.35426	0.38775	0.32686	0.28839	0.25109
0.36339	0.35744	0.28282	0.30368	0.31199	0.17113	0.39475	0.29691
0.34994	0.35642	0.52774	0.37405	0.2812	0.35715	0.40288	0.2964
0.41689	0.47672	0.28413	0.34558	0.48074	0.358	0.40664	0.33526
0.68267	0.68022	0.63357	0.63726	0.64414	0.81953	0.45945	0.48871
0.33546	0.36312	0.36077	0.48593	0.40485	0.34264	0.3585	0.48169
0.71508	0.60679	0.49929	0.89289	0.47612	0.58247	0.53534	0.67907
0.30613	0.44485	0.40987	0.32573	0.45988	0.29884	0.34795	0.33222
0.41387	0.40242	0.27985	0.31735	0.36161	0.29606	0.36123	0.28564
0.5389	0.45927	0.62616	0.41423	0.44239	0.33342	0.49493	0.43119
0.43162	0.38168	0.42654	0.37021	0.3768	0.25261	0.35519	0.48719
0.2613	0.38014	0.30198	0.3452	0.42499	0.30866	0.33973	0.34279
0.34388	0.34411	0.44134	0.38845	0.26761	0.30986	0.34678	0.50601
0.5372	0.34988	0.4292	0.45555	0.37214	0.35011	0.42581	0.47249
0.31414	0.33337	0.34653	0.32129	0.35965	0.40245	0.39938	0.32122
0.54435	0.59791	0.60198	0.39073	0.42745	0.66541	0.54468	0.50488
0.29835	0.27064	0.27777	0.31816	0.4385	0.3447	0.26875	0.25561
0.23767	0.27145	0.25485	0.37758	0.3433	0.21752	0.32522	0.31382
0.31635	0.3527	0.2962	0.44942	0.302	0.31006	0.33465	0.34166
0.46048	0.54519	0.41534	0.42623	0.43519	0.28126	0.35977	0.42374
0.25581	0.40632	0.34524	0.35279	0.31249	0.34179	0.19724	0.24574
0.25862	0.23319	0.27976	0.28504	0.34008	0.28731	0.36197	0.3161
0.20769	0.2864	0.35416	0.37666	0.33122	0.27496	0.36946	0.27965
0.23817	0.29693	0.2701	0.26777	0.28803	0.22669	0.23315	0.22682
0.41251	0.5111	0.38329	0.50625	0.37949	0.3449	0.40042	0.42278
0.28263	0.34216	0.34512	0.26153	0.26023	0.24552	0.35623	0.3138
0.69276	0.42327	0.54115	0.39866	0.51626	0.46005	0.56694	0.51848
0.23556	0.43802	0.39058	0.40956	0.35455	0.28739	0.28473	0.46115
0.35759	0.38951	0.34055	0.37	0.48207	0.39463	0.36872	0.43059
0.24629	0.30706	0.29101	0.32147	0.37362	0.26848	0.25393	0.36057
0.2855	0.40585	0.38692	0.2523	0.47747	0.3599	0.39928	0.3143
0.23865	0.40701	0.43191	0.44053	0.33148	0.31811	0.30208	0.29591
0.46417	0.47357	0.48117	0.3105	0.59084	0.33818	0.37986	0.38986
0.25608	0.27697	0.29916	0.34245	0.30622	0.40821	0.25908	0.2907
0.71941	0.42	0.50947	0.42078	0.47904	0.46509	0.44309	0.4386
0.24654	0.48819	0.39206	0.30874	0.34448	0.4083	0.3846	0.31651
0.23862	0.2768	0.2971	0.37956	0.36919	0.3512	0.41892	0.28026
0.25949	0.33191	0.37398	0.30863	0.29183	0.32168	0.33555	0.26615
0.47129	0.36802	0.31244	0.30034	0.37838	0.3887	0.40015	0.29331
0.40783	0.44443	0.23794	0.29149	0.44979	0.46265	0.26981	0.37574
0.34779	0.49852	0.57454	0.38645	0.33782	0.50223	0.41827	0.40611
0.35504	0.25423	0.22912	0.30155	0.32006	0.22045	0.43434	0.35982
0.20656	0.18741	0.30347	0.31081	0.36549	0.26746	0.36456	0.38021
0.24759	0.33244	0.43197	0.39604	0.47922	0.29857	0.40401	0.24056
0.79294	0.48283	0.58827	0.64086	0.80827	0.54413	0.46333	0.67588
0.59212	0.31634	0.34604	0.39656	0.27945	0.34149	0.36595	0.35356
0.26504	0.29112	0.41172	0.32883	0.30471	0.31823	0.31724	0.26379
0.23843	0.34333	0.32973	0.32085	0.32209	0.37124	0.34972	0.34071
0.42205	0.34442	0.38298	0.2996	0.2695	0.35393	0.33213	0.39529
0.72108	0.59572	0.56862	0.43164	0.82481	0.55606	0.63464	0.50239
0.38411	0.4608	0.53041	0.4904	0.5131	0.60348	0.38757	0.4603
0.30739	0.26029	0.41187	0.2796	0.32197	0.28047	0.31268	0.29667
0.59819	0.25931	0.34748	0.26477	0.34545	0.37262	0.37972	0.30236
0.35535	0.36831	0.5042	0.47254	0.44745	0.40644	0.26568	0.45817
0.36991	0.32914	0.36229	0.33385	0.31096	0.40295	0.30873	0.1825
0.26407	0.31505	0.2818	0.3024	0.30212	0.27759	0.23066	0.23843
0.17615	0.24632	0.24158	0.25787	0.21456	0.31324	0.20925	0.33735
0.38152	0.54671	0.37726	0.4021	0.39337	0.4413	0.50251	0.44281
0.2085	0.27564	0.29672	0.26098	0.25375	0.20801	0.31111	0.17399
0.35743	0.28346	0.35327	0.43884	0.28222	0.30771	0.34512	0.31585
0.23745	0.37728	0.37527	0.35378	0.29357	0.27625	0.29962	0.27337
0.24333	0.50211	0.2782	0.31329	0.44672	0.32847	0.29749	0.35131
0.67346	0.53473	0.53495	0.54463	0.78526	0.36876	0.5323	0.38439
0.32463	0.32726	0.39853	0.54897	0.35515	0.32648	0.52325	0.41806
0.43217	0.27181	0.32113	0.27374	0.30141	0.24667	0.36638	0.33436
0.43552	0.39056	0.28575	0.24062	0.25452	0.31988	0.34953	0.35141
0.68912	0.4261	0.52168	0.46707	0.43374	0.4079	0.3791	0.57733
0.51278	0.43382	0.38616	0.49029	0.41896	0.45742	0.37833	0.38736
0.42722	0.43704	0.44385	0.43177	0.37696	0.47154	0.46818	0.4049
0.39026	0.3817	0.41767	0.43185	0.44537	0.42596	0.32478	0.35435
0.36017	0.35638	0.49132	0.41263	0.53854	0.27555	0.33134	0.26553
0.32808	0.20725	0.18971	0.21978	0.26856	0.27863	0.22879	0.28285
0.34883	0.42349	0.32204	0.46742	0.43303	0.33425	0.30635	0.35717
0.46424	0.39131	0.31804	0.41244	0.38121	0.31997	0.35887	0.3042
0.30826	0.34173	0.47717	0.40653	0.32104	0.29468	0.34681	0.31143
0.40376	0.35984	0.4371	0.3259	0.35307	0.29432	0.37339	0.33247
0.27881	0.32074	0.5137	0.43354	0.3551	0.39694	0.38497	0.29253
0.26978	0.52398	0.3945	0.38942	0.40656	0.39735	0.47394	0.46284
0.75632	0.42975	0.54546	0.51507	0.50516	0.53693	0.5069	0.62856
0.30791	0.43636	0.3814	0.43662	0.58886	0.35757	0.36293	0.49095
0.35526	0.3897	0.42429	0.41489	0.27576	0.28562	0.27855	0.32413
0.76292	0.46922	0.36072	0.48231	0.38431	0.43334	0.31106	0.51811
0.2135	0.35171	0.27938	0.26962	0.31125	0.33409	0.31007	0.30601
0.1469	0.31861	0.25191	0.30174	0.31641	0.36399	0.24893	0.28056
0.34968	0.42691	0.38014	0.4541	0.45312	0.35385	0.46862	0.43982
0.33312	0.41644	0.25107	0.32883	0.35069	0.4384	0.35118	0.35834
0.25874	0.3199	0.30325	0.38503	0.28765	0.33842	0.29953	0.32681
0.42101	0.359	0.40954	0.31766	0.42653	0.39855	0.36695	0.50689
0.41612	0.35396	0.34736	0.50856	0.34452	0.35261	0.44233	0.36873
0.55659	0.66044	0.44592	0.41555	0.40568	0.47363	0.55434	0.40481
0.31687	0.30003	0.34653	0.31281	0.31117	0.23383	0.34527	0.39645
0.34163	0.46643	0.34081	0.29694	0.41477	0.25065	0.22559	0.23347
0.6271	0.39947	0.60254	0.59238	0.60293	0.4369	0.47548	0.57638
0.35927	0.49282	0.4023	0.30238	0.40559	0.30671	0.35564	0.46933
0.23229	0.2244	0.25156	0.27296	0.3683	0.26593	0.25776	0.28567
0.26912	0.26029	0.2964	0.1413	0.20552	0.22092	0.29421	0.24921
0.31919	0.40565	0.27504	0.46077	0.277	0.34955	0.35515	0.35308
0.37989	0.32631	0.33962	0.37585	0.36201	0.3614	0.35702	0.34831
0.24359	0.28064	0.28128	0.26797	0.31672	0.31217	0.36758	0.27314
0.28192	0.40562	0.25374	0.33426	0.3488	0.38186	0.27936	0.41079
0.42581	0.38805	0.32112	0.32925	0.25657	0.42058	0.29655	0.26191
0.35753	0.45766	0.39002	0.43834	0.54905	0.31826	0.40153	0.38167
0.3888	0.34423	0.30703	0.42434	0.32722	0.36973	0.27805	0.26912
0.34261	0.43681	0.42221	0.42255	0.33328	0.30424	0.39982	0.34925
0.47068	0.46517	0.42767	0.53689	0.44193	0.44802	0.42405	0.4182
0.39311	0.36512	0.38539	0.4094	0.42174	0.24974	0.32593	0.38228
0.35544	0.36895	0.36842	0.2153	0.17272	0.29382	0.3435	0.21387
0.2956	0.31535	0.33696	0.36346	0.25336	0.35175	0.35093	0.38524
0.31767	0.26442	0.32214	0.29898	0.36365	0.24765	0.36579	0.32201
0.44025	0.39844	0.35786	0.22602	0.31752	0.27867	0.35547	0.2279
0.41254	0.41916	0.34432	0.44483	0.38687	0.31829	0.41657	0.4499
0.37149	0.30273	0.24989	0.39965	0.3841	0.28594	0.30565	0.30274
0.34391	0.36004	0.27535	0.30198	0.3796	0.37691	0.35555	0.32837
0.54083	0.42161	0.33253	0.36167	0.38417	0.36175	0.32747	0.40352
0.18619	0.33491	0.23622	0.34314	0.27285	0.33616	0.18241	0.32301
0.3415	0.3283	0.29273	0.3494	0.39442	0.30874	0.29059	0.4215
0.60297	0.55501	0.66537	0.66111	0.58209	0.6425	0.50011	0.58294
0.59488	0.49424	0.46674	0.62915	0.53582	0.54405	0.61851	0.81915
0.20062	0.39511	0.35518	0.44891	0.36861	0.37007	0.40444	0.33315
0.4781	0.36408	0.407	0.45625	0.30375	0.21268	0.30106	0.36423
0.31707	0.50966	0.3628	0.41175	0.27018	0.36613	0.40785	0.2968
0.56413	0.51363	0.41771	0.53562	0.393	0.48877	0.42003	0.45393
0.2338	0.38083	0.38862	0.1886	0.24842	0.32504	0.35919	0.39071
0.33957	0.35775	0.37393	0.41166	0.23008	0.28566	0.33669	0.29741
0.48231	0.31247	0.31675	0.32091	0.27805	0.29713	0.43732	0.43646
0.32257	0.44512	0.37768	0.37347	0.36533	0.35523	0.3905	0.41575
0.4619	0.57057	0.44889	0.49589	0.3686	0.38937	0.4087	0.32023
0.22191	0.28617	0.2832	0.34457	0.33988	0.40282	0.21367	0.34793
0.34095	0.36561	0.36822	0.33772	0.32128	0.40355	0.31639	0.31615
0.2704	0.38089	0.37579	0.38109	0.26644	0.29871	0.34455	0.4117
0.50019	0.40567	0.47531	0.60816	0.28368	0.39061	0.31923	0.39413
0.31638	0.24478	0.43889	0.26649	0.3081	0.31328	0.37951	0.18474
0.19044	0.32557	0.29452	0.20964	0.2909	0.26736	0.28443	0.21494
0.37972	0.38054	0.27848	0.2956	0.25468	0.24399	0.23471	0.24166
0.37505	0.32213	0.22685	0.31027	0.30032	0.30688	0.29187	0.27626
0.16785	0.26754	0.2513	0.2523	0.25283	0.22825	0.26531	0.32478
0.35738	0.29007	0.2523	0.30812	0.25419	0.25769	0.24539	0.28021
0.34619	0.33504	0.30262	0.33527	0.20444	0.38019	0.28952	0.30523
0.34082	0.34776	0.38905	0.28028	0.33386	0.2978	0.23976	0.27191
0.35938	0.31408	0.38063	0.33028	0.3249	0.2954	0.37974	0.50156
0.74978	0.64474	0.80436	0.69038	0.65833	0.77712	0.64878	0.60485
0.25673	0.29412	0.3519	0.30211	0.27712	0.33081	0.34925	0.3685
0.35747	0.33027	0.38173	0.25433	0.34757	0.29108	0.31961	0.35443
0.51573	0.4803	0.459	0.67978	0.3973	0.44636	0.33373	0.33041
0.36768	0.35816	0.33464	0.41392	0.34579	0.42665	0.45787	0.51567
0.28458	0.39543	0.3296	0.34946	0.37098	0.28394	0.48034	0.28239
0.27966	0.28317	0.40606	0.34315	0.32615	0.30661	0.31378	0.24631
0.2836	0.27508	0.35649	0.34835	0.32036	0.34308	0.33458	0.21486
0.38705	0.35653	0.34607	0.45852	0.34644	0.30789	0.30779	0.30032
0.39226	0.37002	0.30842	0.3468	0.271	0.34039	0.27043	0.3353
0.22318	0.23809	0.24171	0.27249	0.23331	0.21196	0.25993	0.36123
0.57145	0.31887	0.32723	0.62987	0.32893	0.39737	0.33835	0.40347
0.73008	0.60073	1.0191	0.85624	0.73729	0.82901	1	0.76886
1.1894	0.57826	0.83329	0.6534	0.64614	0.67779	0.65258	0.94993
0.36386	0.37222	0.40311	0.33025	0.30875	0.27404	0.35824	0.44925
0.26132	0.28809	0.30627	0.3116	0.36067	0.33618	0.30306	0.24442
0.2631	0.37859	0.28831	0.29789	0.31213	0.24778	0.27063	0.24072
0.46719	0.38884	0.31978	0.37039	0.27321	0.37817	0.44518	0.36792
0.34502	0.39117	0.28766	0.35949	0.30059	0.32848	0.31703	0.36492
0.61365	0.36436	0.35349	0.33375	0.40726	0.41239	0.4356	0.36971
0.36438	0.61991	0.401	0.32931	0.3664	0.42511	0.43597	0.36195
0.30623	0.36091	0.28619	0.26261	0.2673	0.31672	0.33476	0.31103
0.88564	0.94965	0.76625	0.82767	0.52079	0.70339	0.81811	0.62884
0.35427	0.33957	0.3471	0.34367	0.29755	0.38533	0.31419	0.27244
0.53252	0.3866	0.38657	0.45905	0.31572	0.26311	0.24773	0.3235
0.32714	0.33913	0.35644	0.46388	0.43024	0.3209	0.36832	0.31904
0.46831	0.42179	0.34376	0.37367	0.35566	0.34743	0.34218	0.23617
0.25294	0.26672	0.30071	0.1804	0.22482	0.27108	0.27787	0.24265
0.43769	0.2884	0.38373	0.3806	0.40025	0.36307	0.30986	0.30934
0.37013	0.34154	0.27475	0.34936	0.31206	0.30524	0.41676	0.23649
0.41726	0.41009	0.37276	0.45357	0.41452	0.33633	0.3967	0.46991
0.42981	0.37982	0.25589	0.36676	0.30306	0.38817	0.36844	0.40704
0.3391	0.36044	0.26978	0.30706	0.31766	0.30701	0.45298	0.35293
0.39626	0.28925	0.37256	0.37972	0.27652	0.40105	0.31669	0.34475
0.32328	0.30288	0.30136	0.38848	0.31144	0.37316	0.32803	0.32791
0.46712	0.49642	0.3573	0.24642	0.44745	0.35712	0.35801	0.32489
0.38312	0.43439	0.379	0.3866	0.39829	0.34526	0.4112	0.31144
0.32677	0.28629	0.26934	0.35516	0.40285	0.44581	0.40896	0.58647
0.346	0.35594	0.35388	0.53805	0.37064	0.4836	0.33236	0.31086
0.31422	0.42975	0.28499	0.24871	0.3907	0.35171	0.388	0.34042
0.38918	0.31107	0.24824	0.2057	0.36011	0.46272	0.34218	0.30286
0.43557	0.46456	0.449	0.45208	0.44969	0.44877	0.4142	0.54862
0.36498	0.3304	0.44861	0.32193	0.31278	0.34049	0.28238	0.36267
0.26773	0.30894	0.27163	0.39752	0.2191	0.3588	0.32005	0.32492
0.33067	0.372	0.34494	0.31105	0.36545	0.27242	0.43825	0.3065
0.30289	0.28902	0.30804	0.42978	0.36588	0.37661	0.35851	0.42427
0.25953	0.36603	0.48088	0.37549	0.32704	0.30861	0.39478	0.25085
0.15071	0.29034	0.37305	0.25957	0.35437	0.3812	0.33257	0.31233
0.26104	0.22476	0.32121	0.30705	0.28854	0.29876	0.35728	0.22112
0.22553	0.3724	0.19408	0.3031	0.28126	0.31341	0.3705	0.26638
0.32248	0.30794	0.3841	0.35435	0.31766	0.41622	0.31167	0.26346
0.42416	0.3612	0.29491	0.29576	0.34815	0.30137	0.35886	0.43716
0.34431	0.34133	0.48166	0.33016	0.39008	0.32924	0.45616	0.40668
0.27243	0.34881	0.34935	0.33912	0.33197	0.26651	0.36409	0.35417
0.55243	0.37195	0.34964	0.46778	0.47232	0.46258	0.38815	0.45168
0.42177	0.41635	0.33447	0.31547	0.41642	0.3788	0.38902	0.34435
0.78166	0.31981	0.3808	0.59237	0.48027	0.51701	0.40787	0.44952
0.28864	0.41483	0.35873	0.3319	0.36621	0.33393	0.33456	0.3597
0.43323	0.41015	0.45666	0.38599	0.4673	0.40621	0.45361	0.44884
0.26555	0.30016	0.28924	0.29523	0.33142	0.25777	0.23899	0.40413
0.30161	0.46548	0.2762	0.43638	0.34135	0.29668	0.316	0.2641
0.42725	0.37929	0.43499	0.28563	0.38547	0.34583	0.35307	0.34658
0.44128	0.39887	0.43186	0.31864	0.4995	0.29631	0.46812	0.40467
0.22699	0.34493	0.2593	0.42664	0.42096	0.33847	0.28833	0.32651
0.55659	0.3309	0.30461	0.39229	0.38135	0.25262	0.31136	0.30503
0.26265	0.28467	0.42198	0.21005	0.26106	0.35685	0.34121	0.34999
0.34094	0.29836	0.23426	0.24522	0.28989	0.29062	0.28297	0.21949
0.23441	0.33255	0.21921	0.30473	0.26406	0.34066	0.31247	0.28373
0.36068	0.33858	0.3098	0.31715	0.23847	0.2624	0.30201	0.29507
0.49554	0.37295	0.43987	0.28521	0.33375	0.3812	0.39144	0.31972
0.31976	0.29996	0.33093	0.33823	0.37148	0.33918	0.35529	0.34029
0.38826	0.41765	0.30055	0.38523	0.42906	0.38672	0.43051	0.35479
0.35017	0.27929	0.24604	0.25341	0.23287	0.27724	0.21633	0.22679
0.31073	0.26214	0.29029	0.21679	0.32972	0.24361	0.2822	0.21661
0.32462	0.37441	0.31895	0.38495	0.27276	0.40369	0.2483	0.3743
0.35649	0.48332	0.40161	0.38786	0.32356	0.41854	0.49553	0.37151
0.39431	0.4104	0.3994	0.30721	0.40329	0.38068	0.37073	0.54554
0.24309	0.409	0.33132	0.34792	0.32261	0.47496	0.28886	0.21785
0.39168	0.35889	0.33571	0.41296	0.47073	0.46013	0.40284	0.31011
0.30122	0.34444	0.3325	0.234	0.2387	0.28031	0.29678	0.32989
0.34501	0.39831	0.37766	0.28474	0.31502	0.25572	0.2853	0.26882
0.45138	0.31447	0.32064	0.25719	0.31098	0.39788	0.25311	0.28169
0.45634	0.52025	0.48646	0.63775	0.68496	0.40919	0.50745	0.44471
0.31979	0.32579	0.27969	0.42981	0.39172	0.25797	0.35906	0.22156
0.34899	0.40165	0.36036	0.45115	0.33478	0.38461	0.29133	0.33836
0.66031	0.46595	0.44474	0.51093	0.48994	0.44105	0.46653	0.48329
0.26304	0.41074	0.40197	0.34545	0.30982	0.30088	0.30385	0.27702
0.59777	0.42619	0.4538	0.33109	0.37722	0.36018	0.44245	0.40577
0.3661	0.37988	0.35265	0.37877	0.31465	0.3204	0.35058	0.33151
0.45689	0.42297	0.39224	0.47362	0.46887	0.36448	0.36205	0.26091
0.3983	0.3217	0.28997	0.36601	0.31943	0.51796	0.512	0.3372
0.39937	0.35708	0.36931	0.44576	0.40798	0.49345	0.42105	0.33488
0.54258	0.6225	0.4845	0.63845	0.40072	0.3795	0.39277	0.3866
0.37075	0.32725	0.37772	0.41601	0.25834	0.38618	0.32223	0.30956
0.22885	0.31104	0.2796	0.27145	0.32849	0.25022	0.32485	0.26933
0.23031	0.27752	0.24386	0.27144	0.23022	0.25805	0.23311	0.26657
0.2901	0.24602	0.32047	0.3232	0.34594	0.53612	0.28168	0.26492
0.30871	0.37546	0.35086	0.34115	0.34684	0.33147	0.40479	0.33389
0.28543	0.29597	0.32205	0.28037	0.36679	0.30113	0.36424	0.24961
0.23103	0.33868	0.28646	0.26164	0.25468	0.25203	0.28	0.39134
0.34242	0.31147	0.25342	0.43999	0.409	0.28723	0.45459	0.29203
0.29407	0.41109	0.51857	0.42389	0.37902	0.37314	0.64157	0.31968
0.47082	0.28178	0.35765	0.26122	0.31775	0.30573	0.34075	0.19069
0.32343	0.27848	0.31704	0.34372	0.3324	0.25663	0.29843	0.32083
0.56616	0.51056	0.39475	0.57347	0.7022	0.33952	0.35205	0.60442
0.17698	0.2806	0.20855	0.27871	0.25584	0.14566	0.22235	0.18743
0.39933	0.31317	0.25598	0.31702	0.31745	0.43691	0.37311	0.26663
0.24914	0.27546	0.35952	0.45753	0.31443	0.33837	0.36679	0.28245
0.47731	0.53103	0.69283	0.58185	0.51218	0.51047	0.56745	0.52743
0.29405	0.24398	0.23789	0.28997	0.21411	0.20747	0.25079	0.25933
0.31175	0.44378	0.36287	0.41424	0.34725	0.32195	0.48049	0.34197
0.38005	0.40346	0.39263	0.39031	0.36894	0.40648	0.28853	0.32037
0.32153	0.2743	0.26517	0.31705	0.29011	0.34839	0.35314	0.3096
0.22526	0.37452	0.26611	0.20721	0.28566	0.34033	0.43227	0.35802
0.43061	0.31231	0.3105	0.34938	0.39082	0.39604	0.3257	0.33894
0.4137	0.41287	0.44767	0.3319	0.4208	0.32302	0.4115	0.31789
0.36176	0.40597	0.36146	0.3704	0.30396	0.37446	0.18085	0.29018
0.21414	0.26655	0.35082	0.33054	0.32901	0.34973	0.38614	0.19342
0.53451	0.60991	0.46897	0.5475	0.44008	0.38136	0.4077	0.40631
0.35081	0.26873	0.24911	0.29438	0.32576	0.21155	0.29372	0.25486
0.31472	0.45474	0.5066	0.33877	0.37109	0.36621	0.35148	0.28643
0.55659	0.50448	0.35126	0.51461	0.34535	0.46929	0.3409	0.48429
0.33779	0.49161	0.37404	0.42956	0.48883	0.55591	0.4965	0.39489
0.34416	0.21608	0.33604	0.36486	0.31257	0.25221	0.24151	0.35195
0.42771	0.46728	0.36958	0.50981	0.36346	0.37963	0.44764	0.44397
0.37968	0.5818	0.29948	0.57331	0.33454	0.38708	0.23246	0.35821
0.42993	0.25559	0.41195	0.2513	0.40559	0.27225	0.27209	0.28046
0.34508	0.28774	0.2506	0.35557	0.26448	0.30526	0.32178	0.33519
0.2215	0.33631	0.41858	0.3039	0.44809	0.38477	0.35181	0.39443
0.34073	0.45187	0.43409	0.517	0.49012	0.36424	0.43158	0.40496
0.16596	0.27985	0.2812	0.2872	0.31574	0.42942	0.38365	0.26064
0.33469	0.43029	0.31407	0.3101	0.26034	0.31151	0.38514	0.232
0.49187	0.695	0.50192	0.5082	0.40468	0.64808	0.48551	0.52895
0.35246	0.30283	0.22007	0.31574	0.26625	0.29564	0.30616	0.28513
0.36288	0.35855	0.37106	0.33157	0.4336	0.43662	0.31622	0.32546
1.0887	0.87509	0.84979	1.0622	0.87741	0.94247	0.79139	1.0982
0.33805	0.26969	0.30714	0.26401	0.34728	0.36002	0.39352	0.44079
0.27394	0.27749	0.39324	0.36049	0.28808	0.30831	0.43138	0.27198
0.21531	0.29785	0.28605	0.21518	0.22217	0.27897	0.40241	0.29263
0.40205	0.60554	0.47176	0.5509	0.43112	0.42147	0.37702	0.488
0.29313	0.42491	0.37341	0.33659	0.30045	0.31591	0.29572	0.19508
0.45834	0.4088	0.50386	0.33264	0.36553	0.49592	0.44302	0.30144
0.46356	0.39458	0.51763	0.39836	0.53733	0.23977	0.3541	0.32896
0.52665	0.44699	0.47012	0.41585	0.49646	0.46937	0.40074	0.48433
0.44086	0.65898	0.75384	0.58144	0.52599	0.59174	0.66325	0.53364
0.30451	0.28377	0.31764	0.33923	0.37689	0.38582	0.33211	0.357
0.27627	0.23028	0.35244	0.2054	0.23215	0.31244	0.30099	0.36206
0.36416	0.4182	0.42547	0.37577	0.35314	0.36355	0.31983	0.36807
0.43801	0.32336	0.29919	0.32689	0.35963	0.25418	0.30671	0.23567
0.34047	0.37452	0.24265	0.45995	0.38126	0.39443	0.30903	0.31361
0.53522	0.53244	0.38871	0.4438	0.44759	0.38456	0.50053	0.3466
0.32005	0.43325	0.34796	0.53248	0.32436	0.40421	0.37326	0.36331
0.21728	0.42889	0.31644	0.31433	0.41155	0.33155	0.35233	0.33239
0.32425	0.42725	0.48896	0.44354	0.48042	0.46387	0.30298	0.36927
0.34587	0.27546	0.31808	0.4344	0.38825	0.45488	0.45956	0.19935
0.30635	0.32271	0.31693	0.34544	0.35612	0.31962	0.27013	0.29299
0.8435	0.75072	0.66281	0.58584	0.76023	0.60384	0.57176	0.48755
0.28869	0.21692	0.28326	0.34073	0.38686	0.2853	0.28359	0.26179
0.4202	0.36653	0.44554	0.34163	0.38533	0.30048	0.3725	0.3405
0.46829	0.30799	0.44573	0.50397	0.46946	0.34629	0.33384	0.28143
0.3011	0.3137	0.34862	0.31687	0.34505	0.40139	0.45087	0.37355
0.34241	0.31445	0.27664	0.36112	0.32807	0.40171	0.36223	0.40728
0.37257	0.35604	0.33772	0.38375	0.22919	0.23278	0.34539	0.30511
0.34011	0.408	0.33574	0.35179	0.32551	0.29238	0.2681	0.32826
0.33453	0.31228	0.3586	0.41603	0.36346	0.39544	0.32108	0.26861
0.30682	0.29896	0.24575	0.33026	0.25187	0.32162	0.31117	0.32996
0.27914	0.28669	0.39454	0.25587	0.32384	0.38298	0.34498	0.29812
0.2455	0.18515	0.30538	0.34481	0.35879	0.25194	0.34811	0.36575
0.34136	0.41058	0.35517	0.35906	0.44136	0.21815	0.3672	0.50612
0.54985	0.45673	0.26581	0.3242	0.41664	0.30586	0.39313	0.3669
0.35338	0.34329	0.37775	0.42006	0.29929	0.34469	0.25556	0.39772
0.37592	0.34791	0.24948	0.26918	0.24298	0.37959	0.31597	0.24298
0.27023	0.41074	0.33941	0.41144	0.334	0.28664	0.27402	0.29085
0.33091	0.1982	0.21697	0.26119	0.21318	0.31823	0.36711	0.21045
0.30381	0.52327	0.48898	0.43418	0.41558	0.30268	0.33128	0.3081
0.39064	0.35809	0.39058	0.38531	0.3449	0.38348	0.35178	0.43971
0.36975	0.49404	0.36875	0.35054	0.3588	0.38672	0.33793	0.34017
0.55674	0.64014	0.56421	0.34667	0.33612	0.39658	0.31847	0.47577
0.52402	0.55564	0.59907	0.52295	0.69139	0.45204	0.45623	0.58152
0.6779	0.43435	0.49013	0.49179	0.75445	0.86111	0.66139	0.56328
0.25813	0.31169	0.26675	0.2835	0.23397	0.30663	0.27479	0.26084
0.42913	0.33038	0.40549	0.37773	0.44009	0.46545	0.39194	0.32018
0.23061	0.35902	0.31442	0.34637	0.3127	0.33449	0.34401	0.40902
0.48926	0.34856	0.48698	0.48352	0.40924	0.53329	0.43143	0.57588
0.56298	0.21437	0.42352	0.36071	0.3401	0.40163	0.46012	0.43863
0.43617	0.4975	0.44155	0.34827	0.32772	0.3645	0.40407	0.24709
0.32266	0.27681	0.31524	0.25983	0.20449	0.29428	0.22233	0.21789
0.91312	0.62031	0.64525	0.76749	0.68199	0.60993	0.70163	0.55982
0.37376	0.24758	0.25977	0.23436	0.23998	0.24153	0.26927	0.26111
0.3662	0.30974	0.34471	0.25388	0.27255	0.37353	0.33099	0.23986
0.31038	0.30102	0.6156	0.46354	0.37576	0.40349	0.31294	0.33998
0.26982	0.34048	0.30015	0.37011	0.38359	0.3894	0.3433	0.21947
0.35321	0.35378	0.26068	0.45962	0.3399	0.3983	0.32594	0.2872
0.23578	0.31681	0.36713	0.37531	0.39081	0.35605	0.45024	0.31737
0.75312	1.0838	0.66298	1.1278	0.83258	0.98473	0.89508	1.011
0.28994	0.32162	0.31551	0.34565	0.2893	0.27981	0.22559	0.18542
0.22598	0.43095	0.51717	0.31847	0.31731	0.24749	0.25745	0.29727
0.45217	0.3875	0.2235	0.36014	0.44232	0.265	0.32927	0.31193
0.4982	0.51529	0.44671	0.48831	0.49109	0.48519	0.56209	0.36052
0.40433	0.25082	0.28435	0.21657	0.28238	0.23631	0.26446	0.28467
0.50183	0.47874	0.50422	0.50384	0.63586	0.5055	0.5338	0.57163
0.48745	0.46063	0.51243	0.49507	0.50288	0.34849	0.45724	0.40704
0.32879	0.31521	0.30655	0.30037	0.36073	0.3706	0.37441	0.32772
0.47783	0.35248	0.36945	0.41281	0.34484	0.35027	0.469	0.28142
0.33938	0.44592	0.22017	0.28494	0.22055	0.3233	0.31279	0.33379
0.30326	0.18092	0.26905	0.46395	0.33096	0.2369	0.27147	0.45186
0.33207	0.34043	0.22107	0.2606	0.29666	0.27382	0.2473	0.2538
0.2515	0.40856	0.31689	0.32334	0.3565	0.27709	0.34898	0.27853
0.46757	0.3903	0.40324	0.45077	0.3659	0.36053	0.35173	0.38514
0.27252	0.48107	0.47224	0.39926	0.32899	0.37601	0.37131	0.4763
0.40297	0.39819	0.5733	0.31917	0.32254	0.34214	0.40798	0.31238
0.16514	0.20049	0.26178	0.26896	0.29788	0.24139	0.26672	0.19649
0.40241	0.45585	0.2888	0.38717	0.24864	0.31571	0.32503	0.29518
0.26271	0.30295	0.33156	0.3153	0.23025	0.25577	0.28631	0.29646
0.24707	0.32507	0.28199	0.26347	0.32629	0.27093	0.37111	0.2463
0.32693	0.49423	0.20533	0.45842	0.3453	0.32252	0.4941	0.27475
0.35658	0.20985	0.28737	0.26168	0.34269	0.32481	0.27254	0.24665
0.23168	0.26378	0.30842	0.28849	0.30046	0.24435	0.23469	0.27411
0.34159	0.20379	0.34753	0.25877	0.30645	0.33214	0.30597	0.24355
0.26569	0.37499	0.25077	0.43121	0.30196	0.24661	0.34032	0.32833
0.33012	0.38261	0.31783	0.46006	0.41763	0.3921	0.21014	0.45727
0.38188	0.41404	0.35497	0.29337	0.34317	0.26357	0.28609	0.34174
0.59174	0.42778	0.47371	0.45959	0.33615	0.4244	0.40217	0.42289
0.37164	0.40107	0.33854	0.44734	0.48018	0.33776	0.51512	0.34776
0.34179	0.3182	0.41814	0.42184	0.28707	0.47813	0.35122	0.32275
0.28127	0.29633	0.25194	0.35615	0.30032	0.32793	0.31182	0.28979
0.30117	0.31537	0.30867	0.25157	0.28645	0.26574	0.37736	0.27151
0.29742	0.33721	0.4162	0.23506	0.30617	0.49278	0.34471	0.29293
0.40587	0.38267	0.33087	0.31522	0.3561	0.31312	0.2994	0.33127
0.39416	0.44126	0.38171	0.45296	0.37353	0.27118	0.31335	0.37649
0.33585	0.2165	0.31663	0.29219	0.30926	0.28227	0.31084	0.20461
0.28699	0.36712	0.31605	0.3136	0.29904	0.33093	0.30897	0.38849
0.26591	0.42622	0.348	0.27437	0.32617	0.36313	0.28339	0.33477
0.2234	0.27478	0.30649	0.37008	0.17759	0.35466	0.29581	0.23234
0.27481	0.48845	0.34631	0.37424	0.29655	0.4525	0.26626	0.18649
0.24609	0.32001	0.33239	0.27385	0.31665	0.33655	0.38919	0.35847
0.36983	0.37435	0.50545	0.43907	0.31071	0.28853	0.346	0.30937
0.2931	0.20852	0.35536	0.25099	0.30019	0.28206	0.29384	0.17064
0.28853	0.2093	0.42297	0.3395	0.25787	0.3427	0.37737	0.28937
0.31844	0.30117	0.32154	0.32199	0.29575	0.26501	0.33399	0.27915
0.43658	0.38661	0.42607	0.41641	0.38164	0.34095	0.25476	0.36148
0.31457	0.30889	0.27347	0.24553	0.28391	0.27806	0.30825	0.36151
0.34036	0.3465	0.43421	0.43146	0.3604	0.34252	0.43686	0.31032
0.29099	0.2719	0.37405	0.26976	0.44208	0.40052	0.30256	0.29082
0.40212	0.39905	0.4029	0.37505	0.39173	0.37857	0.33758	0.32743
0.40321	0.4726	0.51734	0.33055	0.39495	0.34662	0.40909	0.28877
0.29214	0.31507	0.2914	0.3266	0.29992	0.25745	0.28882	0.28605
0.28308	0.31114	0.29248	0.44292	0.25373	0.3724	0.25449	0.30414
0.32122	0.37484	0.38301	0.40998	0.37286	0.42363	0.34484	0.34312
0.18148	0.35717	0.31849	0.282	0.28408	0.40673	0.40175	0.37931
0.67971	0.62058	0.57645	0.53277	0.44055	0.4962	0.62095	0.60197
0.34412	0.52738	0.38448	0.23201	0.44285	0.39305	0.39177	0.33716
0.25033	0.29778	0.32446	0.27988	0.2741	0.37174	0.50762	0.24917
0.31397	0.37565	0.25644	0.29331	0.33195	0.30971	0.35751	0.33651
0.25013	0.27856	0.34002	0.4627	0.22741	0.34518	0.30376	0.30604
0.37242	0.29364	0.31588	0.4037	0.26766	0.35777	0.3807	0.3578
0.36391	0.3975	0.28183	0.35152	0.38006	0.30357	0.30199	0.3477
0.27462	0.3395	0.4348	0.29247	0.36415	0.44465	0.44513	0.3712
0.35357	0.41309	0.35496	0.34411	0.34057	0.38109	0.31799	0.30867
0.39069	0.31463	0.31264	0.36785	0.32857	0.27751	0.23762	0.26158
0.38614	0.38169	0.2812	0.30004	0.36514	0.35321	0.39943	0.36942
0.39458	0.33197	0.31699	0.3858	0.35905	0.39086	0.36756	0.3178
0.50174	0.34545	0.31469	0.35519	0.32323	0.40957	0.30734	0.33859
0.21037	0.2455	0.18329	0.3098	0.3312	0.44478	0.32606	0.33983
0.52393	0.48904	0.56324	0.50627	0.45101	0.44539	0.35873	0.48927
0.32768	0.31561	0.24843	0.34158	0.33415	0.30099	0.32958	0.35564
0.59424	0.74726	0.71469	0.72112	0.66881	0.69157	0.72508	0.49162
0.27025	0.21972	0.38168	0.29243	0.29444	0.28712	0.33308	0.2249
0.2356	0.39678	0.34737	0.29332	0.46199	0.28751	0.32616	0.37856
0.39361	0.38778	0.50755	0.55965	0.46623	0.42662	0.33817	0.50297
0.3315	0.36974	0.26827	0.51901	0.33316	0.32279	0.41234	0.35593
0.24944	0.41411	0.40803	0.3594	0.42352	0.33149	0.3356	0.35662
0.22741	0.20326	0.2846	0.16881	0.28375	0.37699	0.29905	0.27858
0.35105	0.4469	0.43659	0.40857	0.41	0.34953	0.42446	0.33963
0.4326	0.49682	0.47713	0.4766	0.50497	0.45744	0.37823	0.39539
0.38738	0.23184	0.38652	0.30279	0.30557	0.29121	0.20744	0.28792
0.2084	0.2457	0.36333	0.24187	0.27357	0.31536	0.31425	0.24748
0.24612	0.3532	0.3147	0.24623	0.22764	0.29562	0.28509	0.20878
0.37902	0.44776	0.32914	0.41138	0.32066	0.36928	0.36499	0.41994
0.2487	0.28724	0.26305	0.28014	0.29015	0.30986	0.34078	0.33428
0.36335	0.40851	0.43882	0.3761	0.28691	0.29299	0.38129	0.31756
0.30346	0.36989	0.38055	0.44402	0.37003	0.36022	0.26658	0.19378
0.39734	0.38583	0.34376	0.29427	0.29843	0.35433	0.26879	0.29082
0.15885	0.29301	0.41169	0.3122	0.25296	0.40681	0.48238	0.26666
0.70544	0.43438	0.77204	0.51277	0.94231	0.63707	0.60443	0.69761
0.46617	0.52088	0.49416	0.44279	0.38553	0.27336	0.33137	0.3221
0.28977	0.30285	0.22111	0.38285	0.31232	0.30797	0.23224	0.33629
0.38507	0.46959	0.3667	0.48665	0.3572	0.3933	0.43183	0.37351
0.38996	0.37375	0.2793	0.40129	0.33617	0.30451	0.4127	0.36625
0.43137	0.50287	0.53077	0.34065	0.27668	0.52289	0.37941	0.47826
1.2349	0.84199	0.91723	1.0107	1.1696	0.95792	1.0385	0.61605
0.4344	0.49725	0.40211	0.34663	0.46947	0.351	0.33288	0.44755
0.4791	0.38395	0.40469	0.28954	0.31283	0.33145	0.51015	0.38337
0.33096	0.32638	0.33676	0.40765	0.35749	0.29299	0.2784	0.34221
0.24334	0.30271	0.28059	0.25732	0.34782	0.30079	0.32354	0.27896
0.39623	0.32733	0.38312	0.4306	0.36424	0.36132	0.51644	0.44446
0.46567	0.51107	0.4483	0.54035	0.46004	0.35025	0.41189	0.39809
0.44854	0.47909	0.43747	0.37341	0.3582	0.31896	0.27123	0.37341
0.20816	0.26314	0.37701	0.2384	0.28449	0.3084	0.29564	0.35869
0.3352	0.35934	0.29521	0.33616	0.33744	0.33207	0.3457	0.36641
0.37926	0.5619	0.36015	0.42534	0.39122	0.32568	0.31114	0.28909
0.27813	0.43942	0.27007	0.33473	0.48275	0.22275	0.27708	0.32559
0.26342	0.31186	0.38766	0.37552	0.33856	0.30284	0.37538	0.23432
0.43064	0.304	0.45885	0.28446	0.38816	0.2837	0.33663	0.30967
0.25543	0.31652	0.27308	0.27605	0.22917	0.24369	0.20171	0.30259
0.29853	0.31519	0.30703	0.30951	0.36271	0.34238	0.29109	0.28609
0.53774	0.45732	0.46119	0.49013	0.58335	0.39954	0.42953	0.3997
0.21147	0.28811	0.3188	0.26946	0.26992	0.27173	0.32974	0.31646
0.41279	0.35929	0.43621	0.46249	0.50659	0.49513	0.40401	0.35586
1.0208	0.61319	0.7459	1.1215	0.83984	1.1836	0.83054	0.52683
0.43331	0.52444	0.28443	0.38082	0.3468	0.30507	0.30597	0.25816
0.23231	0.14518	0.27116	0.3254	0.28172	0.30369	0.40072	0.34198
0.49619	0.42871	0.42949	0.52176	0.4556	0.36245	0.47194	0.42977
0.22112	0.33488	0.28937	0.30607	0.35858	0.39899	0.39623	0.28414
0.49874	0.42135	0.26296	0.35758	0.36899	0.35809	0.265	0.30494
0.21013	0.32972	0.24317	0.37533	0.24182	0.28395	0.29083	0.24763
0.60588	0.90823	0.65568	0.51624	0.79368	0.61574	0.92594	0.64943
0.40822	0.52016	0.26226	0.41648	0.35207	0.42166	0.29039	0.25478
0.2088	0.3464	0.25839	0.27158	0.26409	0.38383	0.34955	0.36571
0.32718	0.33566	0.36717	0.22462	0.26791	0.26002	0.34337	0.31939
0.34715	0.26035	0.29568	0.30204	0.38012	0.24396	0.31506	0.30856
0.26739	0.39065	0.33732	0.32418	0.2916	0.4875	0.32896	0.34299
0.2985	0.29936	0.32393	0.52597	0.35499	0.3365	0.35168	0.41973
0.21314	0.59218	0.26065	0.38753	0.36243	0.30558	0.31199	0.23645
0.32181	0.32685	0.22605	0.39212	0.33715	0.32769	0.34019	0.24749
0.36405	0.36596	0.26373	0.23187	0.30407	0.37368	0.33755	0.20441
0.23943	0.20444	0.3306	0.2959	0.36323	0.32652	0.32627	0.28697
0.61016	0.57911	0.65067	0.61503	0.59928	0.73353	0.50635	0.42242
0.48847	0.47572	0.42856	0.4929	0.37744	0.49335	0.51031	0.33905
0.20407	0.22636	0.29093	0.29922	0.29961	0.25334	0.36551	0.31059
0.40666	0.38951	0.2719	0.32071	0.28539	0.22363	0.2463	0.30978
0.34557	0.54772	0.25885	0.33563	0.40205	0.33285	0.33934	0.38983
0.34048	0.4839	0.39966	0.4111	0.47428	0.36546	0.3547	0.40192
0.52119	0.46629	0.35965	0.49224	0.43653	0.32183	0.55063	0.4002
0.30573	0.2754	0.36195	0.41653	0.27898	0.26465	0.35	0.32909
0.36894	0.40173	0.57207	0.43336	0.44373	0.52383	0.32991	0.5528
0.24545	0.40076	0.31483	0.31683	0.36202	0.32107	0.53451	0.37431
0.31595	0.24515	0.27868	0.39256	0.30376	0.31513	0.32882	0.2619
0.35058	0.38372	0.46913	0.64463	0.41973	0.4929	0.63372	0.7335
0.37895	0.78738	0.6542	0.58071	0.85908	0.48463	0.61514	0.48768
0.37557	0.42956	0.35911	0.44445	0.40355	0.54292	0.36598	0.32529
0.32895	0.34382	0.44209	0.33776	0.49984	0.54025	0.40225	0.41616
0.3777	0.46271	0.29169	0.25829	0.53363	0.35877	0.32467	0.3173
0.36695	0.39491	0.49243	0.38249	0.30426	0.34431	0.37507	0.3509
0.52917	0.46829	0.52261	0.44882	0.50992	0.35843	0.34235	0.32817
1.1705	0.75674	0.71235	0.69215	0.85805	0.76435	0.71636	0.85056
0.48711	0.34626	0.59801	0.7517	0.65403	0.6789	0.75612	0.72073
0.44811	0.32634	0.39323	0.3692	0.3678	0.29912	0.42484	0.3369
0.34686	0.30293	0.40687	0.22887	0.28996	0.27004	0.22718	0.16042
0.36295	0.33159	0.33719	0.35995	0.46918	0.4161	0.38165	0.4086
0.50415	0.27061	0.30242	0.26844	0.29587	0.2669	0.32247	0.25273
0.19296	0.33888	0.30656	0.29467	0.39262	0.25525	0.28402	0.29851
0.47245	0.44226	0.56935	0.39743	0.49895	0.44146	0.41152	0.31183
0.32049	0.38122	0.52503	0.37144	0.25967	0.27366	0.34909	0.31388
0.30188	0.23449	0.29783	0.28678	0.30017	0.46172	0.27637	0.31751
0.34939	0.23006	0.25049	0.39412	0.26243	0.27244	0.33603	0.33647
0.42153	0.36274	0.36729	0.35369	0.3884	0.32096	0.3571	0.34403
0.19435	0.23095	0.33557	0.45817	0.45829	0.27516	0.32689	0.35874
0.22225	0.29816	0.34485	0.31744	0.48696	0.27697	0.32807	0.37206
0.21683	0.37359	0.25516	0.30478	0.33284	0.30935	0.23169	0.34434
0.35294	0.31376	0.37463	0.34987	0.48857	0.35095	0.3062	0.27779
0.82455	0.55312	0.59303	0.67774	0.57585	0.67617	0.62577	0.70848
0.23468	0.63083	0.3009	0.50013	0.43109	0.37367	0.3321	0.40391
0.53352	0.42134	0.43458	0.52497	0.40541	0.36422	0.435	0.39397
0.32716	0.40145	0.30878	0.36975	0.291	0.35473	0.37476	0.33509
0.41919	0.32484	0.39335	0.3856	0.47288	0.22673	0.29709	0.41191
0.14846	0.27498	0.2422	0.27292	0.34616	0.25198	0.327	0.26663
0.36134	0.32625	0.25486	0.40267	0.32268	0.26674	0.33865	0.1962
0.49268	0.45347	0.50625	0.40868	0.34542	0.38347	0.35807	0.30464
0.26197	0.37052	0.39501	0.29555	0.48076	0.48467	0.40946	0.48196
0.23811	0.41385	0.34311	0.34297	0.34765	0.34827	0.53157	0.35092
0.28253	0.49681	0.40275	0.41821	0.46195	0.47828	0.32959	0.31619
0.25987	0.42681	0.4167	0.41906	0.32458	0.3827	0.28164	0.34028
0.27857	0.31769	0.31018	0.36969	0.28714	0.28229	0.30437	0.26188
0.2129	0.20606	0.23805	0.19314	0.36569	0.24952	0.2273	0.27279
0.56883	0.49892	0.46868	0.51952	0.36545	0.57031	0.33339	0.45587
0.46718	0.31554	0.33281	0.48486	0.54218	0.42699	0.30055	0.35457
0.3528	0.41706	0.36217	0.28622	0.39617	0.28756	0.2564	0.31462
0.57337	0.30995	0.39069	0.37868	0.32856	0.38524	0.41519	0.35715
0.44912	0.58662	0.53338	0.68528	0.47172	0.60341	0.4414	0.63205
0.31566	0.29313	0.26544	0.27618	0.32615	0.30949	0.39562	0.27569
0.24838	0.35741	0.26242	0.38823	0.31256	0.26274	0.33785	0.26735
0.35288	0.30998	0.37417	0.45449	0.2478	0.31199	0.32469	0.26604
0.35303	0.28237	0.38788	0.3379	0.3608	0.2846	0.3264	0.35388
0.43028	0.41702	0.32912	0.38069	0.41772	0.3831	0.45159	0.46105
0.3333	0.31652	0.38384	0.34681	0.25579	0.39279	0.2594	0.25699
0.21111	0.25565	0.27755	0.33742	0.27935	0.21399	0.26382	0.29231
0.2748	0.29875	0.32686	0.31774	0.40547	0.2989	0.29385	0.29675
0.19796	0.29898	0.30001	0.28385	0.40403	0.24842	0.23892	0.34632
0.28614	0.36458	0.24885	0.33318	0.22451	0.44635	0.27366	0.3401
0.26596	0.25331	0.18556	0.19671	0.26845	0.34013	0.35976	0.36599
0.35105	0.3619	0.23973	0.29328	0.31698	0.42182	0.39931	0.13129
0.32948	0.35101	0.41349	0.3491	0.35983	0.26727	0.29447	0.22561
0.2685	0.20482	0.22711	0.2021	0.19342	0.23954	0.24404	0.23848
0.27331	0.23973	0.36844	0.35813	0.31958	0.38827	0.28848	0.37399
0.28065	0.37068	0.3308	0.24164	0.24269	0.36036	0.18203	0.30064
0.35619	0.37556	0.32395	0.37214	0.31429	0.37885	0.27978	0.32862
0.44971	0.3632	0.34212	0.36697	0.33088	0.31991	0.41275	0.42389
0.29398	0.36033	0.35777	0.43695	0.32371	0.30482	0.25028	0.41706
0.25572	0.2923	0.28668	0.29291	0.38316	0.32955	0.26783	0.42238
0.2871	0.24409	0.32161	0.27123	0.28878	0.33564	0.36052	0.29516
0.70443	0.40725	0.39297	0.37003	0.32128	0.337	0.34201	0.38415
0.36668	0.26826	0.37528	0.35125	0.51753	0.38091	0.37008	0.31322
0.39338	0.43615	0.35088	0.30686	0.38429	0.40672	0.46904	0.46944
0.17958	0.36916	0.2934	0.34057	0.33609	0.21065	0.33366	0.23986
0.65202	0.66877	0.44082	0.42276	0.59826	0.49259	0.54083	0.447
0.23663	0.31583	0.18466	0.29579	0.33997	0.31241	0.3612	0.26453
0.34884	0.30589	0.24067	0.28085	0.2267	0.2348	0.29312	0.31518
0.71796	0.53284	0.49666	0.68796	0.69888	0.33889	0.5714	0.42048
0.27057	0.28094	0.34689	0.3434	0.27207	0.32976	0.31394	0.26887
0.37104	0.13637	0.29457	0.38758	0.3082	0.37589	0.32216	0.43268
0.42051	0.37661	0.3052	0.38175	0.40222	0.31514	0.34836	0.26347
0.18949	0.2388	0.26063	0.36131	0.25096	0.3151	0.32794	0.32497
0.22678	0.21314	0.30714	0.30489	0.25898	0.21524	0.29916	0.27452
0.58452	0.34636	0.50133	0.29856	0.32937	0.3055	0.25768	0.37084
0.26339	0.26429	0.37893	0.32026	0.35876	0.38321	0.24168	0.31385
0.4417	0.30331	0.34145	0.47355	0.37932	0.30743	0.34718	0.34606
0.38433	0.42497	0.38885	0.33975	0.38009	0.3474	0.37204	0.29018
0.19388	0.36962	0.3461	0.23857	0.31472	0.38472	0.35075	0.30397
0.30006	0.27027	0.39151	0.3339	0.38886	0.3355	0.28987	0.32028
0.31674	0.47928	0.4348	0.32921	0.43966	0.37196	0.3786	0.382
0.36653	0.53004	0.45395	0.48893	0.52086	0.62691	0.43461	0.58875
0.43199	0.47232	0.38318	0.39204	0.37539	0.33488	0.35624	0.23194
0.31773	0.22374	0.34542	0.24999	0.23463	0.25019	0.2741	0.26678
0.5046	0.34386	0.2936	0.38085	0.4365	0.45475	0.45456	0.3466
0.40967	0.31132	0.35859	0.34902	0.30788	0.33462	0.20935	0.21657
0.33878	0.3542	0.39765	0.29708	0.38509	0.34119	0.35313	0.34992
0.30913	0.23704	0.31438	0.31217	0.30191	0.25755	0.30855	0.21727
0.29016	0.28298	0.22867	0.30417	0.30707	0.2584	0.30065	0.19809
0.40726	0.67295	0.3401	0.42129	0.35579	0.42923	0.35033	0.36149
0.39243	0.27136	0.33408	0.3428	0.25943	0.22561	0.35879	0.28574
0.27984	0.49131	0.38093	0.36491	0.43508	0.30639	0.35798	0.36275
0.29069	0.26475	0.35919	0.35612	0.28888	0.24694	0.33237	0.26413
0.21168	0.34325	0.3073	0.34116	0.35099	0.35235	0.33569	0.29001
0.34313	0.29466	0.29996	0.32635	0.2894	0.29578	0.26557	0.27064
0.2951	0.35038	0.38904	0.37181	0.27158	0.40538	0.30568	0.3208
0.46206	0.32469	0.45354	0.37784	0.33191	0.30003	0.28652	0.29248
0.25886	0.34564	0.42538	0.44882	0.35742	0.43108	0.36439	0.43242
0.36339	0.41011	0.31645	0.32899	0.48418	0.46506	0.3005	0.33249
0.40503	0.31344	0.35373	0.32212	0.28516	0.34541	0.33014	0.36907
0.26818	0.3756	0.3789	0.31361	0.36971	0.31561	0.30054	0.26161
0.27193	0.33872	0.33525	0.30585	0.2768	0.36248	0.32638	0.29145
0.26761	0.27053	0.22649	0.32721	0.34574	0.28667	0.27129	0.28335
0.346	0.34899	0.30743	0.32149	0.29646	0.28459	0.37779	0.33539
0.2107	0.35508	0.31444	0.40402	0.25309	0.32355	0.32642	0.31262
0.26942	0.26169	0.29411	0.32959	0.25591	0.26491	0.22224	0.22506
0.34358	0.30369	0.29656	0.41539	0.37726	0.40764	0.22079	0.32409
0.5344	0.49611	0.58475	0.62786	0.5875	0.72195	0.39299	0.48536
0.34934	0.41815	0.38999	0.35704	0.37579	0.34921	0.32342	0.33724
0.30869	0.31083	0.3509	0.28861	0.38736	0.33544	0.34416	0.28679
0.19678	0.23668	0.31658	0.38214	0.28386	0.35736	0.33227	0.26628
0.28666	0.22994	0.4227	0.37731	0.32354	0.37411	0.43936	0.28752
0.36598	0.5213	0.45422	0.42712	0.41855	0.43487	0.39241	0.40282
0.25908	0.21602	0.22132	0.26512	0.26876	0.22228	0.25367	0.25866
0.27951	0.42481	0.23307	0.2294	0.32802	0.29858	0.40561	0.37808
0.38047	0.39151	0.33184	0.3054	0.58644	0.39269	0.3846	0.40777
0.26618	0.26801	0.31596	0.40526	0.36519	0.2675	0.31316	0.27462
0.29796	0.27059	0.32325	0.30934	0.42142	0.26585	0.31641	0.27799
0.43085	0.52325	0.60762	0.52161	0.52011	0.60842	0.5096	0.51995
0.23847	0.40998	0.27753	0.21781	0.19172	0.20677	0.28178	0.2743
0.40396	0.33596	0.32235	0.33691	0.24731	0.35683	0.28817	0.25959
0.30737	0.40734	0.28698	0.27914	0.21369	0.27787	0.2859	0.22306
0.31544	0.30252	0.34368	0.31575	0.33045	0.3539	0.28377	0.28355
0.30525	0.28873	0.16962	0.34355	0.28493	0.4252	0.31414	0.32665
0.28016	0.32672	0.3059	0.34241	0.39222	0.38106	0.36279	0.39108
0.26561	0.24367	0.24639	0.26802	0.28508	0.33161	0.28201	0.3453
0.50727	0.50647	0.46503	0.39716	0.53527	0.38323	0.4652	0.51122
0.23917	0.27057	0.2807	0.27336	0.27233	0.24496	0.19984	0.22379
0.26992	0.24832	0.42662	0.41735	0.41295	0.30075	0.43087	0.339
0.47688	0.3609	0.47439	0.50881	0.45333	0.43173	0.49589	0.43709
0.46418	0.49063	0.38825	0.44583	0.55333	0.4864	0.42956	0.38958
0.3756	0.36548	0.48524	0.29344	0.40264	0.31407	0.37414	0.37786
0.35578	0.31468	0.2621	0.25532	0.24638	0.27037	0.28837	0.26595
0.19986	0.28021	0.23908	0.2614	0.28236	0.30378	0.31002	0.24018
0.47676	0.36967	0.29691	0.27897	0.44415	0.34907	0.39652	0.26959
0.4335	0.4586	0.4174	0.47871	0.45131	0.31672	0.38602	0.3664
0.29709	0.35032	0.2918	0.24985	0.21597	0.20055	0.22306	0.28393
0.37854	0.44185	0.4297	0.41258	0.3957	0.41589	0.22345	0.3269
0.60257	0.67038	0.46131	0.48316	0.53926	0.61923	0.42982	0.31203
0.50918	0.50444	0.7031	0.53542	0.50254	0.64495	0.50631	0.50151
0.27196	0.30871	0.29286	0.30401	0.46507	0.31967	0.2572	0.30497
0.26919	0.28418	0.25745	0.26216	0.26281	0.26317	0.29265	0.22771
0.4156	0.41464	0.34002	0.2298	0.31155	0.45248	0.39034	0.25305
0.26879	0.30758	0.42598	0.31419	0.36915	0.26159	0.30473	0.23668
0.68353	0.6007	0.53556	0.62811	0.5349	0.79827	0.45886	0.52592
0.42664	0.39307	0.35021	0.3199	0.3738	0.39162	0.43331	0.37399
0.43541	0.28973	0.37699	0.27434	0.40061	0.37089	0.29244	0.29862
0.22219	0.29094	0.2787	0.37239	0.31065	0.25602	0.1979	0.28787
0.29418	0.34441	0.33988	0.48459	0.2953	0.32516	0.28672	0.33536
0.3271	0.25948	0.22713	0.22657	0.27957	0.33011	0.26438	0.19581
0.25207	0.27773	0.34178	0.2905	0.29997	0.22328	0.31135	0.40503
0.21524	0.38479	0.25321	0.2624	0.33544	0.27413	0.21559	0.23428
0.41828	0.42191	0.54159	0.4592	0.5493	0.51881	0.56293	0.54404
0.28538	0.26064	0.25627	0.33199	0.31406	0.35256	0.39404	0.25465
0.3757	0.38457	0.32131	0.34748	0.25788	0.32846	0.26217	0.35003
0.30431	0.28969	0.28593	0.28556	0.27591	0.23152	0.30956	0.38952
0.33974	0.35419	0.42808	0.63333	0.33372	0.46189	0.40274	0.322
0.32742	0.31261	0.33697	0.33956	0.40688	0.34757	0.38637	0.42615
0.89337	0.55698	0.9289	0.5791	0.60983	0.73276	0.65141	0.32985
0.40646	0.35692	0.53354	0.52249	0.41014	0.35378	0.43959	0.35328
0.29926	0.29125	0.31561	0.29064	0.26321	0.27579	0.43394	0.28403
0.32796	0.3249	0.3012	0.30542	0.37381	0.30991	0.30903	0.38601
0.34577	0.3452	0.28311	0.62952	0.41788	0.32139	0.35214	0.46444
0.44975	0.41795	0.24377	0.44875	0.50421	0.30686	0.28739	0.26716
0.34222	0.42299	0.43693	0.3804	0.36642	0.37524	0.37374	0.27374
0.28689	0.44258	0.44755	0.3884	0.2303	0.5343	0.52691	0.42327
0.45555	0.48876	0.42661	0.41745	0.47373	0.44725	0.4797	0.39827
0.50953	0.50006	0.45051	0.4764	0.53738	0.52388	0.46392	0.46379
0.21795	0.33181	0.40521	0.34963	0.33741	0.38395	0.43537	0.23434
0.37983	0.35505	0.36101	0.38155	0.36645	0.32664	0.31847	0.32289
0.25501	0.35082	0.2897	0.28791	0.38881	0.34027	0.31521	0.31498
0.26674	0.30093	0.36656	0.30038	0.30596	0.3399	0.27145	0.24766
