-0.098366
-0.098353
-0.098348
-0.09833
-0.098359
-0.098304
-0.098321
-0.098343
-0.09834
-0.098356
-0.098355
-0.098329
-0.098355
-0.098291
-0.098365
-0.098353
-0.098108
-0.098324
-0.098349
-0.098343
-0.098366
-0.098354
-0.098366
-0.098285
-0.098347
-0.09836
-0.098347
-0.098238
-0.098323
-0.09833
-0.098366
-0.098358
-0.098328
-0.098344
-0.098365
-0.098363
-0.098351
-0.098317
-0.098352
-0.098347
-0.098362
-0.098364
-0.098283
-0.098338
-0.09826
-0.098359
-0.098365
-0.098315
-0.098284
-0.098286
-0.098342
-0.098293
-0.098331
-0.09835
-0.09835
-0.098304
-0.098251
-0.098336
-0.098339
-0.098338
-0.098332
-0.098342
-0.09815
-0.098363
-0.098361
-0.098357
-0.098059
-0.098303
-0.098352
-0.098305
-0.098355
-0.0983
-0.098342
-0.098334
-0.098353
-0.098289
-0.098359
-0.098366
-0.098324
-0.098343
-0.098362
-0.09835
-0.098364
-0.098365
-0.09836
-0.098318
-0.098342
-0.098346
-0.098333
-0.098334
-0.09834
-0.098221
-0.098362
-0.098285
-0.098345
-0.098366
-0.098337
-0.098364
-0.098349
-0.098348
-0.098314
-0.098359
-0.098314
-0.098264
-0.098314
-0.098336
-0.09833
-0.098359
-0.098365
-0.098366
-0.098295
-0.098342
-0.098269
-0.098349
-0.098332
-0.098361
-0.09836
-0.098358
-0.098349
-0.098355
-0.098349
-0.098336
-0.098332
-0.098276
-0.098361
-0.098359
-0.098282
-0.098325
-0.098336
-0.098342
-0.098344
-0.098311
-0.098351
-0.098333
-0.098311
-0.098321
-0.098298
-0.098307
-0.098108
-0.09836
-0.098357
-0.098358
-0.098363
-0.098367
-0.098364
-0.098331
-0.09836
-0.098311
-0.098335
-0.098353
-0.098308
-0.098267
-0.098266
-0.098353
-0.098323
-0.098353
-0.098367
-0.098367
-0.098302
-0.098094
-0.098223
-0.098367
-0.098352
-0.098348
-0.098304
-0.098364
-0.098122
-0.098356
-0.098272
-0.098364
-0.098247
-0.098337
-0.098351
-0.098359
-0.098318
-0.098364
-0.09836
-0.098364
-0.098342
-0.0983
-0.098353
-0.098342
-0.098346
-0.09836
-0.098364
-0.098343
-0.098318
-0.098342
-0.098352
-0.09831
-0.098352
-0.098335
-0.098362
-0.098344
-0.098343
-0.098353
-0.098285
-0.098363
-0.098361
-0.098271
-0.098366
-0.098346
-0.098355
-0.09825
-0.098328
-0.098353
-0.098274
-0.098353
-0.098217
-0.098358
-0.098337
-0.098296
-0.098361
-0.098353
-0.098322
-0.098313
-0.098175
-0.098362
-0.098362
-0.098366
-0.098251
-0.098307
-0.098364
-0.098329
-0.098362
-0.098277
-0.098354
-0.098333
-0.098336
-0.098309
-0.09836
-0.098199
-0.098358
-0.098356
-0.098354
-0.098359
-0.098359
-0.098183
-0.098361
-0.098315
-0.098258
-0.098343
-0.09835
-0.098367
-0.09836
-0.098367
-0.098358
-0.098364
-0.098305
-0.098348
-0.098361
-0.098155
-0.098363
-0.098245
-0.098366
-0.098345
-0.098359
-0.098335
-0.098276
-0.098365
-0.098171
-0.098351
-0.098256
-0.098336
-0.098353
-0.098357
-0.098363
-0.098305
-0.098334
-0.098306
-0.098351
-0.098358
-0.09831
-0.098359
-0.098296
-0.098336
-0.098361
-0.098277
-0.098356
-0.098339
-0.098337
-0.098359
-0.098358
-0.098235
-0.098352
-0.09825
-0.09834
-0.098347
-0.098333
-0.098362
-0.098343
-0.098359
-0.09833
-0.098346
-0.098337
-0.098176
-0.098332
-0.098365
-0.09832
-0.098265
-0.098353
-0.098135
-0.098338
-0.098332
-0.098323
-0.098351
-0.098256
-0.098366
-0.098316
-0.098339
-0.098357
-0.098268
-0.098364
-0.098357
-0.098309
-0.098205
-0.098359
-0.098316
-0.098323
-0.098345
-0.098359
-0.098367
-0.098351
-0.098327
-0.098358
-0.098357
-0.098342
-0.098296
-0.098367
-0.098352
-0.098364
-0.098218
-0.098342
-0.098363
-0.098357
-0.098324
-0.098348
-0.098357
-0.098365
-0.098363
-0.098365
-0.098323
-0.098023
-0.098345
-0.098358
-0.0983
-0.098319
-0.098114
-0.098327
-0.098357
-0.098326
-0.098348
-0.098363
-0.098345
-0.098362
-0.097794
-0.098289
-0.098363
-0.098311
-0.098356
-0.098295
-0.098321
-0.098093
-0.09836
-0.098266
-0.098308
-0.098362
-0.098359
-0.098222
-0.098347
-0.098358
-0.098353
-0.09836
-0.098347
-0.098326
-0.098337
-0.098359
-0.0983
-0.098365
-0.098362
-0.098338
-0.098365
-0.098293
-0.097957
-0.098309
-0.098345
-0.098354
-0.098326
-0.09834
-0.098278
-0.098333
-0.098366
-0.098355
-0.098362
-0.098202
-0.098335
-0.098257
-0.098357
-0.098348
-0.098363
-0.098363
-0.09833
-0.098337
-0.098361
-0.098124
-0.09835
-0.098343
-0.098353
-0.097064
-0.098356
-0.098359
-0.098359
-0.098344
-0.09834
-0.09827
-0.098362
-0.098354
-0.09831
-0.098341
-0.098357
-0.098349
-0.098297
-0.098363
-0.098364
-0.098346
-0.098229
-0.098338
-0.098281
-0.098138
-0.098365
-0.098341
-0.098311
-0.098342
-0.098269
-0.098366
-0.098365
-0.098365
-0.098365
-0.098347
-0.098347
-0.098359
-0.098308
-0.098321
-0.098301
-0.098302
-0.098364
-0.098354
-0.098356
-0.098351
-0.098344
-0.09833
-0.098311
-0.098364
-0.09836
-0.098277
-0.098321
-0.098307
-0.098326
-0.098286
-0.098339
-0.0983
-0.098353
-0.098349
-0.098343
-0.098365
-0.098268
-0.098334
-0.098338
-0.098352
-0.098333
-0.098366
-0.098332
-0.098335
-0.098326
-0.098358
-0.09832
-0.098328
-0.098278
-0.098342
-0.098345
-0.098297
-0.098344
-0.0983
-0.098264
-0.09834
-0.098238
-0.098354
-0.098265
-0.098351
-0.098317
-0.098288
-0.098359
-0.098337
-0.098354
-0.098329
-0.098342
-0.098224
-0.09832
-0.0983
-0.098321
-0.098365
-0.098348
-0.098364
-0.098365
-0.098339
-0.098343
-0.098217
-0.098361
-0.098363
-0.098346
-0.098033
-0.098356
-0.09822
-0.098351
-0.098194
-0.098293
-0.098359
-0.098338
-0.098352
-0.098143
-0.098315
-0.098363
-0.098231
-0.098349
-0.098225
-0.098356
-0.098347
-0.098324
-0.09831
-0.098331
-0.098324
-0.098342
-0.098359
-0.098365
-0.098366
-0.098335
-0.098358
-0.098362
-0.098341
-0.098248
-0.098352
-0.098344
-0.098213
-0.098364
-0.098231
-0.098349
-0.098343
-0.098349
-0.098358
-0.098332
-0.098361
-0.098363
-0.098305
-0.098213
-0.098364
-0.098317
-0.098358
-0.098362
-0.098327
-0.098363
-0.098367
-0.09832
-0.097989
-0.098351
-0.098226
-0.098346
-0.098365
-0.098365
-0.098266
-0.098364
-0.098361
-0.098346
-0.098334
-0.098289
-0.098289
-0.098334
-0.098357
-0.098264
-0.098364
-0.098355
-0.098296
-0.098341
-0.098365
-0.098356
-0.098357
-0.098082
-0.098215
-0.098284
-0.098357
-0.098359
-0.098351
-0.098358
-0.098357
-0.09835
-0.09835
-0.098321
-0.098339
-0.098315
-0.098073
-0.098357
-0.098365
-0.098346
-0.098328
-0.098367
-0.098307
-0.098348
-0.098282
-0.098345
-0.098352
-0.098364
-0.098339
-0.098354
-0.098336
-0.098356
-0.098366
-0.098333
-0.098326
-0.098345
-0.098313
-0.098366
-0.098278
-0.098224
-0.098136
-0.098324
-0.098343
-0.098344
-0.098364
-0.098362
-0.098316
-0.098172
-0.098185
-0.098362
-0.098355
-0.098352
-0.098324
-0.098268
-0.098353
-0.098247
-0.098329
-0.098361
-0.098139
-0.098355
-0.098347
-0.098354
-0.098364
-0.098301
-0.098169
-0.098343
-0.098339
-0.098216
-0.098249
-0.09835
-0.098288
-0.098276
-0.098337
-0.098315
-0.098366
-0.098309
-0.098348
-0.098341
-0.098351
-0.098335
-0.098321
-0.098332
-0.09834
-0.098362
-0.098294
-0.098363
-0.098341
-0.098317
-0.098363
-0.098308
-0.098334
-0.098304
-0.098361
-0.098307
-0.098342
-0.098335
-0.098363
-0.098364
-0.098341
-0.098329
-0.098328
-0.098294
-0.098331
-0.098298
-0.098353
-0.098284
-0.098126
-0.09836
-0.098275
-0.09836
-0.098328
-0.098357
-0.09835
-0.098367
-0.09829
-0.098356
-0.098367
-0.098172
-0.098339
-0.098261
-0.098279
-0.09836
-0.098351
-0.098365
-0.098309
-0.098364
-0.098289
-0.098365
-0.098364
-0.09835
-0.098302
-0.098361
-0.098352
-0.098302
-0.098356
-0.098357
-0.098275
-0.09836
-0.098352
-0.098307
-0.098214
-0.098304
-0.098347
-0.09836
-0.098364
-0.098279
-0.098363
-0.098352
-0.098357
-0.098345
-0.098337
-0.098229
-0.098365
-0.098351
-0.098303
-0.098324
-0.098354
-0.098315
-0.098326
-0.098334
-0.098358
-0.098365
-0.098342
-0.098361
-0.098221
-0.098349
-0.09836
-0.098353
-0.098337
-0.098345
-0.09835
-0.098148
-0.098159
-0.09835
-0.098367
-0.098245
-0.098357
-0.098335
-0.098362
-0.098303
-0.098301
-0.098322
-0.098365
-0.098348
-0.098364
-0.098349
-0.098358
-0.098332
-0.098325
-0.098329
-0.098366
-0.098357
-0.098364
-0.098309
-0.09835
-0.098292
-0.098338
-0.098357
-0.098338
-0.098359
-0.098241
-0.098274
-0.09833
-0.098365
-0.098367
-0.098348
-0.098334
-0.098366
-0.098357
-0.098366
-0.098239
-0.098365
-0.098363
-0.098363
-0.098366
-0.098335
-0.098363
-0.098338
-0.098353
-0.098295
-0.098363
-0.098341
-0.098349
-0.098325
-0.098334
-0.098314
-0.098281
-0.098205
-0.097866
-0.098336
-0.098354
-0.098282
-0.098341
-0.09833
-0.098348
-0.09829
-0.098291
-0.098306
-0.098318
-0.098332
-0.098352
-0.098339
-0.098135
-0.098366
-0.098351
-0.098319
-0.09832
-0.098334
-0.098241
-0.098249
-0.098302
-0.098328
-0.098367
-0.098221
-0.098155
-0.098292
-0.098364
-0.098337
-0.098274
-0.098332
-0.098295
-0.09832
-0.098347
-0.098333
-0.098332
-0.098349
-0.098333
-0.098326
-0.098337
-0.098353
-0.098135
-0.098362
-0.098355
-0.098237
-0.098356
-0.098349
-0.098365
-0.098361
-0.098357
-0.098337
-0.098323
-0.098329
-0.098069
-0.098359
-0.098308
-0.098357
-0.098352
-0.098115
-0.098335
-0.098362
-0.098355
-0.098091
-0.09836
-0.098351
-0.098351
-0.098355
-0.098364
-0.098364
-0.098318
-0.098348
-0.098176
-0.098348
-0.098367
-0.098205
-0.098359
-0.098361
-0.098333
-0.098349
-0.098276
-0.098335
-0.098343
-0.098339
-0.098349
-0.098282
-0.098363
-0.098365
-0.098365
-0.098291
-0.098359
-0.098336
-0.098351
-0.097839
-0.098362
-0.098335
-0.098262
-0.09836
-0.098367
-0.098333
-0.098343
-0.098327
-0.098328
-0.098342
-0.098347
-0.098365
-0.098363
-0.098362
-0.098365
-0.098366
-0.098349
-0.097791
-0.098274
-0.098305
-0.098276
-0.098363
-0.098359
-0.098336
-0.098302
-0.098325
-0.098324
-0.098348
-0.098166
-0.098358
-0.098263
-0.098308
-0.098196
-0.098097
-0.098256
-0.098353
-0.098363
-0.098359
-0.09835
-0.098317
-0.098333
-0.098351
-0.098224
-0.098208
-0.098316
-0.098347
-0.098324
-0.098056
-0.098365
-0.098353
-0.098288
-0.098304
-0.098282
-0.098351
-0.098357
-0.098307
-0.098355
-0.098222
-0.098359
-0.09833
-0.098358
-0.098272
-0.098317
-0.098354
-0.098364
-0.098341
-0.098301
-0.098287
-0.098357
-0.098332
-0.098328
-0.098317
-0.098322
-0.098284
-0.098345
-0.098353
-0.098302
-0.098289
-0.098363
-0.098359
-0.098356
-0.098348
-0.098353
-0.098325
-0.098321
-0.09836
-0.098299
-0.098364
-0.098356
-0.098355
-0.098359
-0.098295
-0.098363
-0.098332
-0.098363
-0.098148
-0.098356
-0.098325
-0.098349
-0.097997
-0.098196
-0.098362
-0.098347
-0.098358
-0.098342
-0.098318
-0.098266
-0.098281
-0.098357
-0.098365
-0.098332
-0.098344
-0.098353
-0.098175
-0.098362
-0.098341
-0.098295
-0.098315
-0.098291
-0.098363
-0.098333
-0.098351
-0.098366
-0.098355
-0.098306
-0.098365
-0.09834
-0.098203
-0.098363
-0.098329
-0.098361
-0.098298
-0.098239
-0.098323
-0.098361
-0.09835
-0.098354
-0.098365
-0.098297
-0.098336
-0.098287
-0.09835
-0.098362
-0.098352
-0.098367
-0.098365
