-21.81
-5.8599
-1.1782
-0.84344
-0.71645
-0.86595
-2.8659
-1.8748
-0.71669
-3.6575
-3.4021
-1.3398
-1.5153
-1.0968
-0.82384
-0.89144
-0.58792
-1.6645
-0.64762
-5.0249
-0.43121
-0.62612
-2.1455
-0.37058
-0.64076
-2.5857
-0.56059
-3.4119
-0.94209
-3.0142
-4.8734
-1.9634
-1.6544
-3.696
-3.9066
-1.0038
-3.5592
-1.5238
-0.32748
-10.784
-1.535
-1.2948
-2.0332
-1.1964
-2.5167
-4.0123
-0.31397
-6.7233
-1.7197
-0.59015
-1.8576
-1.0718
-1.7579
-3.6932
-1.9475
-1.3114
-3.0483
-0.50958
-0.60835
-6.5566
-1.3087
-1.3273
-2.7055
-0.9164
-7.2038
-4.9804
-0.93796
-0.59546
-2.6684
-1.3757
-1.2058
-6.3207
-5.3731
-2.9986
-1.0344
-0.43337
-2.6591
-0.40344
-1.354
-1.6333
-3.5304
-0.50319
-7.9332
-1.3463
-0.43632
-2.0638
-5.1556
-0.45109
-6.0147
-1.7622
-4.1414
-1.9494
-0.85893
-0.46252
-1.3297
-1.5257
-0.16496
-1.0014
-2.2099
-1.4727
-1.693
-4.3258
-5.1473
-1.8189
-1.4397
-1.6973
-2.4971
-3.4488
-1.5426
-2.973
-1.1467
-1.4716
-1.2068
-0.6924
-0.53933
-2.5153
-2.3901
-1.47
-6.4167
-2.1183
-4.553
-1.5517
-0.80627
-1.3659
-3.4973
-0.94609
-3.6437
-0.37063
-7.7493
-1.4268
-1.1188
-0.61334
-3.089
-10.946
-0.26403
-1.6794
-0.76153
-0.59524
-1.8257
-0.46415
-5.0014
-5.2208
-1.7167
-6.1966
-5.0431
-1.6818
-0.38573
-2.0567
-7.3123
-0.61627
-1.4313
-0.91081
-0.10636
-2.911
-1.9965
-2.0753
-1.4977
-1.2866
-1.3652
-1.045
-1.4466
-1.6515
-1.0621
-1.1168
-0.85849
-3.9513
-0.92397
-3.8257
-0.80672
-3.0432
-3.4137
-7.4194
-2.9567
-2.0809
-1.8087
-1.4335
-0.92226
-0.76931
-1.4142
-3.4922
-3.9972
-4.6441
-4.1773
-2.6273
-2.1695
-5.7738
-2.2156
-1.2486
-3.0245
-1.1599
-1.7771
-0.62616
-0.70429
-0.64222
-1.5509
-1.2271
-2.3059
-3.5116
-1.3333
-0.5195
-0.87034
-2.4744
-1.651
-2.2894
-3.9251
-1.6636
-1.9568
-1.3936
-2.7315
-0.72554
-3.0315
-3.9132
-1.8003
-1.3468
-2.9586
-0.33873
-1.0766
-3.668
-10.462
-0.88724
-0.85992
-0.44484
-7.9685
-2.2868
-2.2954
-0.73398
-2.678
-2.6261
-3.3149
-0.66344
-1.3165
-1.9749
-5.3169
-3.8608
-1.0746
-0.28642
-1.3239
-1.9008
-6.0361
-0.4889
-1.2107
-2.1235
-1.9981
-1.8977
-0.4845
-1.5716
-2.9568
-1.5773
-1.4419
-0.37308
-0.21509
-3.54
-1.8357
-0.58034
-2.5682
-1.2708
-2.7256
-0.19148
-0.50219
-0.44742
-0.78267
-7.3072
-0.59397
-2.3657
-1.2917
-5.7092
-1.7353
-0.46656
-1.5698
-4.1451
-4.9592
-2.5854
-5.8752
-2.0953
-1.7875
-1.348
-1.7388
-1.6008
-2.7891
-1.808
-1.3291
-2.5877
-1.2576
-0.60985
-2.1595
-0.53999
-2.5778
-5.2978
-1.6229
-1.6761
-0.90428
-1.4883
-1.1347
-1.365
-0.50046
-0.99694
-1.3986
-0.46736
-3.6385
-0.90147
-1.5049
-0.59138
-2.4253
-0.2022
-0.56956
-0.89579
-0.96835
-2.9536
-1.9562
-1.3718
-3.8537
-5.6383
-2.3097
-1.5209
-1.0277
-2.405
-0.61915
-9.2591
-7.9199
-0.20107
-2.63
-1.7134
-1.9836
-2.5398
-3.7612
-1.1118
-5.7488
-0.36037
-1.309
-2.3704
-2.5946
-4.7731
-1.1834
-0.24601
-2.7714
-5.5556
-1.1855
-0.84463
-0.68037
-0.62464
-3.0865
-1.1755
-2.113
-2.6777
-2.1265
-2.0629
-0.55543
-0.70147
-2.5729
-7.18
-0.66263
-0.66277
-0.71502
-2.8417
-6.0218
-0.79804
-0.28701
-13.394
-2.0216
-10.646
-10.431
-0.24001
-2.0433
-5.6222
-3.151
-0.44028
-2.2282
-0.50807
-0.5984
-5.181
-9.0375
-1.9568
-1.4749
-5.4462
-0.99642
-0.51075
-0.76878
-0.59273
-3.899
-4.4371
-1.2118
-0.29246
-1.6994
-3.7591
-5.3744
-0.82504
-0.80638
-1.2313
-3.2802
-7.2949
-3.9054
-0.48189
-0.78936
-2.6879
-0.71531
-1.2028
-4.5326
-2.6725
-2.5119
-1.212
-4.5363
-1.9803
-2.7252
-1.7479
-0.5831
-0.69436
-2.8854
-4.493
-0.58167
-4.9405
-0.26914
-5.3371
-6.384
-0.99028
-1.6226
-1.3222
-0.55101
-2.1184
-2.0068
-8.2404
-0.59394
-3.1163
-2.3955
-0.76042
-2.4343
-3.2655
-4.2956
-0.99614
-6.1737
-0.75059
-1.5797
-2.9206
-0.51468
-1.5022
-1.3511
-0.54662
-1.7791
-0.49086
-2.8985
-1.4778
-3.4623
-1.9484
-2.1272
-6.4503
-1.1806
-1.5161
-0.24115
-0.94941
-0.50224
-2.0207
-0.46231
-1.6502
-1.9561
-2.0806
-0.34267
-0.78094
-0.6446
-0.69384
-1.2063
-1.6172
-0.54075
-0.64108
-2.4008
-0.27425
-0.67922
-4.3271
-3.5252
-1.9436
-1.5326
-1.4887
-1.1085
-10.781
-2.8425
-0.83203
-1.3552
-0.89411
-2.4442
-1.7816
-0.83795
-0.57699
-3.9286
-0.99955
-4.6179
-2.0652
-0.63426
-1.8883
-1.5717
-3.1811
-1.6101
-0.57499
-6.5742
-0.3148
-0.75045
-3.0996
-5.0468
-2.1872
-1.1665
-1.2888
-1.4358
-4.612
-2.1464
-4.4232
-3.5482
-1.4997
-0.93417
-0.56489
-0.63447
-6.3244
-2.1241
-0.28275
-1.7028
-3.6663
-1.2671
-0.43917
-1.2014
-0.90005
-1.2224
-7.4695
-2.5989
-2.0444
-3.2593
-0.75172
-1.4034
-11.302
-0.78086
-1.7164
-1.7768
-3.2251
-5.1973
-0.60789
-1.2357
-2.0156
-0.50458
-2.6456
-0.37905
-1.3421
-1.9358
-1.9199
-0.62641
-0.75384
-3.3727
-1.695
-0.88089
-1.8226
-3.6957
-1.1335
-4.4743
-1.6784
-2.6602
-3.1976
-1.6122
-1.2419
-2.7993
-4.423
-2.2465
-1.4908
-1.2795
-1.014
-10.21
-1.2925
-1.2774
-1.628
-3.7727
-1.502
-2.2104
-0.56517
-0.66235
-1.6329
-1.3535
-1.3976
-2.1935
-1.1239
-1.182
-2.5307
-0.25825
-1.177
-0.46624
-2.0279
-0.6051
-1.1914
-1.9422
-0.96048
-0.76464
-2.7206
-3.0385
-1.1704
-0.73166
-1.6695
-1.4392
-1.6713
-0.35105
-1.3648
-3.6226
-4.5579
-1.1685
-1.983
-0.58952
-1.3275
-0.73604
-0.72569
-3.3195
-1.118
-1.2631
-3.3252
-1.9566
-0.90754
-2.4726
-2.582
-1.9213
-1.9539
-0.69785
-1.4071
-2.8019
-0.98806
-0.22382
-2.0609
-1.7189
-13.102
-2.917
-15.681
-2.8246
-7.2384
-6.1293
-2.082
-1.4741
-0.46338
-2.2921
-16.088
-1.0339
-4.0524
-3.0035
-0.86251
-1.4196
-1.6788
-2.3709
-3.9504
-0.66953
-1.3119
-1.001
-0.75699
-0.41034
-1.0739
-1.9621
-4.2691
-9.5832
-5.0724
-1.7723
-1.1262
-2.3815
-1.394
-2.1443
-4.2151
-1.8348
-3.476
-1.7688
-0.85401
-3.9514
-3.3013
-2.2745
-0.48442
-17.276
-0.54311
-2.7375
-1.2368
-2.5229
-1.7258
-0.85552
-15.893
-0.63228
-0.53133
-2.9525
-2.3505
-0.76138
-0.43396
-0.80991
-0.31553
-0.58931
-0.75947
-4.67
-1.4652
-1.098
-2.1492
-2.8349
-1.3048
-0.55615
-5.8646
-3.7738
-0.33839
-4.1237
-4.3969
-1.0149
-1.4604
-1.7869
-0.41148
-0.97562
-1.1173
-3.4675
-0.7912
-0.47841
-3.0355
-1.2979
-2.0391
-9.7901
-1.1069
-0.74131
-3.7395
-2.3384
-6.8709
-1.099
-1.6442
-0.98169
-1.6424
-4.0553
-0.791
-3.5423
-0.6876
-1.6482
-0.47244
-0.94645
-2.7388
-1.3465
-1.6041
-3.8137
-2.4161
-1.3233
-4.3486
-6.3181
-4.8196
-1.2803
-2.2664
-0.56151
-2.3868
-1.2806
-2.0748
-4.5335
-1.4537
-2.4439
-3.3747
-4.2842
-0.93188
-1.2762
-0.45483
-2.3159
-0.2908
-0.52104
-0.57932
-0.65299
-8.8747
-5.014
-1.108
-1.8243
-4.6514
-2.0512
-4.1964
-2.4582
-3.1607
-2.6315
-0.98206
-0.82947
-2.7293
-1.165
-6.6682
-0.61
-0.44237
-1.5665
-1.684
-0.92577
-2.3309
-0.34193
-3.4091
-6.627
-1.3303
-2.1512
-2.8991
-0.55817
-5.0024
-2.3319
-2.1674
-1.4415
-1.0993
-4.5423
-1.3646
-0.44297
-1.7345
-1.8286
-0.52691
-1.5404
-0.8455
-5.9444
-9.867
-2.0609
-3.7837
-0.89887
-1.2393
-0.94471
-1.3222
-0.75577
-6.7764
-1.012
-1.2171
-1.6894
-2.0324
-3.4756
-1.0179
-3.2066
-6.4048
-1.4157
-1.1971
-1.5678
-2.6615
-0.93744
-1.3769
-0.72211
-2.417
-1.7042
-2.8444
-4.2916
-0.54811
-2.5552
-1.7499
-2.4105
-0.44293
-2.5948
-4.1532
-1.8487
-1.7822
-0.57461
-2.0106
-4.9354
-0.74731
-1.3612
-1.9118
-1.8692
-1.4648
-1.0383
-0.68545
-2.1054
-4.6872
-1.1256
-4.7993
-1.8696
-1.4431
-3.8322
-9.4341
-0.53364
-1.076
-1.1491
-1.4569
-1.8876
-1.172
-0.6892
-2.0175
-0.52324
-1.5177
-2.5174
-0.2954
-4.8648
-1.1648
-1.1135
-2.7421
-2.1201
-4.3551
-1.1062
-0.82666
-4.2989
-2.4018
-2.2094
-0.36466
-2.554
-0.44028
-1.6568
-2.8271
-0.93685
-1.1611
-5.4967
-1.4594
-0.42865
-1.0647
-1.1195
-1.1983
-8.3974
-4.5593
-3.2008
-1.2233
-1.0666
-1.4232
-2.3264
-3.2012
-1.2901
-1.4926
-1.8126
-1.9164
-1.1465
-4.8799
-1.0451
-3.28
-0.85648
-1.6826
-0.83212
-0.74209
-5.9753
-2.1856
-0.71937
-2.874
-0.94054
-0.82841
-5.7945
-4.428
-1.6711
-16.192
-2.5141
-1.6273
-0.94922
-1.0859
-2.7619
-1.6502
-4.8574
-0.95803
-2.5334
-4.7751
-0.60794
-1.5927
-0.71247
-1.2556
-4.0088
-1.0443
-1.5917
-0.64031
-0.79328
-0.97937
-2.4714
-3.7435
-1.2086
-1.3086
-2.0439
-1.4798
-0.55051
-0.78405
-2.463
-6.9102
-1.8441
-1.9781
-1.1092
-0.17049
-0.88254
-1.1852
-0.52335
-0.94454
-0.8167
-2.4051
-1.2044
-1.1695
-1.0274
-0.34737
-1.6009
-5.7543
-5.7126
-5.423
-2.7404
-0.70832
-2.8457
-5.5582
-10.476
-2.0679
-4.4009
-0.81387
-0.34494
-3.269
-0.49659
-2.463
-3.688
-2.3071
-1.5168
-1.3622
-3.0945
-2.8882
-1.0527
-1.654
-2.2416
-5.5528
-1.8293
-4.1014
-1.3543
-7.8625
-1.2215
-1.3901
-2.0301
-1.5659
-1.9691
-4.3565
-0.47582
-1.0368
-1.8612
-1.5446
-0.9442
-2.2086
-6.5845
-0.46809
-0.74521
-0.39841
-4.6721
-1.7445
-0.54692
-4.8783
-16.231
-2.0324
-4.4333
-1.4068
-1.8338
-1.878
-0.47093
-0.82971
-0.8683
-3.976
-2.7461
-1.9569
-0.94766
-0.49114
-3.695
-1.8303
-0.84695
-0.50888
-0.3293
-2.6911
-1.7954
-3.0581
-0.66753
-2.7056
-0.73212
-3.309
-10.077
-1.2315
-0.34511
-1.077
-2.5515
-3.5297
-1.5524
-1.5167
-0.58525
-2.0822
-2.6956
-0.96617
-2.8935
-1.9102
-0.91428
-1.7034
-3.8846
-0.3708
-0.57954
-2.3161
