-0.45713	0.49477	0.0023884	-0.57014	-0.16349	-0.81028	0.48081	-0.11467
-0.40255	-0.078184	-0.66375	-0.26692	-0.34152	-0.047809	0.45835	-1.0327
-0.33458	0.19408	-1.1724	-0.50926	0.45885	0.52712	-0.66825	-0.063556
-0.98721	-0.087072	-0.25821	0.01171	0.16776	0.32161	0.66277	-0.070518
-0.83539	0.1263	-0.43725	-0.35637	0.37634	-0.064528	-0.27897	-0.56512
-1.1926	0.14555	-0.098956	-1.7894	-0.67811	-0.45913	-0.24271	-0.4755
-0.9171	0.31883	-0.030546	-0.47511	0.23035	0.25994	0.55714	-0.16216
-0.30448	0.34281	0.24364	0.29516	0.45453	-0.31401	0.04738	-0.026636
-0.21091	0.032326	-0.30425	0.49603	0.32057	-0.1028	0.32312	-0.14829
-0.27577	-0.074981	-0.28895	0.18206	0.075366	0.1152	0.057113	-0.17148
-0.90886	0.34295	-0.5366	-0.52247	0.51519	0.63482	0.32718	-0.35472
-0.24684	-0.24462	-0.059311	-0.13711	0.34026	-0.28664	0.10713	-0.84452
-0.37852	0.1173	-0.30781	0.31046	0.27802	0.47465	0.20546	-0.28419
-1.2652	0.049049	-0.30934	-0.12329	0.30225	-0.31435	0.52042	-0.74053
-0.43804	0.088695	-0.3067	0.12509	0.41848	0.22716	0.098479	-0.22111
-0.29904	-0.00078783	-0.086549	-0.17467	0.46675	0.089228	0.38479	0.094521
-0.46732	0.2186	-0.55764	-0.015879	-0.17658	-0.13609	0.046666	-0.43787
-0.40279	-0.16048	-0.29329	-0.28713	0.31946	0.030542	0.28166	-0.52386
-0.63063	0.20675	-0.042367	-0.11092	0.028012	0.37637	0.53337	-0.53369
-0.56995	0.10977	0.45243	0.22415	-0.5166	0.55208	0.37923	-0.95467
-0.2671	-0.39644	-0.044505	-0.61527	-0.2009	0.13137	-0.24123	-1.1507
-0.70954	-0.27095	-0.20035	-0.013499	0.054933	0.021217	0.017992	-0.4554
-0.54834	-0.1137	-0.18645	0.18984	0.25342	-0.18042	-0.19922	-0.79264
-0.94329	1.1261	-0.19084	-0.30144	-0.065925	0.50521	0.89958	-0.36837
-0.69374	0.06129	-0.59187	-0.17602	-0.082585	0.23372	0.30332	-0.68523
-0.38741	-0.12799	-0.7113	-0.23161	-0.067858	0.0019197	0.28329	-0.43825
-1.0638	-0.1334	-0.4854	-0.44234	0.0053399	0.12148	-0.041439	-1.315
-0.6994	0.039394	0.26722	-0.073065	0.43288	0.47055	0.44065	-0.79769
0.078981	0.22674	0.10611	-0.45953	-0.24876	0.60841	0.38632	-0.38943
-0.13827	-0.48943	-0.20769	-0.26218	0.76881	0.47485	0.17309	-0.97749
-0.56241	0.21735	-0.04614	0.010674	0.071273	-0.17685	0.35667	-0.38554
-0.77685	0.03159	0.013651	-0.16162	0.22466	0.21648	0.23046	-0.29781
-0.79282	-0.35888	-0.31467	-0.041185	0.13951	0.40756	-0.11724	-0.35035
-0.26004	0.18818	-0.42937	0.26987	0.20374	-0.19096	-0.048646	-0.1141
-0.76223	0.16645	0.36062	-0.065317	-0.0013382	-0.24573	0.13747	-0.083651
-0.11205	0.056805	-0.15563	0.12484	-0.0029778	0.22864	0.78722	-0.68732
-0.41344	-0.31235	-0.43794	0.085646	0.1298	0.27614	0.2551	-0.37202
-0.21727	0.18306	-0.23891	-0.45601	0.12923	0.28455	0.32283	-0.63549
-0.57333	0.28495	-0.24545	-0.63132	0.74239	-0.6234	0.23729	-1.1786
-0.27448	0.10425	-0.47792	0.16386	0.3574	0.017225	0.22224	-0.43813
-1.2066	-0.050705	-0.34667	0.19018	-0.079455	-0.0076218	0.39057	0.12575
-1.3387	-0.13989	0.19436	-0.93616	-0.41868	1.0577	0.061427	-0.32983
-0.47054	0.11711	-0.31111	-0.072356	-0.16538	-0.37651	0.24182	-0.29539
-1.1185	-0.091858	0.29828	-0.061807	-0.10266	0.072169	1.2717	-0.71372
-0.44702	-0.39093	-0.50683	0.1895	0.29923	0.23329	0.30105	-0.39357
-0.83964	-0.31884	-0.54586	0.22689	-0.19929	0.12043	1.2265	-0.16613
-0.26695	0.033664	0.040862	-0.028356	-0.48531	-0.0030268	-0.22598	-0.25524
-0.70271	-0.16464	-0.28756	-0.031624	-0.18617	0.10986	0.41965	-0.86248
-0.7108	0.23347	-0.32191	-0.2596	-0.2485	0.21707	0.93412	-0.5065
-0.86603	0.36121	-0.6463	-0.038971	-0.04395	0.045936	0.48005	-0.33988
-0.42219	-0.24315	-0.2894	-0.41356	-0.028584	-0.056604	0.61871	-0.47028
-0.49005	0.22975	-0.28491	-0.11202	0.45048	0.30894	-0.68874	-0.44792
-0.91304	-0.084318	0.079452	-0.067549	0.039827	-0.21527	0.43286	-0.40898
-0.5099	0.13314	-0.38528	-0.57134	-0.15373	-0.054531	0.3331	-0.83552
-0.80744	0.077232	-0.58882	0.043562	-0.039373	-0.34543	0.10376	-0.2248
-0.10104	-0.12966	-0.69049	0.33864	0.11284	0.002438	0.0031474	-0.2933
-0.49009	-0.14199	-0.054756	0.10963	0.1015	0.0066661	-0.22949	-0.1309
0.49617	-0.19581	-0.54918	-0.49139	0.21443	-0.021816	0.42703	-0.73114
-0.64839	0.090948	-0.619	-0.35849	0.13302	-0.33819	0.15643	-0.92935
-0.69638	-0.2156	0.035149	0.25269	-0.38094	-0.03305	0.31282	-0.46715
-0.4376	0.18405	-0.19869	0.14632	0.21755	0.37467	0.50359	-0.63194
-0.68399	-0.04177	-0.061403	-0.10789	-0.058014	0.26519	0.19386	-0.038784
-0.21618	0.036875	-0.40993	-0.25423	0.043108	0.094039	0.5315	-0.6476
0.17774	-0.0038208	-0.80939	0.56145	-0.4038	0.044532	0.25743	-0.12041
-0.21116	0.49477	0.00079868	-0.20789	0.20658	-0.0667	-0.090571	-0.48293
-0.59087	0.20424	-0.078195	-0.1567	0.32635	0.11856	0.18145	-0.61299
-0.90356	0.018576	-0.0011081	0.17604	0.24671	0.17198	-0.15682	-0.15821
-0.11689	0.23954	-0.2632	-0.013101	0.12078	0.005916	0.27242	-0.76483
-0.66752	0.11884	0.0076784	0.010545	-0.084001	-0.1675	0.4979	-0.49729
-0.22649	0.37292	-0.15788	-0.21117	-0.099943	0.044961	0.56563	-0.75301
-0.73072	-0.10322	0.023874	-0.091938	0.033067	0.023385	0.31854	-0.017452
-0.48925	-0.056291	0.22624	-0.067883	-0.11063	-0.040607	0.25894	-0.14917
-0.51993	0.22962	0.076814	-0.46672	0.14602	-0.041505	0.78021	0.098714
0.011262	-0.61035	-0.22071	-0.010593	0.044458	0.11768	0.52028	-0.48787
-1.3113	0.68084	-0.43299	-0.03706	-0.41436	-0.47608	2.2445	-2.5859
-0.25049	-0.30504	-0.0792	0.090766	0.02619	-0.28215	0.30235	-0.52066
-0.34676	-0.029014	-0.24524	-0.23689	0.14407	0.36815	0.11153	-0.38522
-1.0187	0.85759	-0.76435	-0.46588	-1.0367	-0.074776	0.4884	-0.70893
-0.6626	-0.252	-0.23142	-0.28271	0.51344	-0.19411	0.55509	0.17633
-0.34635	-0.42069	-0.31066	-0.14681	-0.34476	0.43627	0.24655	-0.73868
-0.97031	0.4942	-0.071042	0.20098	0.11052	-0.087737	0.20898	0.11558
-0.67178	0.2772	-0.041898	-0.13475	-0.14383	0.53714	0.32535	-0.38117
-0.14688	-0.42408	0.012715	-0.22465	-0.9579	-0.18658	0.053594	0.21765
-0.35909	0.20543	-0.41828	0.31768	0.12605	-0.013169	-0.027869	-0.36878
-0.49447	-0.27858	-0.5697	0.20044	-0.12493	0.018421	0.1705	-0.35899
-0.5051	-0.15544	-0.28484	0.27043	-0.36321	0.18241	0.50493	-0.40454
-0.23083	0.10322	-0.062829	-0.55535	-0.33762	0.029774	0.56899	-0.2243
-0.41491	-0.22249	-0.41415	-0.22507	-0.060243	0.16639	-0.35322	-0.38914
0.7425	-0.37625	-0.36982	0.22931	0.90416	1.0887	-0.23862	0.91731
-0.24176	0.070934	-0.56464	-0.21296	0.075425	0.22514	0.064902	-0.41836
-0.076976	-0.08908	-0.66076	0.11033	-0.37972	-0.04157	0.14812	-0.51211
-0.97295	0.22642	0.04141	-0.25688	-0.075091	0.25672	0.06444	-0.58429
-0.69808	0.047517	-0.56167	-0.30477	-0.16069	-0.38072	0.055161	-0.61396
-1.3267	0.34402	-0.36905	-0.68046	0.3297	0.18741	-0.11101	-0.46316
-0.25444	-0.21218	0.34294	-0.060944	-0.18116	-0.517	0.56238	-0.7528
-0.50205	-0.4867	-0.045541	-0.1207	0.15089	-0.14658	0.65411	-0.11449
-0.20322	0.11078	-0.083924	-0.23393	0.39493	0.39407	0.15145	-0.12613
-1.3398	0.34661	-0.4385	0.49553	-0.19154	-0.16003	-0.16539	-0.65202
-0.58653	0.29392	-0.20731	-0.17988	0.12182	0.040301	0.101	-0.32112
-0.36008	0.019711	-0.44698	0.043345	-0.056421	0.040627	-0.0033667	-0.33946
-0.8956	0.086333	-0.065443	0.0011664	-0.15464	0.13086	0.16873	-0.1809
-0.43804	-0.6834	0.51518	0.032434	0.34553	-0.20949	-0.23578	-0.17981
-0.62932	0.65537	-0.38348	-0.41104	-0.81484	0.54451	0.16849	-0.28468
-0.61915	0.12456	-0.29718	-0.1878	0.28761	-0.20973	0.28083	-0.49477
-0.64406	-0.23737	-0.25524	0.14649	-0.13385	-0.10274	0.50544	0.043914
-0.49573	0.52567	-0.55006	0.10392	0.12245	0.10308	0.12789	-0.6197
-0.5411	-0.47888	-0.068138	0.027354	-0.14268	0.49396	0.64127	-0.58695
-0.13497	0.14798	-0.14035	-0.24176	0.22007	-0.13457	0.21795	-0.21461
-0.66711	-0.1808	0.12796	0.36317	0.49805	-0.21117	0.36785	-0.60817
-1.4573	0.14931	-0.55577	-0.309	0.68273	1.5179	0.75115	-0.63745
0.018183	0.067423	0.064954	-0.087957	-0.16372	-0.52903	0.64277	-0.53209
-0.40445	-0.17379	-0.20987	0.058492	-0.043872	0.11828	0.10541	-0.80662
-0.40927	-0.17812	-0.17516	-0.2958	0.04197	0.52154	0.044876	-0.52526
-0.49577	0.46478	-0.45776	-0.38407	-0.045069	0.35284	0.34833	-1.1694
-0.1223	-0.028407	0.023868	0.025301	0.014356	-0.002564	0.038754	-0.066751
-0.5927	0.025012	-0.40693	0.18251	-0.066702	0.10382	0.39108	-0.15018
-0.045474	0.07911	0.31529	-0.14228	0.22201	-0.1261	0.34472	-0.58584
-0.84489	-0.30173	-0.48713	-0.35132	-0.47055	0.43157	0.25961	-0.88378
-0.49131	-0.37848	-0.96181	0.059236	0.32053	0.10364	0.27655	-0.47323
-0.043824	-0.30453	-0.22314	-0.077171	0.27708	-0.24148	0.2644	-0.743
-1.2653	-0.32794	-0.091194	0.094605	0.14234	0.078692	0.20319	-0.45542
-0.46629	-0.42229	-0.26582	-0.15135	0.22329	-0.13064	0.11498	-0.23811
-1.0661	0.16611	-0.22629	-0.28265	0.67183	1.139	0.27964	-0.34378
-0.10692	0.22976	-0.0337	0.050119	-0.15993	0.5962	0.97109	-0.16122
-0.52054	-0.050575	-0.48955	-0.030467	-0.21301	0.17235	-0.033514	0.13197
-0.31369	0.10984	-0.00089823	-0.35239	0.14813	0.47684	-0.11181	-0.96792
-0.14832	-0.05526	-0.18614	-0.2135	0.021396	-0.066935	0.29471	-0.0324
-0.56964	0.22298	0.25041	-0.24834	-0.19215	0.22991	0.15632	-0.60494
-0.82844	-0.14465	0.2674	-0.45967	0.70872	0.17069	0.2111	-0.32106
-0.70927	1.1061	-0.10687	0.86538	0.58135	0.40449	0.25916	-0.030345
-0.030609	-0.28766	-0.3614	0.10232	-1.0036	-0.46953	0.18071	-0.30399
-0.58078	0.19302	-0.35211	-0.17251	0.053532	0.15428	-0.1954	-0.39724
-0.070911	-0.46346	-0.17042	-0.45132	-0.0090192	0.38437	0.28857	-0.79016
-0.27804	-0.0066466	-0.22443	-0.25651	0.37586	0.080796	0.33312	-0.72102
-0.19208	-0.079912	-0.11398	0.12349	0.11644	0.45201	0.57322	-0.11064
-0.83421	0.16922	-0.82369	-0.43868	-0.26293	0.15319	0.53905	-0.4409
-0.76813	0.060859	-0.077306	-1.1221	-0.020774	-0.72338	-0.08076	-0.36183
-1.1554	-0.75471	-0.078139	-0.44615	0.16127	0.023324	0.64874	-0.49628
-0.53909	0.048552	0.010447	0.32179	0.15517	0.55039	0.57961	-0.45946
-0.69598	0.13124	0.016257	0.069211	-0.10757	0.24627	0.42818	-0.80887
-0.47187	-0.10764	-0.50268	-0.2003	0.11307	-0.071545	-0.17946	-0.7377
-0.73122	0.3123	0.21278	-0.14267	-0.13303	-0.074801	0.49788	-0.47928
0.28477	-0.12967	-0.33635	0.046821	-0.16213	0.16769	0.22755	0.0051651
-1.1384	0.54434	0.495	-0.85514	0.41386	-0.12279	1.3967	-0.95509
-0.26517	0.37131	-0.084755	0.012618	-0.30766	-0.41949	-0.96131	-0.78521
-0.10873	-0.063614	0.73162	-0.3479	-0.16261	-0.024758	0.19579	0.021317
-0.080746	0.14191	0.084248	-0.19932	0.12974	-0.094711	0.21461	0.1915
-0.96693	0.24156	-0.12167	-0.3557	-0.010519	0.12651	0.16199	0.30126
-1.209	0.21931	-0.49069	0.056408	0.36922	0.099798	0.12112	0.028039
-0.81263	0.033571	-0.098048	0.014598	0.31898	0.010096	-0.0063777	-0.53027
-0.51725	0.066837	-0.40693	-0.13731	0.28252	0.16295	0.17131	-0.19688
-0.72218	-0.88235	0.025751	-0.51383	-0.33302	0.065934	-0.065228	-0.77682
-0.04065	-0.6445	-0.68635	0.018554	0.22207	-0.0693	0.1218	0.30731
-1.0388	1.0656	-0.81364	0.07358	-0.23848	0.37264	0.68138	-0.80127
0.15315	0.18356	-0.67524	0.5358	-0.57792	0.70381	0.27108	-0.67519
0.24307	0.33476	-1.1975	0.29793	-0.26408	0.18975	0.53761	-0.21487
-0.30764	0.014893	-0.51942	-0.11879	-0.070799	0.28597	0.77593	-0.1998
-0.43608	-0.14323	-0.40314	-0.10694	0.33545	-0.25182	-0.52667	0.60181
-0.60349	-0.44275	-1.508	-0.20443	0.41126	-0.18148	2.026	-1.3988
-0.56776	0.1119	-0.28766	-0.50451	0.39917	-0.63912	-0.092329	-0.23024
0.43509	0.59682	-0.58327	-0.37671	0.29316	0.61729	0.076466	-0.51962
-1.6504	0.16382	-0.27827	-0.0019602	-0.082392	0.70808	-0.5408	-0.25792
-0.65665	0.036976	-0.2868	-0.15112	-0.071476	0.050264	0.38546	-0.40194
-0.76546	-0.14119	-0.33091	0.36613	0.16242	0.16623	0.64146	-0.80736
-0.025679	0.065891	0.092066	-0.28082	-0.33668	-0.60986	0.14211	0.63488
-0.35923	-0.48697	-0.27027	-0.14856	0.14588	0.0044679	0.70939	-0.39588
-0.39951	0.04851	-0.17621	0.11231	-0.10117	0.061696	0.23398	-0.74437
-0.61083	0.012513	-0.31958	-0.02001	-0.39201	0.22262	0.40463	-0.80822
-0.59778	0.45805	-0.29461	-0.26601	-0.21073	-0.18382	0.11138	-0.87321
-0.39554	0.25006	0.13426	-0.39779	0.20271	0.055359	0.45843	-0.40105
-0.065909	-0.32994	-0.66848	0.55353	0.11941	0.22824	0.17013	-0.14031
-0.35797	-0.13568	-0.14587	0.010894	-0.38658	0.11821	0.69109	-0.71306
-0.65494	-0.20846	-0.40753	0.34272	0.21094	0.21527	0.2301	-0.14666
-0.56725	-0.28493	-0.40023	-0.43821	-0.067543	0.30821	0.034986	-0.63378
-0.38139	0.081103	-0.73358	-0.1649	0.3002	0.15811	1.1209	-0.56138
-0.025374	0.36738	-0.26976	-0.16195	0.23159	-0.4469	0.36951	-0.6315
-0.63294	-0.13552	-0.40325	-0.49847	-0.12941	0.59306	0.45022	-0.50459
-2.787	1.3902	-0.50052	0.44783	0.68529	0.20147	0.14446	-0.83946
-0.3637	0.2382	-0.21267	0.31564	-0.10482	0.10313	0.093733	-0.89714
-0.62013	0.02041	-0.20673	-0.56896	-0.32124	0.49276	0.55273	-0.91441
0.28813	0.18605	-0.10285	0.42461	-0.31538	-0.88529	0.46414	-1.1021
-0.51594	0.35547	-0.37104	-0.40313	-0.2128	0.049834	0.22479	-0.2936
-0.37519	-0.4141	-1.1788	-0.19366	-0.20075	-0.50412	0.053297	0.12791
-0.23095	-0.13369	-0.16741	-0.011282	0.11986	-0.11057	0.48029	-0.36558
-0.99529	-0.011401	-0.42749	0.18357	-0.12118	0.51453	0.90601	-0.26388
-0.44693	-0.13885	-0.39649	-0.059399	0.12338	-0.087346	0.12836	-0.76269
-0.70215	0.2379	-0.17405	-0.10275	-0.16692	0.38831	0.085929	-0.035095
0.29701	-0.17969	-0.1895	-0.43721	0.33059	-0.013276	0.59575	-0.93967
-0.82501	0.023977	-0.43505	-0.19772	0.077446	0.087502	0.24441	0.0090549
-0.1974	-0.46071	-0.037192	-0.056814	0.5679	-0.40176	0.037995	-0.31087
-0.9549	0.42909	-0.58344	-0.22646	-0.097531	-0.31958	0.66901	-0.85702
-0.93462	0.31584	-0.15414	-0.1221	-0.095362	0.15541	0.34022	-0.36274
-0.37837	-0.096299	-0.062247	-0.21934	0.43162	0.22685	-0.058615	-0.46699
-0.43731	1.6015	0.19156	-0.74247	1.4854	-1.3786	-0.12241	-0.71016
-0.55024	0.015886	0.48604	0.29458	-0.0094563	-0.066882	0.25363	-0.47611
-1.1965	0.35193	-0.030593	-0.71115	-0.32548	0.31134	0.57792	-0.41644
-0.82673	0.26551	-0.23211	-0.2295	0.0097842	0.16638	-0.15432	0.19583
-1.4909	0.47881	0.066112	-0.26711	-0.13449	0.36333	0.90962	-1.1158
-1.1157	0.60551	-0.43189	-0.32086	-0.46647	-0.24306	-0.51631	-0.85686
-0.44886	-0.67287	-0.51304	-0.34624	-0.1694	-0.42584	-0.1576	-0.5187
-0.50546	-0.39587	0.046145	0.2697	-0.22237	-0.35946	-0.048965	-0.53378
-0.4083	-0.1873	-0.42486	-0.14806	0.10063	-9.7296e-05	0.15305	-0.59963
-0.32654	-0.079721	-0.17025	0.045451	-0.18115	0.3591	-0.14555	-0.40697
-0.86714	0.20865	-0.0066058	0.32477	0.016351	0.19523	0.45578	-0.43333
-0.73546	-0.031396	-0.091968	-0.68359	0.15734	-0.064564	0.67393	-0.46585
-0.31802	-0.26923	-0.45868	0.092746	-0.12111	0.17764	0.52545	-0.18207
-0.58911	-0.21419	-0.85756	-0.68713	0.56082	0.38128	0.41546	-0.62455
-0.59581	-0.11508	-0.35227	0.76664	0.045529	-0.45682	-0.32054	-0.69893
-1.7401	-1.0012	-0.89871	-0.32295	-1.1518	1.2379	1.1083	-1.9927
0.44614	0.55461	-0.24215	0.40403	-0.30735	0.7639	0.51565	-0.077866
0.18733	-0.49263	-0.030808	0.30629	-0.21276	-0.18318	0.30813	-0.61847
-0.71524	-0.11041	-0.54263	0.36439	-0.11543	-0.036575	0.40169	-0.25342
-0.092169	-1.0221	-0.27269	-0.032749	-0.13065	0.39403	0.35328	-0.7899
0.2361	0.62954	-0.48942	-0.82439	0.21923	-0.06609	-0.027129	-0.17711
-0.50721	0.012203	-0.39634	0.20252	-0.062824	-0.32169	0.22765	-0.88968
-0.76166	-0.19782	-0.27913	0.19501	0.33848	0.024637	0.15001	-0.63025
-0.63138	-0.013856	-0.3305	0.22411	0.020889	0.099088	0.59298	-0.16662
-0.51657	-0.23414	-0.4116	-0.11894	-0.30851	0.49166	0.51871	-0.85721
-0.30329	-0.65242	-0.47503	-0.21356	0.2189	0.80795	0.58206	-0.47318
-0.63788	-0.12982	-0.35337	-0.15169	0.011106	0.20036	0.70214	0.22641
-1.0525	-0.25732	0.36826	-0.47724	-0.11927	0.36324	0.34599	-0.42988
-0.7298	0.54222	-0.13783	-0.36096	0.11862	0.26662	0.2461	-0.43158
-0.95006	0.87796	-0.98135	-0.65625	0.49214	0.41983	1.5162	-1.6728
-0.31907	0.24227	-0.44704	-0.33818	-0.15161	0.40717	0.34132	-0.48678
-0.32452	-0.48798	0.34438	0.15182	0.14055	0.25024	0.395	-0.25732
-1.1402	0.37269	-0.16725	-0.1499	0.15883	0.44954	0.47472	-0.46175
0.27837	-0.84721	-0.66154	0.090878	-0.19253	-0.42418	0.6288	-0.70936
0.024686	0.39519	0.47303	-0.77504	-0.040085	0.15888	0.15855	-1.1386
0.25369	-0.093724	0.078893	0.98482	-0.13623	0.82423	0.75792	-0.23564
-0.53753	-0.12274	-0.46953	-0.33562	0.11154	0.092613	0.1926	-0.46823
0.11735	-0.40008	0.2914	-0.20956	0.37007	-0.55812	-0.1374	-0.051393
-0.37327	0.27916	-0.39126	0.2543	1.1876	0.44316	0.77933	-0.62078
-0.19689	0.021289	-0.8229	-0.24544	0.14832	0.12864	0.57504	-0.46543
-1.3734	-0.025304	-0.28277	-0.85972	-0.41469	-0.086905	0.74189	-0.52487
0.82052	0.77175	-0.25118	0.66229	-2.2229	0.78812	0.27621	-0.32042
-0.47661	0.029121	-0.18147	-0.24426	-0.20014	-0.11572	0.1227	-0.56829
-0.30345	-0.14582	0.018564	-0.30186	0.043668	0.14164	0.82553	-0.36483
-0.60901	-0.15627	-0.37981	0.12729	-0.13643	0.11193	0.63511	-0.54711
-0.15084	0.97242	-0.8866	0.28212	-0.026131	0.38922	-0.16965	-0.50631
-0.75168	0.2351	-0.20898	-0.26964	0.20169	0.15943	0.17444	-0.51644
-0.35082	0.36993	-0.59589	-1.1192	-0.1228	-0.3926	0.66923	-0.90905
-1.3012	0.91841	-0.5544	-0.53173	0.34275	-0.1883	-0.082915	0.16622
-0.76667	0.3353	0.057623	0.85782	-0.41241	-0.074982	1.0127	-1.084
-1.0743	-0.68805	-0.43431	-0.33116	0.39773	-0.27511	-0.12439	0.02646
-0.76694	-0.15788	-0.41957	-0.32795	-0.040816	-0.18373	0.31813	-0.44392
-0.94555	-0.11822	-0.27213	0.018944	-0.36316	-0.011182	0.3167	-0.17272
0.017746	0.27017	-0.31845	-0.41474	-0.10729	0.4621	0.22016	-0.094827
-1.7124	0.2651	-1.1146	0.045974	0.3532	-0.82086	0.93171	-1.4801
-0.75179	0.11275	-0.20492	-0.045661	-0.29513	-0.18229	0.2967	-0.27558
-1.5288	-0.29379	-0.16097	-0.26887	-0.0094006	-0.025052	0.10052	-0.37489
-0.60653	0.12255	0.12043	-0.17786	0.093504	0.5362	0.41219	-0.71289
-1.2169	-0.28212	-0.68372	-0.26511	-0.42958	0.42746	0.69566	-0.20562
-0.056068	-0.009471	-0.50453	-0.42812	-0.030615	-0.019215	0.38283	-0.76437
-0.45989	0.39021	-0.77746	0.090599	0.24889	-0.20425	0.44791	-0.63859
-0.87879	-0.2905	-0.38841	0.028257	0.13191	0.14978	0.50605	-0.57747
-0.81597	-0.24079	-0.0010403	-0.2022	-0.17372	-0.22938	0.0071917	-0.43289
-0.61947	0.28614	-0.26237	-0.54636	-0.72627	0.45953	0.08168	-0.27015
-0.55628	-0.28482	-0.32744	0.04068	-0.06637	0.04051	0.21842	-0.33103
-0.085188	0.27956	-0.41675	-0.032305	0.16398	0.30536	0.55516	-0.33414
-0.65897	0.073973	-0.18101	-0.017378	0.37981	0.1979	0.74626	-0.29306
-0.3569	0.31583	-0.44421	-0.44273	0.22914	0.51546	0.1816	-0.28043
-0.33822	0.063805	0.57951	0.69386	-1.0604	0.21528	0.42616	0.40271
-0.18218	-0.26717	-0.41312	-0.53088	-0.24853	-0.43882	0.13166	-0.45552
-0.019501	0.067154	0.010252	-0.060977	0.02432	-0.0057909	-0.012069	-0.055073
-0.96136	0.23437	0.1735	-0.012577	-0.45758	-0.093848	0.42305	-1.075
-0.80145	-0.44778	-0.16366	0.081205	0.31336	-0.26796	0.09072	-0.42814
-0.40655	0.19843	-0.10084	-0.13072	-0.13802	-0.44688	0.27636	-0.98601
-0.98344	-0.09636	-0.31697	0.10244	-0.33383	0.30111	0.14249	-0.76984
-0.61843	-0.013562	-0.16259	-0.028749	-0.04474	0.47364	0.18252	-0.27006
-0.76188	0.045691	-0.44022	-0.62191	-0.6081	-0.012268	-0.22054	-0.72031
-0.90166	0.24016	-0.60552	-0.0075935	-0.19633	0.03672	0.14544	0.16461
-1.3859	-0.33448	-0.78009	0.093737	-0.16962	0.2055	0.50893	-0.60315
-0.3918	0.31586	-1.0844	0.079058	0.24121	0.070794	0.51946	-0.93921
-0.62752	-0.34051	-0.089429	-0.46583	0.15149	-0.26884	0.05533	0.0056925
-0.43522	0.16115	-0.2472	0.22226	-0.32574	0.29337	0.49268	-0.36398
-1.2668	0.1384	-0.45545	0.5024	0.50915	-0.43163	-0.0056295	-1.3335
-0.36384	-0.068211	-0.26706	-0.27578	-0.23097	0.2013	0.42953	-0.37181
-0.46574	-0.20476	-0.57731	-0.25566	0.072229	0.079396	0.17195	-0.79053
-0.59756	-0.24918	0.24784	-0.064564	-0.55262	-0.049224	0.68038	0.06433
-0.7846	-0.47904	-0.93523	0.16535	0.072495	0.059891	0.086448	0.35482
-0.51649	0.42506	-0.5844	0.080681	0.030006	-0.25788	0.52172	-0.17429
-0.53992	-0.1442	-0.41105	0.11817	0.18694	-0.72932	-0.13865	-1.0324
-0.44918	-0.039072	-0.38313	0.22858	-0.065062	0.028779	0.12615	-0.52965
-0.65228	0.38459	-0.44368	0.11856	0.14168	0.12019	0.44854	0.056985
-1.0594	0.26084	-0.15758	-0.16861	0.37373	0.19713	0.74341	-0.42142
-0.43735	0.1036	-0.090309	-0.25741	0.25624	0.14856	0.56419	-0.19331
-1.4795	-0.1228	-0.66681	-0.54666	-0.6387	0.14553	1.1332	-0.83825
0.073354	0.45771	-0.32725	-0.2782	0.081481	0.23218	0.81543	-0.66737
-0.5386	-0.064959	-0.10462	0.32374	-0.37841	0.1998	0.50202	-0.51411
-2.063	0.60258	0.42861	-0.24594	-0.37405	0.30484	0.9156	-1.6557
-0.28215	0.30213	-0.63342	0.17355	0.24829	0.65095	0.65045	-0.722
-0.55847	0.63553	-0.076643	-0.24294	0.018676	1.0762	-0.42042	-0.57488
-0.024129	0.42444	0.070643	0.079006	-0.019374	0.23728	0.069582	0.032746
-0.46791	0.1604	-0.15216	-0.14618	-0.23906	0.56838	0.36309	-0.80223
-0.41165	0.1516	-0.89878	-0.32711	0.23832	-0.24092	0.42505	-0.36913
-0.073939	1.0329	-0.21533	0.35554	0.20032	0.27872	-0.40323	-0.5076
-0.43163	0.11235	0.087585	-0.11824	-0.3882	-0.76578	0.19497	0.50864
-0.78	-0.10908	-0.559	-0.25086	0.15572	-0.072984	0.64039	-0.53662
-0.23921	0.11431	-0.63677	-0.20877	0.2343	0.091021	0.5853	-0.034312
-0.7224	0.017179	-0.22455	-0.31375	-0.31176	0.43317	0.31888	-0.47819
-0.44418	0.22985	0.03518	0.027821	0.21361	0.44848	0.33513	-0.46543
-0.6806	0.31074	-0.33265	-0.25589	-0.21462	-0.64087	0.48736	-0.13378
0.20375	0.11908	-0.19982	0.41893	0.26444	0.060175	0.31453	-0.14422
0.0065299	-0.040414	-0.78603	0.080003	0.35374	0.24132	-0.29908	-0.21066
-0.43579	0.33295	-0.0014087	-0.21066	-0.23215	-0.042519	0.52261	-0.17675
-0.27443	0.59976	-0.95136	-0.18376	0.25923	0.10533	1.2831	-0.26103
-0.97382	-0.12129	-0.76151	0.42457	-0.046166	0.26623	0.53345	-0.51614
-0.24342	-0.063361	-0.6518	-0.16414	0.23011	-0.099927	0.64181	-0.57816
-0.58474	-0.36999	0.25348	0.096056	-0.18084	-0.050689	-0.041526	-1.1145
-0.65587	-0.29551	-0.11853	0.15059	-0.10412	0.29084	0.073369	-0.27176
-0.16314	0.080671	-0.28567	-0.057704	-0.25797	0.1891	0.47288	-0.24936
-1.053	0.49883	-0.33795	0.092447	-0.556	0.41368	-0.33882	-0.14433
-2.9568	0.50198	-2.6835	-0.56592	-1.3081	0.23774	1.1477	-0.97989
-0.29623	-0.39117	-0.1604	0.0094646	-1.17	-0.12319	0.2576	-0.70579
-0.20675	0.088671	-0.44666	-0.14323	-0.030522	0.13151	0.41224	-0.3763
-1.0179	-0.73103	-0.4629	-0.77394	0.26854	-0.52489	1.0154	-0.43148
-0.13324	0.031921	-0.20887	0.81141	-0.094808	0.3456	0.21563	0.095706
-0.2642	-0.40164	0.26869	-0.23845	0.24815	0.096673	0.87306	-0.49116
-0.63796	-0.2884	0.0082308	-0.0537	-0.17426	-0.016752	0.90173	-1.0238
0.30665	0.50114	-0.49121	-0.55654	-0.98563	1.6383	1.7526	-0.99325
-0.18041	-0.30951	-0.41371	0.31922	0.050612	-0.012046	0.34473	-0.52961
-0.30702	-0.3025	0.14827	-0.51229	0.41621	0.25872	0.73976	-0.056994
-0.56877	0.33743	-0.41683	-0.27358	0.44023	-0.18207	0.25239	-0.26124
-0.54522	0.35586	-0.30584	0.11478	0.07164	-0.087966	-0.073502	-0.25647
-0.3503	-0.12394	0.063677	-0.45999	0.029653	0.062569	0.16605	-0.18375
-0.37286	-0.020884	-0.45462	-0.14026	0.2929	0.20313	0.073848	-0.29858
-0.29756	0.9422	-0.99433	-0.20474	0.08097	0.28969	0.084511	-0.21551
-0.8055	0.22973	-0.18252	0.34817	0.44966	0.58598	0.35454	0.1273
-0.37304	-0.17285	0.68982	-0.4696	0.04707	-0.38862	0.96517	-0.62946
0.26082	-0.30637	-1.8783	-0.78062	-0.10762	1.0731	0.86084	-1.0971
-0.71089	0.040121	-0.3598	0.013676	-0.25075	0.25837	0.18109	-0.47756
-0.69826	0.030045	0.18116	-0.41103	-0.58149	0.15356	0.37914	0.10343
-0.06721	0.19704	0.31161	0.25876	-0.2194	-0.48464	0.5267	-0.8472
-0.73038	-0.26033	-0.14346	0.1146	0.18366	-0.20038	-0.24324	-0.57742
-0.23396	0.0040882	-0.9042	-0.0509	-0.086403	0.39681	0.65473	-0.55543
-0.67853	-0.09135	-0.37754	-0.18984	0.4102	-0.55896	0.082101	-0.92369
-0.66186	0.23998	-1.1088	-0.82827	0.54551	1.6678	0.67053	-0.7252
-0.53349	-0.21681	-0.2497	-0.011165	-0.41708	-0.056359	0.32367	-0.33995
-1.2503	0.30121	-0.41485	0.16211	-0.37835	0.89711	0.25495	-1.3072
-0.53422	0.16461	-0.23872	-0.33376	0.10225	-0.35175	0.2062	-0.59102
0.11606	0.18266	0.36333	-0.70602	-0.16907	0.19755	0.61619	0.11733
-0.74039	0.1953	-0.24741	0.13706	-0.47175	-0.19039	-0.26886	-0.58433
-0.71365	-0.14101	0.23608	0.033549	-0.30091	-0.53915	0.11498	-0.82366
-0.43971	-0.39886	0.077933	0.11767	-0.14783	0.059071	-0.019649	-0.33921
0.21113	0.30886	-0.83438	-0.57891	0.39759	0.38936	-0.70502	0.45635
-0.13817	-0.05215	-0.55097	-0.019467	-0.011273	0.074022	0.38607	0.12111
-0.35024	-0.30313	-0.46314	0.1267	0.35873	-0.19407	-0.13128	-0.017453
-0.47378	-0.44045	-0.38824	-0.14148	0.12891	-0.38598	0.011254	-0.056611
-0.61021	0.43698	-0.11365	0.18061	0.19351	0.35992	0.23216	-0.021586
0.029407	-0.072676	0.01939	0.16237	-0.28378	-0.27582	-0.065544	-0.094493
-0.63888	-0.20228	0.088595	0.22604	0.066064	0.11792	0.17962	-0.59558
-0.22313	-0.51366	-0.1002	-0.18321	0.40164	-0.32645	0.57921	-0.31937
-0.053749	-0.21507	-0.58003	0.045062	0.15469	0.4432	0.49856	-0.14173
-0.31404	0.25388	-0.11076	0.11122	0.3203	-0.11507	0.25389	-0.082464
-0.13826	0.018786	-0.047343	-0.15649	-0.012758	-0.1725	0.096775	-0.18883
-0.97133	0.34034	0.61139	-0.37511	0.12047	-0.0052622	0.46027	-0.096056
-0.3778	-0.044292	0.10547	0.12523	-0.091313	0.025562	0.027697	-0.020368
-0.91525	0.036783	-0.12481	0.26515	0.21102	0.5214	0.37745	-0.65765
-1.4813	-0.094372	-0.49469	-0.38818	0.05992	-0.16399	0.63862	-1.0484
-0.24362	0.85845	0.31909	-0.31334	-0.31246	0.59951	0.37017	-0.28531
-1.2995	-0.21585	-0.32706	-0.042695	0.23353	0.09812	0.19475	-0.30928
-0.38082	0.23169	-0.44804	-0.44133	0.093552	0.3069	-0.073502	-0.15286
-0.0062251	0.37531	-0.24987	-0.30566	-0.1057	-0.19948	0.0017535	-0.68535
-2.1316	0.16647	0.35691	-0.017205	-0.68312	1.0217	-0.17305	-0.74258
-1.1673	-0.15617	-0.22726	0.31912	0.27853	-0.041131	0.4212	-0.70228
-0.56003	0.083872	-0.61481	-0.11545	-0.015039	0.29112	0.019099	-0.087315
-1.1009	-0.29752	-0.1396	-0.74214	0.2803	0.2341	0.72945	-0.20395
-0.39401	-0.17039	0.014927	0.04979	0.32908	-0.22702	-0.046154	-0.59253
-0.24677	0.25009	-0.016833	-0.081521	0.20178	0.3271	0.21832	-0.63494
-0.84912	0.39127	-0.17106	-0.11296	0.34561	0.19236	0.13936	-0.20212
-0.8246	-0.11547	-0.51934	-0.61201	0.056511	-0.05413	0.23683	-0.50398
-0.22914	-0.12492	-0.11508	-0.25416	-0.16004	-0.35363	-0.79712	-0.30098
-1.1423	-0.69968	0.049228	-0.14504	-0.15725	-0.021423	1.1371	-0.64465
-0.0060003	0.63533	-0.66729	0.19484	-0.11386	-0.06376	0.045744	-1.04
0.15665	-0.69385	-0.50847	1.1616	-0.34488	-0.66412	0.03953	-0.62064
-0.93902	0.24719	-0.28042	-0.096479	-0.114	-0.025295	0.15528	-0.98224
-0.69393	0.22352	-0.094701	0.092817	-0.089694	0.31142	0.21417	-0.28583
-0.38792	-0.65612	-0.31336	0.34433	0.22123	0.49406	0.1719	0.06753
-0.78798	-0.29067	-0.10591	0.1503	-0.26487	0.15589	0.1597	-0.59968
-0.38155	-0.12823	-0.1209	-0.38778	-0.13279	0.22356	0.075255	-0.89229
-0.79865	-0.042674	-0.44448	0.59805	0.19021	-0.17161	0.6475	-0.52861
-0.67138	0.098964	-0.49288	-0.31008	-0.34788	-0.14584	0.21528	-0.17878
-0.36259	-0.024485	-0.54123	-0.51582	0.47594	-0.048864	0.35487	-0.41297
-0.44251	0.32796	-0.39793	-0.16452	0.31215	-0.32702	0.19975	-0.14794
-0.68738	-0.098257	-0.10793	-0.1144	-0.074811	0.056367	0.44094	-0.23025
-1.334	-0.017173	-0.12824	-0.50835	0.31393	0.025573	0.32466	-0.36662
0.17307	0.62634	-0.52356	-1.3674	-0.081965	0.074263	-0.38656	-0.48553
-0.81039	-0.53362	-0.011649	-0.21539	0.11368	-0.38569	-0.074901	-0.67016
-0.29153	0.23687	-0.51574	-0.30587	-0.50078	0.090901	0.23707	-0.3239
-0.63858	0.14009	-0.24661	-0.0046068	-0.13499	0.12261	0.15108	-0.35186
-0.81411	0.099782	-0.34413	0.001791	-0.22181	0.030116	-0.062802	-0.063847
-0.26212	-0.4493	-0.065616	-0.58639	0.29271	0.18674	0.15331	-0.24463
0.05951	-0.13768	-0.45795	-0.33757	-0.27574	0.48027	0.045192	0.49333
0.68219	-0.34259	0.11275	-0.85819	-0.62612	0.064067	0.073553	-0.697
-0.84401	-0.032068	-0.14707	0.13466	0.22038	0.072307	0.20138	-0.29186
-0.61269	-0.11504	-0.20577	-0.15155	-0.0218	0.04242	-0.091911	-0.34553
-0.37839	-0.19886	-0.34365	-0.047745	-0.37057	0.33846	0.52582	-0.54017
-0.31676	0.44026	0.29306	0.27609	0.15166	-0.31407	0.27384	-0.66813
-0.61754	0.25483	0.026587	-0.22356	0.086552	0.40263	0.33024	-0.71542
-0.17377	-0.047971	-0.27999	0.352	-0.40494	0.48246	0.29063	-0.061667
-1.0029	-0.19646	0.49925	-0.27179	-0.27937	-0.090749	-0.024957	-0.61842
-0.29191	0.014397	-0.69761	-0.45141	0.2016	0.1922	0.33736	-0.063568
-0.81173	-1.2563	-0.97892	-0.2696	0.22182	-0.052289	0.97921	-0.28226
-0.95103	-0.32224	-0.34017	-0.039303	0.5676	0.15829	-0.59839	-1.9568
0.071989	-0.84633	0.062868	0.028279	-0.058687	-0.32655	1.2774	-0.82873
-0.40731	-0.25481	-0.85714	0.094966	-0.24286	0.25528	0.051127	-0.56067
0.13912	-0.19234	-0.79822	0.20703	0.57517	0.046015	0.71576	-0.52079
-0.43777	0.55909	0.3045	0.48187	0.072031	0.50145	0.94256	-0.77074
-0.29848	-0.10467	-0.23888	-0.55187	0.19757	0.77449	0.48969	-0.50881
-1.0769	0.069282	-0.25782	0.48211	-0.22562	-0.1758	0.72743	-0.26805
-0.57999	-0.39385	-0.20655	0.54045	0.76473	0.91345	0.81095	-1.2712
-1.0028	0.013064	-0.40189	0.16255	-0.15402	0.16163	0.016895	-0.67453
-1.2608	-0.37783	-0.24953	-0.44358	-0.15327	-0.23655	-0.35668	0.36471
0.0085878	1.2498	1.4333	-0.91146	0.25772	-0.18625	0.9909	-1.0065
-0.60635	-0.60002	-0.50105	0.80191	-0.39047	0.6453	-0.098576	-0.47898
-0.074092	0.29266	-0.13064	-0.23196	-0.4953	0.23747	0.31706	-0.12699
-0.71861	0.029163	-0.63487	0.36505	0.099787	0.00068527	-0.037354	0.26392
-0.37684	-0.054581	0.30085	-0.13699	-0.17985	-0.22805	0.091832	-0.086593
-0.40102	0.36453	-0.13393	0.34215	0.19055	-0.16012	0.60937	-0.39393
-0.58006	-0.15756	-0.25377	0.066692	-0.017121	0.1633	0.18879	-0.20457
-0.63	-0.15159	-0.28228	-0.31076	0.46756	0.040802	0.38067	-0.229
-1.1722	0.10708	-0.16425	-0.67391	0.25088	0.11006	-0.072462	-0.81232
-0.80922	0.54752	0.42017	-0.44901	-0.64119	0.089136	0.41023	-1.1387
-0.30041	0.5898	-0.35944	-0.29048	-0.026117	-0.21202	0.3439	-0.21674
-2.1847	-0.15376	-0.42514	0.34723	0.40135	-0.98014	0.7226	0.12965
-0.90392	-0.11942	-0.36885	-0.076291	0.040826	0.28832	0.44844	-0.31402
-0.89858	0.54248	-0.40315	-0.32051	0.48024	0.16794	0.56493	-0.61467
-0.2863	-0.43006	-0.31644	0.056247	-0.36697	0.18904	0.42821	-0.30431
-0.35101	0.045989	-0.24368	-0.6233	0.40179	-0.41862	0.52094	-0.38055
-0.63248	-0.14266	-0.26979	0.073078	-0.017373	-0.0062416	0.42245	-0.33435
-1.2552	0.014902	-0.17578	-0.2457	0.18045	0.82322	-0.37806	0.29104
-0.33861	-0.10904	-0.39227	0.22558	0.030005	-0.0048645	0.12415	0.074685
-1.7768	0.1307	0.13802	-0.19715	0.51527	-0.13028	-0.69828	-1.0519
-0.5383	-0.045125	0.23986	0.26207	-0.17809	-0.032162	-0.080425	-0.071812
-0.5519	-0.19899	-0.12827	-0.17326	-0.18197	0.17328	-0.017872	-0.17476
-0.088907	-0.18134	0.15493	0.22045	-0.64813	0.25194	0.098135	-0.076317
-1.1074	-0.22726	-0.033875	0.33436	-0.15481	0.30674	0.42771	-0.94646
-0.79066	-0.29465	-0.98308	0.048007	0.061456	0.13453	0.50575	-0.19589
-0.93464	0.24347	-0.74365	-0.57166	-0.11795	0.49957	0.15211	-0.31835
-0.50374	0.24297	-0.26179	-0.23051	-0.25916	-0.14025	0.40634	-0.24094
-0.69267	0.12698	-0.49952	-0.11243	-0.36605	0.23461	0.10413	-0.31226
-0.69609	0.16364	-0.15643	-0.0087632	-0.01796	0.063708	0.34663	-0.029711
-2.0328	-1.0072	-0.78505	-1.3555	-2.5931	0.045107	-0.51195	-1.8639
0.11038	-0.14938	-0.16352	0.14302	0.64024	-0.13547	0.023394	-0.4473
-1.1577	0.15936	-1.5609	0.20727	0.032266	-0.49673	0.10757	-0.21092
-0.46794	-0.036073	-0.0007192	0.12574	-0.048907	0.45092	0.41114	-0.40659
-0.436	-0.1191	-0.090591	-0.11537	-0.49101	0.090713	-0.25608	-0.37546
0.57899	-0.26818	-0.85491	0.82049	0.71594	0.88003	1.4142	-0.76673
0.061956	-0.01608	0.43618	-1.5633	-0.15604	0.10223	-0.3022	-0.87256
-0.42483	-0.14604	-0.18039	-0.30605	-0.24128	0.62955	-0.27434	-0.19718
-0.58696	0.086601	-0.50025	-0.087426	0.079307	0.44329	0.15659	-0.094226
-0.8268	0.15282	-0.53175	0.016872	-0.27974	0.561	0.70958	-0.45891
-0.88253	0.56324	-0.52832	0.2241	0.025545	0.60776	0.099587	-0.42044
-0.95499	-0.079597	-0.0067777	-0.72825	-0.17438	0.20553	0.33777	-0.89302
-0.83665	0.049604	0.23627	-0.31898	-0.30207	0.16119	0.20821	-0.10302
-0.16047	-0.1963	-1.5196	-0.089726	0.075937	0.11689	0.18578	-0.34503
-0.60352	0.10264	-0.15898	-0.24002	0.18674	0.18293	0.39136	-0.42984
-0.094407	0.096572	-0.22368	0.31967	-0.13457	0.36245	0.81571	-0.44198
-0.23124	-0.11248	-0.84612	-0.68269	0.059608	-0.070722	-0.69085	1.2493
-0.43601	-0.41154	-0.48635	-0.21062	0.25986	0.37382	0.50294	-0.28108
-0.80838	-0.60912	-0.15358	0.10516	0.047981	0.16978	0.83083	-0.90711
-0.81782	0.1054	-0.17097	-0.1493	-0.12728	0.44378	0.11764	-0.13667
-0.26972	-0.087725	0.14805	-0.58925	-0.21145	0.82243	0.10924	-0.27558
-1.1583	-0.21987	-1.1016	0.29657	0.62035	0.36196	0.021324	-1.0171
-1.3401	0.11373	0.24413	-0.6074	0.063379	0.20707	1.1515	-1.3896
-0.23163	-0.70679	0.44973	-0.44658	-0.34974	0.12711	0.2318	-0.77883
-1.125	-0.23291	-0.027763	-0.52407	-0.12865	0.14471	0.26407	-0.57973
-0.81117	0.064739	-0.24153	-0.2531	-0.0085423	-0.010811	0.35176	-0.47898
-0.47558	-0.23494	-0.54785	0.026556	0.33377	-0.10094	0.89158	-0.36994
-0.83698	0.51751	-0.82931	-0.90799	0.34389	0.36717	1.3323	-1.3196
-0.12344	-0.17615	-0.32808	0.0072601	0.074948	0.081866	0.16524	-0.089477
-0.0071113	0.0027849	-0.74706	-0.33505	0.1454	0.72468	1.1369	0.24508
-0.55441	0.59635	-0.3735	-0.47665	-0.24778	0.023654	0.23633	-1.3205
-0.34359	0.20272	-0.41926	-0.17445	-0.23141	0.38093	0.42594	-0.19972
-0.84012	-0.91061	-0.13924	-0.27261	-0.39567	0.062409	0.0096033	-0.39053
-0.66527	0.3966	-0.32359	-0.43601	0.4942	-0.14726	0.4219	-1.5143
-1.968	0.6182	-1.3069	-0.31041	-1.4334	0.43202	1.2275	-0.5954
-0.64673	0.22068	-0.039421	0.309	0.38309	0.50151	0.45606	-0.20351
-1.0765	0.41158	-0.96459	0.28654	0.0068133	-0.10357	0.57894	-0.14957
-0.3995	-0.17445	0.083153	-0.0099802	-0.0076831	0.012515	0.13636	-0.081813
-0.50011	0.5232	0.067143	-0.14968	0.26413	0.20479	0.15758	-0.29626
-0.83109	0.25078	-0.8515	0.01152	0.14554	0.095031	0.081244	-0.37357
-1.0679	0.67569	-0.20594	-0.32386	0.98676	0.13353	0.39217	0.82253
-0.69536	-0.0052651	-0.15319	-0.27022	-0.22869	0.0052411	-0.00034829	-0.46434
-0.044787	-0.85104	-0.0052537	0.19492	0.46412	0.39706	0.15157	-0.60188
-1.1721	-0.1342	-0.76907	-0.14293	-0.27911	0.30692	0.075988	-0.54685
-0.44006	-0.2276	-0.2814	-0.24269	0.30251	0.23211	0.036859	0.052135
0.51332	0.82145	0.1422	0.67815	-0.24574	-0.099247	0.86214	-0.34313
-0.46039	-0.098159	-0.021506	0.15433	0.19031	0.58112	0.46361	-0.15477
-0.71392	0.26221	-0.47194	-0.092491	0.033664	0.45856	0.10399	-0.30259
-1.2698	0.28123	-0.31918	-0.038348	0.038235	-0.27058	0.42823	-0.88772
-0.66271	-0.030846	-0.65002	-0.39424	-0.29395	-0.102	0.34381	-0.013699
0.026239	-0.19934	-0.54859	-0.23806	-0.082867	0.086507	0.59507	-0.25627
-0.077706	0.47073	0.054997	-0.37899	-0.50216	-0.23077	0.36493	-0.0027055
-0.67201	-0.55971	-0.27282	0.14634	-0.16744	0.25704	0.43512	-0.33273
-0.54737	-0.24265	-0.18997	0.047097	0.33257	0.17926	0.1573	0.036153
-0.42115	0.029187	-0.35052	-0.34269	-0.15514	-0.12002	0.042501	-0.7337
-0.65917	-0.17974	-0.73852	-0.10845	0.093213	0.21702	-0.36404	-0.29418
-0.032844	-0.21746	-0.30506	0.056933	-0.44972	0.24965	0.44873	-0.708
-1.2234	0.17746	0.32568	-0.090399	0.68899	0.27682	0.19792	-0.61108
0.24181	0.43718	0.48486	-0.49187	-0.12167	-0.059107	0.8614	-0.2689
-0.63989	-0.24527	0.0020611	0.32293	0.72085	0.77629	0.3061	-0.39964
-0.45744	0.19412	0.074343	-0.042387	0.090855	0.13121	0.19331	0.027749
0.27301	-0.23548	-0.2803	-0.40394	-0.24667	0.36605	0.62523	-0.41871
-0.74657	-1.0245	-0.55022	-0.17554	0.38171	-0.41723	-0.049299	-1.4295
-0.74073	-1.1664	-0.53407	0.26123	-0.19231	0.43583	0.16251	0.061078
-0.40674	-0.0024286	0.16675	0.36513	0.30711	-0.54367	0.017861	-0.40718
-0.48264	0.30691	-0.11107	-0.10321	0.50876	-0.12746	0.61733	-0.99992
-1.2135	0.030471	-0.44043	0.51404	-0.074959	0.14948	0.0030248	-0.98314
-0.4485	0.3593	-0.55316	-0.19708	0.34183	0.34847	0.094437	-0.43286
-0.92269	-0.10881	-0.41341	0.13305	0.19029	0.7547	1.0252e-05	-0.66026
-1.3783	-0.72717	0.51148	0.81256	-0.037808	-0.49443	0.17898	-0.23156
-0.49133	-0.11064	-0.41385	-0.23028	-0.12842	-0.053572	0.17746	-0.071921
-0.098065	0.020368	-0.65151	0.35517	0.0097012	-0.26104	0.35077	-0.5093
-1.0928	0.0027873	-0.48619	-0.19478	0.018292	0.26435	0.62007	-0.40337
-1.1011	0.15631	0.2149	-0.096448	-0.72824	0.02401	0.03931	-1.6482
-0.68507	0.060271	-0.25348	0.014167	-0.15717	0.0047146	0.11771	-0.32711
-0.33487	0.27783	-0.41081	0.10879	0.13261	0.20262	0.75311	-0.17259
-0.61403	0.39847	-0.28211	-0.11797	0.38325	0.072679	0.35526	-0.54658
-0.27906	-0.17739	-0.24777	-0.20263	0.0078604	0.32516	0.46053	-0.58437
-0.54384	0.45328	-0.37966	-0.36603	0.1478	0.28553	0.24694	-0.080772
-0.68012	-0.178	-0.28436	0.054103	-0.50862	0.59266	0.12167	0.09111
-0.55527	-0.46487	-0.30725	-0.0077631	-0.69392	0.079243	0.23198	-0.35211
-0.29258	0.021782	-0.21897	-0.0234	-0.088696	0.27986	0.062693	-0.039104
-0.20813	0.056518	0.078094	-0.42236	0.19277	0.11085	0.59844	-0.44662
-0.59409	-0.10866	0.18711	-0.61282	-0.24092	0.085503	-0.063588	-0.58656
-0.30378	0.044622	-0.11066	-0.23038	0.025472	0.083335	0.055007	-0.20318
-0.20087	0.84296	-0.6097	-0.69558	0.38629	0.30113	-0.00083705	-0.28645
-0.69704	-0.43191	-0.29145	-0.52914	0.17749	-0.10422	-0.21376	-0.35441
-0.71333	-0.27893	-0.34673	-0.15662	0.23374	0.29569	0.26211	-0.68316
-0.32545	-0.070321	-0.099503	0.1832	-0.16533	0.35995	0.38073	-0.68044
-1.0036	0.39335	-0.53549	-0.0058153	-0.44369	0.2846	0.57107	-0.051939
-0.58913	0.32112	-0.15115	-0.074596	0.019183	0.26519	0.46938	-0.35005
-0.18208	-0.041374	-0.016033	-0.72994	0.062721	0.062199	0.20758	-0.64705
-0.58969	-0.051678	0.018867	-0.33475	0.44246	0.30817	0.71758	-0.50636
-0.49677	0.033902	0.027431	-0.13832	0.46628	-0.033336	0.16637	-0.35538
-0.90472	0.098067	-0.79804	0.032381	0.14191	0.34931	0.59745	-0.36744
-0.58281	0.22199	-0.25943	-0.047863	0.59962	-0.22661	0.75168	-1.2053
-1.1375	-0.69465	0.12073	0.16265	-0.32457	0.98131	0.098429	-0.75352
-0.74653	0.26229	-0.37304	-0.15527	0.12468	-0.080024	0.0069164	-0.2737
-0.92457	0.065043	-0.26558	-0.43944	-0.30087	-0.099677	0.30643	-0.13499
0.10923	-0.17553	-0.067151	0.75483	-0.031494	0.17697	0.71101	-0.89341
-1.6433	1.0269	-0.77479	-1.0667	-0.3172	0.46496	0.26221	-2.1097
-0.29978	-0.042774	-0.071907	-0.25792	-0.011783	0.22189	0.43291	-0.2452
-0.29312	-0.39914	-0.71488	-0.048351	0.065252	0.28154	-0.0074469	-0.53347
-0.56975	0.10841	0.13977	-0.24512	0.25028	0.53034	0.49575	-0.81115
-0.54268	0.13406	-0.31399	-0.43252	0.061591	0.029615	0.58151	-0.56165
-0.22997	-0.098258	-0.085088	0.22341	0.14877	0.15184	0.37879	-0.18045
-0.68382	0.26386	-0.80087	0.13082	-0.20646	-0.076683	-0.1519	-0.32265
0.61493	-0.1809	0.20703	0.3306	0.32463	0.60578	1.0409	-0.80087
-0.44482	0.9168	-1.4489	1.0821	-0.47085	0.59772	0.61057	-0.90743
-4.2345	0.62731	-0.67878	0.26314	0.31182	0.19028	0.19233	-1.0208
-0.81633	-0.19479	-0.56932	0.45629	-0.038192	0.2157	0.42479	-0.41275
-0.77568	0.15544	-0.24257	-0.17498	-0.12422	-0.016252	0.51574	-0.68864
-0.32053	0.33554	-0.59591	0.1659	-0.13569	0.19285	-0.29816	-0.40301
-0.11505	-0.10336	-0.24736	-0.175	-0.16672	-0.024592	0.13653	-0.034807
-0.33957	0.20749	-0.51496	-0.041955	-0.041995	0.29867	0.88994	-0.4353
-0.88546	-0.91509	0.030765	0.0264	0.056749	-0.018129	0.83215	-0.39875
-0.98327	0.49606	-0.41791	0.59288	0.32873	-0.32087	-0.21868	-0.66677
-1.0293	0.045299	-0.32193	-0.48966	0.17598	0.28037	0.21652	-0.54509
-1.5168	-0.56301	0.069116	0.057392	0.060339	0.59303	0.81025	-1.3487
-0.80489	0.30401	-0.22319	0.16221	0.33249	-0.051411	0.35814	-0.76262
-0.4752	-0.024088	0.27649	-0.12799	-0.043881	1.0286	-0.048977	-0.77534
-1.1256	0.082846	-0.070036	0.10167	-0.30207	-0.024233	0.035894	-0.19405
-0.41914	0.014703	-0.35836	-0.097983	-0.19943	-0.058123	0.18889	-0.40502
0.24296	-0.72592	-0.68967	-0.31797	-0.044502	-0.02466	0.12482	-0.79902
0.10423	0.43331	-0.3981	-0.30234	-0.1504	-0.058155	-0.088543	-0.32061
-0.42505	0.1528	-0.22988	-0.088599	0.40028	0.078966	-0.24473	-0.5905
-0.82614	-0.11211	-0.091525	0.8288	-0.24929	0.39728	0.99672	0.16946
-0.40504	0.11419	-0.34611	-0.38959	0.10941	-0.23229	0.44476	-0.55266
-0.42036	-0.20806	-0.099078	-0.45644	-0.2028	0.093488	0.34311	-0.12089
-0.76502	-0.30358	-0.14664	0.15189	0.012583	0.049987	0.32966	-0.65177
-0.69197	0.35072	-0.19441	0.27679	0.55144	0.54249	-0.18538	-0.19843
-0.0035836	0.13306	0.10378	-0.23515	-0.23888	-0.11654	0.34872	-0.2941
-0.21627	0.23438	-0.15932	0.0098065	0.31435	-0.077684	-0.26578	-0.36902
-0.20784	0.047218	-0.42523	-0.096749	0.14562	0.1614	0.035611	-0.090935
-1.0044	-0.037657	-0.19244	-0.42165	0.046572	0.074131	0.092636	-0.22441
-0.53883	0.016411	-0.55931	-0.38922	0.38597	-0.030425	-0.13501	-0.60184
-0.071074	-0.15332	-0.20085	-0.50641	-0.055122	-0.11984	-0.15294	-0.14146
-0.88845	0.34252	-0.77905	-0.34723	-0.47672	0.24142	0.53422	-0.77788
-0.084475	-0.34575	0.7384	-0.75652	0.66065	-0.07749	0.41429	-0.32311
-0.16862	-0.28282	0.1506	-0.10342	-0.40599	0.0081744	-0.15843	0.17286
-0.61309	0.33863	-0.38221	-0.22591	-0.065624	0.41096	0.15223	-0.20492
-0.31884	-0.093546	-0.77393	0.019444	0.030993	-0.21888	-0.34163	-0.36631
-0.43037	0.040193	-0.15998	-0.0048249	-0.18872	0.044636	0.42861	0.53234
-0.9606	-0.064523	0.038566	0.18028	0.58311	-0.86655	-0.41335	-0.78211
-0.28387	0.10332	-0.04453	0.048711	-0.2884	0.21851	0.24204	-0.46213
-0.57816	-0.86056	-0.76642	0.20437	-0.0023727	0.00065551	-0.012902	-0.30961
-0.68743	-0.22524	-0.26134	-0.40559	-0.020646	0.1723	0.12763	-0.52872
-1.8233	-0.62336	-0.40748	-0.37267	0.40091	-0.26125	0.67031	0.97043
-0.15509	0.40158	0.0049824	0.042723	0.067868	0.028589	-0.058498	-0.18011
-0.83475	0.72285	-0.078382	-0.66163	-0.01597	0.26535	0.74343	-0.32171
-0.67429	0.39406	0.033116	1.2128	-0.3504	-0.17928	0.38057	-0.81645
-1.337	0.23965	-0.14469	-0.038033	0.44821	0.077905	0.71788	-1.1985
-1.2404	-0.018829	-1.0032	0.04354	-0.34978	0.12766	0.92804	-0.81439
-0.6022	0.11572	-0.059986	0.12695	-0.1574	0.56004	0.14834	-0.70999
0.33229	0.063546	-0.095562	-0.27722	-0.061163	0.55805	0.31736	0.26717
-0.67304	0.063892	0.31759	0.2207	0.060845	0.34048	0.16692	-0.20158
-0.61606	0.02888	-0.40985	0.18636	0.04381	0.2783	0.011156	-0.30309
-0.60954	0.19399	-0.25141	-0.30239	0.3265	0.19211	0.72166	-0.62953
-0.56651	-0.45687	-0.21325	-0.41636	0.082884	0.43894	0.7992	-0.39481
-0.71003	0.17426	-0.23412	-0.30197	-0.20291	-0.09902	0.39514	-0.40886
-0.64865	-0.13385	-0.38693	-0.017152	0.19833	-0.42209	-0.1508	-0.53188
-0.54818	0.19939	-0.096432	-0.15132	0.19804	0.05149	0.096752	-0.3063
-0.24235	-0.36079	-1.0358	0.33704	-0.013894	-0.13962	0.70331	-0.45475
-0.14637	0.41131	-0.00036569	-0.062449	-0.14645	-0.13272	0.31774	-0.041333
-0.83675	-0.34414	-0.2549	-0.12278	0.32382	0.035298	0.20692	-0.39327
-0.46099	0.40564	-0.22374	-0.139	0.13444	0.12835	0.25741	-0.57006
-0.12569	-0.52569	-0.58838	-0.8006	-0.51238	-0.12163	-0.0049316	-0.17269
-0.50646	-0.0084293	-0.44553	-0.079553	0.058593	0.13443	0.62982	-0.14231
-0.36111	0.027046	0.22515	-0.22499	0.61846	0.32932	0.60826	-0.73511
-0.31604	0.43234	-0.34891	0.070651	-0.028776	-0.27486	0.21287	-0.56475
-0.71658	0.11343	-0.30726	0.091435	-0.51868	0.2777	0.49644	-0.35127
-1.1154	-0.39599	-0.9104	-0.69137	0.63303	-0.12712	-0.099919	-0.13458
-0.72574	-0.80467	-0.52601	-0.58627	-0.3903	0.48233	0.37045	-0.19805
-0.70814	0.2285	-0.32279	0.32266	-0.02932	0.1485	0.24868	-0.27882
-0.93619	0.14023	-0.24987	-0.29596	0.16354	0.17155	-0.061872	-1.3744
-0.054522	0.1096	-0.085557	0.36338	-0.6387	-0.16548	0.4368	-0.81344
-0.40326	-0.0051178	-0.036294	-0.37902	0.33399	0.16315	0.34483	-0.55572
-0.0327	-0.15831	-0.049761	-0.47042	0.45648	0.058343	-0.066888	-0.30753
-1.0525	1.1372	-1.0606	0.67254	-0.37998	0.74838	-0.22082	0.1781
-0.4465	-0.17963	-0.26988	-0.17	-0.25646	0.32169	0.089429	-0.6487
-0.17562	0.18383	-0.1116	0.42266	-0.41741	0.091492	0.36758	-0.5335
-1.064	-0.34782	0.19774	-2.287	1.1798	0.45425	0.78008	0.098886
-0.48709	-0.020434	0.10451	-0.37445	-0.058219	0.029159	0.17225	-0.73906
-1.4931	-0.16446	-0.26397	-0.21134	0.11622	0.18429	0.42501	-0.62534
-0.25188	0.073913	-0.12162	-0.017624	0.21679	0.055775	0.19461	-0.26237
-0.48434	-0.07909	-0.096249	-0.23042	0.24064	0.20465	0.3352	-1.221
-0.38599	-0.26252	-0.014525	-0.43549	0.21439	-0.017831	0.097126	0.033276
-0.43003	-0.021238	-0.90771	0.15039	0.49208	0.2535	0.35526	-0.39871
-0.87866	-0.11072	-0.36236	-0.052203	-0.1634	0.28287	0.2182	-0.7275
-0.69222	-0.12533	-0.029128	0.029292	0.20686	-0.11479	0.32605	-1.1759
-0.66412	-0.055997	-0.3569	-0.57259	-0.48023	0.28556	0.38566	-0.96496
-0.59763	0.44508	0.23352	-0.63134	-0.42518	-0.13103	0.016546	-0.092782
-0.30446	0.65695	-0.075651	0.24386	-0.12112	0.40807	0.34903	-0.041181
-0.54083	0.41287	-0.085508	-0.32408	0.11495	0.13251	0.23769	-0.31539
-0.48613	-0.13274	-0.46138	-0.016557	-0.25858	0.22865	0.22045	-0.52014
-0.59597	0.013114	-0.65403	-0.33074	-0.15411	0.11498	0.50764	-0.61327
-0.56426	-0.099211	-0.40394	-0.15992	-0.14721	0.43077	0.24585	0.016088
-0.93011	0.216	-0.0079353	-0.094795	-0.065007	0.0244	0.07361	-0.71344
-0.42563	-0.11944	-0.197	-0.37328	0.13834	-0.083132	-0.10314	-0.64369
-0.91204	-0.11992	-0.39075	0.14205	-0.33652	-0.12105	0.35426	-0.16342
-1.7389	0.06365	-0.4569	-0.47913	-1.0565	-0.37962	-0.10681	-1.3269
-0.90674	-0.070371	-0.57286	0.049199	-0.5867	0.047221	0.024271	-0.71036
0.061857	-0.14238	0.13091	0.25241	0.46726	0.26003	0.062287	-0.58539
-0.6653	-0.099058	-0.44761	-0.085952	0.066642	0.37025	0.17363	-0.21952
-0.55322	-0.48732	-0.40191	-0.20422	-0.27728	0.09274	0.67516	-0.96199
-0.27159	-0.1973	-0.052062	-0.15641	-0.25596	-0.59209	0.12416	-0.14276
-1.1077	-0.050274	-0.32401	-0.10126	-0.056755	-0.36613	-0.0040389	-0.32195
-0.38919	-0.35061	-0.097746	0.17538	-0.020829	0.19491	0.50987	-0.030559
-0.63589	-0.084012	-0.070384	0.0025926	0.077959	0.20391	0.17182	-0.46124
-0.68426	0.40268	-0.3347	-0.042556	-0.26063	0.022316	-0.35458	-0.3187
-1.3074	-0.038152	-0.29821	-0.21955	-0.84744	0.29801	-0.3159	-0.12873
-0.022825	-0.30595	-0.45469	0.29426	-0.095363	0.31816	-0.26232	-0.89136
-0.981	-0.018279	-0.12039	-0.013166	0.17999	-0.17107	0.28731	-0.47409
-0.41116	-0.11017	-0.041385	-0.098423	0.072534	-0.23032	0.058609	-0.44436
-1.3014	0.06653	0.032426	0.22753	0.033957	0.2601	-0.17406	-0.79967
-0.28007	-0.00039399	0.014567	0.037218	0.11831	0.23088	0.099734	-0.55957
-0.45188	-0.48198	-0.11518	0.32552	-0.65754	0.079603	0.86279	-0.47581
-0.52489	0.53702	-0.25439	-0.20895	0.024271	0.17362	0.21583	-0.25399
-0.62213	-0.69457	-0.50858	0.24108	0.14356	-0.040201	0.34127	-1.095
-0.27002	-0.27445	-0.058168	0.39965	0.11769	0.71697	0.23815	0.22446
-0.40669	-0.23224	-0.66076	-0.64042	0.24227	0.45162	0.085941	0.12861
0.41677	0.47796	-0.57539	0.51221	0.029468	0.22873	0.16321	-1.093
-0.45833	-0.54829	-0.42458	0.15533	-0.2547	0.66044	0.19522	-0.14044
-0.61003	0.087079	0.17774	-0.51994	0.51316	0.17216	0.54792	-0.53692
-0.50908	0.29225	-0.22562	-0.16323	-0.021273	-0.3037	0.12489	-0.48453
0.030069	0.81888	-0.73104	-0.091763	0.42421	0.85396	0.3824	-0.62477
-0.54558	-0.077427	-0.60189	-0.15904	-0.086002	-0.080117	0.46822	-0.55091
-0.72786	-0.01945	-0.023189	0.0028292	0.12315	-0.21173	0.28461	-0.39778
-0.97333	-0.55897	-0.3663	-0.044528	0.54146	-0.036651	-0.0054526	-0.28606
-0.55457	-0.59049	-0.15666	-0.23756	-0.083138	0.13443	0.4095	-0.085432
-0.046554	0.36724	-0.14377	-0.39701	0.247	-0.40555	0.66197	0.53353
-1.1143	-0.45636	-0.40079	-0.35324	-1.2784	-0.16025	-0.42701	-1.0434
-0.23377	-0.29035	-0.35103	0.11418	0.50741	0.32995	0.24136	0.34457
-0.50551	0.0062677	-0.44954	0.10273	0.40983	0.017513	0.31085	-0.2214
-0.29384	-0.47081	-0.29862	-0.3524	0.2018	0.46074	0.32629	-0.086457
-0.60812	0.25433	-0.37672	-0.33827	0.55333	-0.24206	0.57368	-0.7993
-0.18129	-0.42388	-0.26926	-0.087341	0.38889	0.10103	0.30286	-0.69804
-0.5852	0.090801	-0.38997	-0.21201	0.20823	0.21461	-0.36637	-1.0338
-1.8183	0.94565	-2.4565	0.95207	-0.31984	0.23922	1.6509	-0.0092041
-0.39413	-0.13368	-0.37499	0.44123	0.12578	-0.16012	0.89783	-0.36632
-0.39633	0.25002	1.116	-0.76695	0.59248	0.15217	-1.8056	0.18461
-0.3996	-0.23743	0.070261	-0.33736	0.13598	0.032623	0.33243	-0.36435
-0.377	0.19513	-0.31229	-0.035479	0.0056234	-0.048127	0.27683	-0.45202
-0.33192	0.60983	-0.75728	0.36321	0.26258	0.77501	0.31855	-0.12593
-0.26188	0.28917	-0.070928	-0.12819	-0.066164	0.54526	-0.53796	-0.62178
-0.34276	-0.068582	-0.0013522	0.3033	-0.013816	-0.32275	0.26489	-0.25471
-0.79182	-0.08292	-0.39555	-0.17144	-0.48093	-0.22025	0.40846	-0.95136
-0.6314	0.055084	0.0065078	0.33974	-0.33121	0.12911	0.19047	-0.72378
-0.59472	-0.56144	-0.30475	-0.49513	-0.17847	0.42328	0.40914	-0.21049
-0.74384	0.117	0.25318	-0.40064	0.082364	-0.11715	0.47205	-0.36808
-0.51104	0.16632	-0.33229	0.25998	-0.46868	-0.12759	0.23434	-0.48259
-0.94069	0.20876	-0.4635	0.17248	0.013976	-0.0012128	0.58981	-0.26521
-1.6197	-0.35882	-0.48963	0.052862	-0.071897	0.46742	0.67801	-0.84433
-0.25236	-0.23593	-0.22827	-0.37098	-0.062092	-0.19235	0.43727	-0.078225
-0.39386	0.13474	-0.26842	-0.064009	0.10556	0.059127	0.12644	-0.37909
-0.53989	0.074997	-0.28335	-0.066326	-0.083421	0.39225	0.21479	-0.76743
-0.41154	0.11071	-0.37848	-0.14432	0.029488	0.81996	-0.092597	-0.82378
-0.43231	0.061502	-0.28223	-0.15629	0.095035	0.020985	0.53176	-0.092887
-1.2525	-0.35521	0.28454	0.052198	0.16501	-0.07441	0.3846	-0.18302
-0.08995	-0.15724	-0.31384	-0.34198	0.20559	0.4219	0.41452	-0.62599
-0.68793	-0.57344	-0.37452	0.071948	-0.31881	0.096862	-0.028564	-0.5356
0.0066278	0.10103	-0.56176	-0.40882	0.56407	-0.31266	0.68612	-0.51988
-0.71889	-0.0056388	-0.043553	0.16391	0.15722	-0.30855	0.51704	-0.84062
-0.29729	-0.055056	0.16773	0.86222	-0.65413	-1.2744	0.55498	-0.37999
-1.1854	-0.37224	-0.87583	-0.25433	-0.14721	0.53828	-0.11961	0.054781
-0.36593	-0.0049776	0.2586	0.21188	-0.11389	-0.82712	0.048047	-0.90209
-0.35248	-0.010861	-0.96888	0.035082	-0.20138	-0.44418	0.44205	-0.19464
-0.29844	-0.024422	-0.69689	0.039084	0.51227	-0.22403	0.17935	-0.31617
-0.49275	0.094383	-0.093138	-0.12952	0.076351	0.47612	0.47366	-0.7015
-0.32098	-0.20725	-0.21248	-0.051677	-0.26208	0.38728	0.43638	-0.58703
-0.26094	0.11389	-0.87037	-0.22722	-0.17929	-0.14886	-0.62594	-0.73766
-0.6933	-0.5004	0.57421	0.51428	-0.088602	0.2248	-0.88623	0.33906
-0.016222	0.64971	0.041741	-0.19027	-0.37712	0.52807	0.41268	-0.39262
0.25938	0.51886	-0.203	0.64079	-0.69689	-0.0099329	0.36947	-0.27045
-0.44996	0.24142	-0.047676	0.066081	-0.017465	0.27122	0.91579	-1.2148
0.13268	-0.62657	1.0225	-0.22012	0.458	0.099465	0.21182	-1.4059
-0.52759	-0.20369	0.18522	-0.042448	0.3451	0.46123	0.43396	-0.62264
-0.74605	0.19753	-0.2337	-0.20917	-0.14447	-0.18667	0.034677	-0.60069
-0.66377	0.18508	-0.12648	0.15036	-0.082924	-0.017585	0.052132	-0.12334
-1.3865	-0.23679	-0.19186	-0.65566	0.14106	0.55511	0.58645	-0.25123
-0.35999	0.27995	-0.18519	0.17676	-0.24842	-0.01587	0.24691	-0.26033
0.17249	0.35628	-0.0066054	-0.14089	0.38865	0.33543	0.63041	-0.75327
-0.085002	0.038144	-0.71555	0.15	-0.56842	0.099615	0.23612	-0.3827
-0.96503	-1.117	-0.38234	0.95863	0.10869	-0.22631	0.50186	-0.45953
-0.89034	-0.02727	-0.4012	-0.082862	0.010804	-0.0073824	0.015029	-0.3758
-0.17215	0.35594	0.042518	0.17572	-0.13953	0.61638	0.17604	-0.47471
-0.2714	0.43678	-2.1535	-1.3521	1.0125	-1.0078	0.33119	0.37617
-0.44011	-0.38448	0.040724	-0.18512	-0.14182	0.12287	0.56947	-0.92278
-0.63536	0.12342	0.092545	0.16792	0.19768	-0.40067	0.23019	-0.74437
-0.50785	0.15615	-0.07654	-0.16477	0.17532	0.14699	0.21796	-0.25222
0.18075	0.93355	1.3953	-1.9425	0.42728	-1.0861	0.010185	-0.6605
-0.35425	0.28614	0.26776	-0.15367	0.15853	-0.66616	0.46605	-0.081901
-0.2165	0.109	-0.30727	-0.12425	0.1463	0.43783	0.41755	-0.46499
-0.10115	0.57106	-0.19738	0.070633	-0.17718	-0.0041726	0.40757	-0.59624
0.067094	-0.018843	-0.43732	0.12029	0.113	0.057287	0.16545	-1.3413
-0.32874	-0.19626	-0.40552	-0.32999	-0.01344	0.3244	0.55535	-0.80047
-0.90155	0.24416	-1.0248	0.42666	-0.81555	0.45042	-0.052731	-0.38498
-1.0281	-0.33451	-0.70953	-0.18326	-0.069576	-0.15861	0.36899	-0.70922
-0.034998	0.44247	-0.22468	-0.16885	-0.018929	-0.20547	0.064327	-0.40108
-0.36317	0.0046887	-0.12916	0.15018	0.28667	0.09626	0.038458	-0.43067
-0.21374	0.45932	-0.41397	0.054759	-0.29799	0.077954	0.41957	-0.35036
-0.5941	0.13004	-0.32322	-0.66543	0.28849	0.61087	0.19176	-0.28052
-0.82328	0.41522	-0.34755	-0.48042	0.10687	-0.11129	0.57835	-0.52215
-0.72998	-0.12743	-0.057137	-0.25914	0.049273	0.12713	0.63443	-0.68641
-0.57509	0.038125	-0.20402	-0.096185	-0.25264	0.16682	0.13342	-0.10503
-0.54603	-0.11424	-0.41923	0.055767	0.3937	-0.1623	0.15754	-0.17712
-1.4591	-0.49991	-1.4834	0.019637	-0.33295	0.661	-0.2791	-0.31855
-0.2692	-0.48168	-0.053179	-0.41533	-0.038126	0.025456	-0.018647	-0.91927
-0.3254	-0.19399	0.67264	-0.048738	0.29024	0.46599	0.65153	-0.28909
-1.0043	0.24646	-1.4161	-0.71485	-0.089947	0.2073	0.55951	-0.83728
-0.41456	0.21641	-0.16217	-0.078509	0.41733	0.224	0.025348	-0.52217
-0.81287	0.20244	-0.3359	-0.038356	0.20524	0.24051	0.31467	-0.52632
-0.27472	-0.19782	-0.31285	-0.21815	0.11302	0.051346	0.16069	-0.60018
-0.52889	0.16144	-0.76701	0.21079	-0.090963	-0.053851	0.10961	-0.061124
-0.31729	-0.14981	-0.36406	0.021485	-0.010333	0.054714	0.44442	-0.41482
-0.48363	-0.47475	-0.17298	-0.20386	0.56054	-0.24817	-0.077176	-0.26635
-0.56018	0.039289	-0.24483	0.19252	0.056509	-0.28574	0.52909	-0.46172
0.15626	0.052595	-0.14397	-0.073946	-0.5351	0.38015	0.87139	-0.4429
-0.64208	0.09391	-0.87577	0.42331	0.43075	0.070895	-0.15094	-0.90215
-0.2005	0.012928	-0.27021	-0.15694	0.008614	-0.1804	0.13667	-0.072164
-0.66127	0.32721	-0.31292	0.1233	-0.051821	0.051028	0.56136	-0.65535
0.069264	-0.025394	-0.55122	0.23545	0.10604	-0.31482	0.08029	-0.42796
-0.22186	-0.10742	-0.43842	-0.06471	0.11983	-0.33591	0.36316	-0.53301
-0.41026	-0.057048	-0.080269	-0.43726	0.73261	0.2678	-0.013452	-0.36282
-1.1826	-0.25132	0.18025	0.32893	-0.32659	-0.11319	0.36896	-0.61687
-0.28758	-0.2389	-0.23454	-0.38007	-0.42402	0.033069	0.25437	-1.1172
-1.1342	-0.13583	-0.26664	-0.12668	-0.32441	-0.02235	0.28774	-0.60252
-0.43657	0.35456	-0.28849	-0.053915	0.10571	0.30085	0.24876	-0.010532
-0.3776	-0.21544	0.055303	-0.50058	0.13178	0.34064	0.28182	-0.10118
-0.24593	0.0063957	-0.075196	-0.39754	-0.024434	0.41338	-0.036216	-1.0255
-0.26433	0.0081776	-0.13171	-0.03546	-0.32879	0.05719	0.069938	-0.73721
-0.66079	-0.11391	-0.42433	-0.40025	-0.28041	0.024694	0.039959	-0.31415
-0.19183	0.26895	0.077594	-0.29735	0.066957	-0.52425	0.059994	-1.0541
-0.30755	-0.17233	0.161	0.12072	-0.21124	0.1083	0.37804	-0.69908
-0.69385	-0.055682	-0.10097	-0.52242	-0.34253	0.20041	0.082049	-0.25919
-0.57007	0.18885	-0.30953	0.22132	-0.025068	0.47684	0.11047	-0.27924
-0.2986	0.12255	0.07518	0.34506	-0.0049431	0.2396	0.2615	-0.36078
-1.1756	-0.86718	-0.55357	0.11619	-0.17461	0.51746	0.6011	-0.82941
-0.69417	0.17176	-0.32726	-0.072622	-0.088518	-0.038517	0.99651	-0.57219
-0.43377	0.45295	-0.0032264	-0.18003	0.49216	-0.15284	0.15159	-0.61354
-0.91571	0.41404	-0.98268	-0.054246	-0.19265	0.20663	0.5149	-0.43551
-0.63469	-0.081602	-0.47819	-0.4533	0.0011064	0.31478	0.091345	-0.8244
0.11952	-0.2786	-0.35399	0.39361	-0.24086	0.59974	0.4544	-0.86395
-0.6491	0.13754	-0.058773	0.69466	-0.94114	-1.6515	-1.1766	0.48707
-0.63555	-0.088328	-0.26243	0.15957	0.056166	-0.17006	0.35497	-0.46433
-0.38704	0.058402	-0.43183	-0.038109	-0.32592	-0.18524	0.15885	0.08135
-0.94266	-0.78582	-0.88351	0.076872	-0.33929	0.52371	1.4953	-0.55018
-0.42602	0.29797	-0.2593	-0.35503	-0.20021	-0.58617	0.7053	-0.077795
-0.29363	0.42091	0.017866	-0.1424	0.51254	0.17715	0.2639	-0.47279
-0.17629	-0.31844	-0.56693	0.18937	-0.27786	0.41239	0.47832	-0.69379
-1.0008	0.075304	0.20083	-0.41002	0.24884	-0.0031585	-0.027082	-0.6563
-0.224	-0.090032	-0.34662	0.19857	0.48699	0.14431	0.020695	-0.38605
-0.81803	-0.31356	-0.26464	-0.63823	0.32499	-0.063141	0.72742	-0.44089
-0.11915	-0.10871	-0.4262	0.28431	-0.48141	-0.31963	-0.12017	-0.46447
-0.26062	0.32188	-0.024473	-0.061129	0.21918	-0.081459	0.24418	-0.098319
-0.7264	0.30525	-0.89274	0.40198	0.34516	0.087057	0.80269	-0.75923
-0.24649	0.020587	-0.36755	-0.33311	-0.27286	-0.11765	-0.0025798	-0.37908
-0.81634	-0.39116	-0.023891	-0.14108	0.55518	0.095292	-0.0098589	-0.45664
-0.013481	0.22225	-0.61551	-0.33776	-0.0049599	0.45587	0.2352	-0.49071
-0.90071	-0.18553	0.35147	0.0022816	0.28082	0.55526	-0.5184	-0.54699
-0.79761	-0.14593	-0.57812	-0.1872	-0.22431	0.22578	-0.0037636	-0.79406
-0.67109	0.053244	-0.41588	-0.23162	-0.099725	0.12557	0.0011626	-0.4101
-0.44015	0.043261	-1.0978	-0.27862	-0.32806	-0.523	0.033261	-0.52742
-0.27696	-0.37154	-0.23248	-0.6965	0.17643	0.59752	0.77564	-0.16394
-0.69273	-0.20027	-0.41333	-0.30388	0.0070454	0.069361	0.2424	-0.29387
-0.40698	-0.10974	-0.073505	-0.064429	-0.080077	0.093383	0.30907	-0.11997
-0.48745	-0.25706	-0.14129	-0.047564	-0.20982	0.30668	0.04821	-0.18796
-0.3966	0.14433	-0.17999	-0.087428	-0.080768	0.24824	0.17312	0.012871
-0.55149	0.16354	-0.52186	-0.3226	-0.27839	0.067552	-0.36112	-0.47166
-0.38792	-0.21329	0.18475	-0.11141	-0.11315	-0.069093	0.64705	-0.43741
-0.37615	0.4381	-0.58088	-0.085931	-0.36957	-0.26117	0.43537	-0.2815
-0.24116	-0.21818	-0.17975	-0.27629	0.12619	-0.1175	0.46222	-0.46475
-0.42695	0.32172	-0.1615	0.47471	0.042383	-0.12934	0.41719	-0.77541
-0.33238	-0.41663	-0.0053703	-0.22136	-0.22201	-0.23526	0.61625	-0.51653
-0.35662	-0.072011	-0.59074	0.22238	0.24427	0.066381	0.54636	-0.49972
-0.47091	-0.6348	-0.10599	-0.25215	0.46018	0.12671	0.27602	-0.23455
-0.45538	-0.27065	0.16725	0.19058	-0.46037	-1.0436	-0.71619	-0.40478
-0.34187	-0.11776	-0.097906	0.14248	0.061034	-0.024002	0.16203	-0.643
-0.38681	-0.22674	-0.4397	0.11094	-0.28865	-0.43601	0.66706	-0.52437
-0.65103	-0.17098	0.082319	0.30254	0.078077	0.060786	-0.038215	-0.3976
-1.1226	0.065371	-1.6279	-0.52645	-0.48074	0.65925	1.0327	-0.89613
-0.14578	-0.0074486	0.0065092	-0.49145	-0.029306	0.099079	0.28833	-0.78423
-0.44481	0.10052	-0.35475	0.090486	0.020421	0.031533	0.58445	-0.065632
-0.42292	-0.19401	-0.6005	-0.17175	0.096736	0.11468	-0.49441	-0.6754
-0.28956	-0.13516	-0.61892	-0.32122	-0.27232	-0.67785	-0.26289	-0.052919
-0.98369	0.45721	-0.70322	-1.1178	-0.45282	0.65466	0.57658	-0.46687
-1.6974	0.25577	-0.54851	0.5017	1.0339	2.1082	1.3397	-0.18774
-0.85289	0.37155	0.15561	-0.085726	0.44918	-0.34855	0.39442	-0.86217
-0.17207	-0.37754	-0.227	-0.64227	0.0078886	-0.33602	0.075276	-0.54404
-0.27017	-0.025029	0.2865	0.042862	0.26372	0.41103	0.55107	0.21612
-0.73416	0.26533	-0.22408	0.19467	0.0017614	0.20902	0.026893	-0.32111
-0.60866	-0.70915	-0.6074	-0.19277	0.35639	-0.62385	0.20973	-0.25848
-0.76968	0.24488	-0.7478	-0.0036685	-0.47099	0.25172	0.48182	-0.54153
-0.55323	-0.56792	0.082347	-0.27497	-0.2527	0.24602	0.17274	-0.35458
-0.50038	-0.28617	-0.37652	-0.37161	0.085787	0.19415	0.066286	-0.068847
-0.34904	-0.29675	-0.13817	0.10832	0.010244	0.099735	-0.093686	-0.24042
-0.28309	-0.34758	-0.09125	0.035037	0.12047	0.50835	-0.11102	-0.62937
-0.56768	-0.11586	-0.33486	0.26913	0.14353	0.1991	0.6122	-0.43137
-0.78318	-0.44436	0.023869	0.16769	0.47677	0.22072	0.19683	-0.60383
-0.5862	-0.28377	-0.3507	-0.053067	0.023171	0.36042	0.24148	-0.57587
0.48832	0.22452	0.1196	0.11242	0.082039	0.74785	0.38099	-0.64783
-0.33301	0.36967	0.099754	-0.42952	0.35742	0.15904	0.30634	-0.66776
-0.055027	-0.33541	-0.19415	0.71306	0.61757	1.0952	-0.015617	-0.48185
-0.28135	-0.72319	0.016849	-0.19058	-0.27263	0.1167	0.11229	-0.54889
-0.17889	0.25799	-0.18342	0.052464	0.79428	0.39437	0.33507	-0.58957
-2.5771	-0.49645	-2.0859	2.9024	1.3648	2.6177	-0.19877	0.11568
-0.35016	0.4969	-0.09207	0.092581	0.22468	0.12335	0.64846	-0.31625
-0.62465	-0.25952	-0.32279	-0.12075	-0.473	0.11377	0.529	-0.47814
-1.9842	0.33	-0.52344	-0.15662	-0.0039681	-0.57674	0.43831	-0.30325
-1.2075	0.3529	0.04156	0.4374	-0.16122	0.56361	0.6387	-1.0207
-0.24449	-0.13681	-0.12508	-0.27015	0.22654	0.17301	0.48341	-0.59428
-0.481	0.14733	-0.4181	0.2163	-0.15092	-0.022431	-0.11376	-0.88513
-0.073947	1.4345	0.72282	0.075698	-1.3359	0.72921	-0.70643	-0.35487
-0.081183	-0.14985	-0.40789	-0.20105	-0.04445	0.25063	-0.19295	-0.53404
-0.080233	-0.2801	-0.65452	0.41029	-0.035901	0.17893	0.10379	-0.45882
-0.47537	0.0016835	-0.33991	-0.38715	0.1079	0.33975	0.045841	-0.40188
-0.70198	0.24358	0.14469	-0.20047	0.14156	0.22408	-0.099715	-0.80061
-0.26252	-0.33495	-0.81562	-0.2519	0.1174	0.43215	0.39228	-0.42878
-0.71718	-0.15521	-0.054237	-0.44521	-0.28714	0.36463	0.23475	-0.20249
-0.55567	0.35085	-0.37517	-0.0036424	0.22499	-0.090585	0.40507	-0.40124
-0.53794	-0.12556	-0.26725	-0.11615	0.12294	-0.13114	0.13766	-0.90303
-0.42866	-0.21951	-0.45171	-0.24462	-0.094836	-0.056805	0.16479	-0.43504
-0.54065	-0.11754	-0.2211	0.16945	0.014811	-0.038476	-0.075592	-0.48781
-0.96086	0.23135	-0.05685	-0.054798	0.43187	0.16555	0.5838	-1.0934
-0.71011	-0.12884	-0.47593	-0.61028	-0.69243	-0.031161	0.59552	-0.79428
-0.69436	-0.35695	0.10916	-0.2687	-0.064221	-0.082252	0.11331	0.084686
-0.074906	0.058657	-0.55917	-0.078812	0.1473	-0.091058	0.50491	0.070106
-0.61597	-0.48282	-0.25409	0.19478	-0.056986	0.55101	0.3184	0.074678
-0.71902	-0.044795	-0.40559	-0.058524	0.093675	0.013625	0.29738	-0.18108
-0.58945	0.25265	-0.56365	-0.41443	-0.30486	-0.65132	0.061121	-0.38963
-0.44067	0.22109	-0.48475	-0.52199	-0.0031599	0.2998	0.3587	-0.46284
-0.28715	-0.31376	-0.31337	-0.15652	-0.42991	0.28968	0.83499	-1.0226
-0.93025	-0.3452	-0.24751	-0.19185	0.105	-0.16156	0.032504	0.1363
-0.66876	0.16404	-0.19822	0.038544	-0.22278	0.29545	0.12703	-0.25851
0.058019	0.097985	0.075456	0.025151	-0.0073152	-0.02097	-0.082634	-0.062611
-0.19076	0.066626	-0.068382	0.027112	0.06716	0.012678	0.058085	0.082018
-0.64516	0.12356	-0.47997	-0.043573	0.0032456	0.28769	0.3928	-0.57835
-0.17341	-0.20163	-0.27072	-0.03416	-0.24541	0.49945	-0.028208	-0.96111
-0.34152	0.66968	-0.12433	0.032792	-0.3018	0.58284	0.8351	-0.67496
-0.94213	0.17335	-0.12388	-0.13189	0.058883	0.29816	0.22066	-0.60507
-0.32713	0.16634	0.44861	-0.14235	-0.030844	0.70607	-0.10868	-1.0609
-0.46374	-0.57548	-0.76995	-0.77209	0.70311	0.36604	-0.80978	-0.78288
-1.0967	0.21997	-1.2819	0.9717	-0.091513	1.652	-0.15678	-1.0425
-0.47785	0.16389	-0.4412	-0.25639	0.0046735	0.33648	0.071438	-0.72299
-0.52423	-0.21619	-0.66806	-0.10702	-0.16239	-0.054764	0.37911	-0.5156
-0.58646	-0.17768	0.25447	0.025105	0.0045239	0.31698	0.5189	-0.3438
-0.52549	-0.19955	0.056561	0.31934	-0.44297	-0.41641	-0.29868	-0.36237
-0.49723	-0.21388	-0.29783	-0.18434	0.17911	-0.39934	0.29755	-0.24441
-0.52077	0.25199	-0.39646	-0.48503	-0.19056	0.39472	0.61992	-0.67342
-0.2491	0.098901	-0.43303	-0.013825	-0.54068	0.24719	-0.025122	-0.16695
-1.0057	-0.16031	-0.28805	0.041467	0.14407	0.099498	0.62208	-1.1251
-0.077053	0.74211	-0.11609	-0.12898	-0.29126	0.27854	-0.081462	0.053041
-0.24683	-0.0053184	-0.39371	0.094055	-0.11842	0.14178	-0.084648	-0.40834
-0.56497	0.20934	-0.0087469	-0.052031	-0.028101	0.13979	0.058699	-0.18256
0.67458	-0.039165	-0.34199	-0.017212	0.42278	-0.11142	0.09491	-0.19401
-0.75078	-0.16187	-0.068512	0.20884	-0.03623	-0.088618	0.31711	-0.21399
-0.29229	0.21757	-0.53098	-0.55515	0.050032	0.093064	0.28472	-0.57248
-2.1507	1.3269	-1.6624	1.3489	-0.53699	-1.3693	0.90973	-1.7634
-0.12341	0.46599	0.017903	0.47989	-0.15484	-0.042307	0.37267	0.28839
0.26181	-0.53275	-0.58535	-0.20239	-0.35732	0.77	-0.051518	-0.81522
-0.2884	0.53541	-0.011163	0.12387	-0.10938	-0.0016082	-0.083018	-0.44326
-0.36459	0.55261	-0.52449	0.0066756	-0.084647	0.075537	1.0233	-0.069683
-0.89237	0.43938	-0.048399	0.36462	0.40471	0.40747	0.37511	-0.65372
-0.10052	-0.12351	0.011262	0.27176	-0.36079	-0.31071	0.21096	-0.76988
-0.6874	0.14138	-0.33422	-0.18305	0.079524	-0.47303	0.23592	-1.1904
-0.4315	0.080279	-0.039785	-0.10086	0.041684	0.028117	-0.065132	-0.054999
-0.79496	0.099388	0.061888	-0.23053	0.031709	0.037855	0.18086	-0.20844
-0.34427	0.12813	-0.48979	-0.31618	-0.25579	0.060011	-0.20469	-0.76312
0.34292	0.94878	0.12906	0.21769	0.27639	0.086776	-0.10538	-0.87212
-0.12605	0.18876	-0.10873	0.14963	0.20653	0.30855	-0.35225	-0.96338
-0.58381	0.20016	-0.33368	-0.36016	-0.0083216	0.31475	0.45811	-0.16602
-1.3023	-0.25563	-0.52096	-0.22464	0.39229	0.1611	0.19856	-1.1501
-0.84901	-0.043428	-0.18095	-0.60821	-0.66926	0.20072	0.27991	-1.1202
-0.44206	0.14215	-0.17419	0.23962	-0.10946	-0.19992	0.43687	-0.43045
-0.089798	0.098648	-0.40691	0.064934	0.26505	0.20483	0.30729	-0.66106
-0.38721	-0.11931	0.044379	0.030145	-0.022211	-0.048386	0.11358	-0.089982
-0.47898	-0.032971	-0.65149	-0.32743	0.14391	0.07443	0.022639	-0.29135
-0.54616	0.10359	0.13479	0.59785	0.36384	-0.12577	0.54093	-0.52635
0.04788	-0.31969	0.028066	-0.023793	0.12743	-0.55292	1.1049	-0.33998
-0.53824	-0.31266	0.061985	0.32939	0.30486	-0.033226	0.38939	-0.14263
-0.90039	0.83944	-0.50541	0.0053631	0.24757	0.10366	0.17982	-0.7422
-0.36644	-0.3324	-0.42599	0.36937	0.27192	1.0557	0.34263	-1.4071
-0.7998	-0.31371	0.39357	-0.031562	0.042889	0.27964	0.11823	-0.30684
-0.5173	-0.11305	0.30464	0.1171	-0.17319	-0.25161	0.085484	-0.24977
-0.36831	-0.034661	-0.45974	0.031557	0.31256	-0.28397	0.09927	-0.17614
-0.59	-0.34208	-0.03803	-0.17278	0.57509	-0.2185	0.19609	-0.32661
-0.6351	-0.042176	-0.37243	-0.32345	-0.43085	-0.28766	0.11172	-0.29147
-0.63304	-0.22027	0.67584	-0.059143	0.20153	-0.0456	0.24324	-0.91358
-0.49827	-0.10573	-0.022395	0.087497	0.25369	0.19896	0.14876	-0.57005
-0.35596	-0.025011	-0.40428	0.21257	-0.054557	0.4868	0.58108	-0.11728
-0.51731	0.21304	-0.2616	-0.062251	-0.42897	1.1824	0.15293	0.17156
-0.43231	0.11991	0.0015056	0.1706	-0.091852	-0.12241	0.52833	-0.27431
-0.66268	-0.0019598	-0.044173	-0.05724	0.056018	0.42884	0.61677	-0.18502
-0.68433	-0.21538	-0.64018	0.24254	-0.22293	0.044117	0.52547	-0.21682
-0.53839	0.15029	-0.19982	-0.024438	0.086618	-0.053138	0.1581	-0.24953
-0.45805	-0.17286	-0.097436	-0.048411	0.08076	-0.35394	0.30024	-0.2365
-0.74016	0.004294	-0.6021	-0.077666	0.16191	0.00018542	0.23737	-0.014226
-1.1615	-0.069823	-0.35356	0.19353	0.14245	-0.50285	0.021363	-0.43165
-0.39273	4.6312e-05	-0.30811	-0.40162	1.2077	0.4956	0.10293	-0.23986
-0.67067	-0.010256	-0.38142	-0.2364	0.5616	-0.060344	0.13808	-0.2185
-0.62867	0.32128	-0.16992	-0.26676	0.1428	-0.28317	-0.1243	0.023798
-0.19373	0.28892	-0.36693	0.17444	-0.10731	-0.056902	0.044066	0.045429
-0.47445	-0.17027	-0.57802	-0.16487	0.38422	0.046877	0.26448	-0.15975
-1.0527	0.09778	-0.47938	0.31325	-0.20687	0.88163	-0.2117	-0.24486
-1.3068	-0.39031	-0.60165	0.43212	-1.4737	0.10683	-0.039767	-0.97821
-0.63071	0.03634	-0.13247	-0.15462	-0.074638	0.3532	-0.016368	-0.48158
-0.28189	0.32765	-0.4927	-0.048926	-0.0067185	0.078831	0.24739	-0.17716
0.030623	0.14658	-0.65629	-0.34966	-0.21504	-0.14752	0.27471	-0.33884
-0.84781	0.55321	0.19496	0.039279	0.1403	-0.041129	0.012181	-0.4014
-0.56888	-0.18048	-0.025545	-0.2309	0.016353	-0.25693	0.50668	-0.47565
-0.65306	-0.37618	-0.30966	-0.16309	-0.13287	0.42673	0.6148	-0.43675
-0.49475	1.1325	-0.44613	0.13206	0.26525	0.50886	-0.0076343	-0.08749
-0.18501	-0.014869	-0.55091	-0.16636	-0.0047141	0.1897	0.36978	-0.53952
-0.61384	0.053242	-0.43986	0.11779	0.049864	0.044445	0.1989	-0.69217
-0.66255	0.10809	-0.13691	-0.36372	0.010058	-0.082474	0.25043	-0.27397
-0.58974	-0.17631	-0.013312	0.58984	0.41022	-0.33572	0.049147	-0.5049
-0.5844	-0.021544	-0.77712	0.13327	0.18198	-0.3777	0.015345	-0.91897
0.10448	-0.0026415	-0.02902	-0.015884	-0.0085376	0.084624	0.056352	-0.0074645
-0.54308	0.23904	-0.41655	-0.17516	0.10989	0.063486	0.17307	-0.40029
-0.70535	-0.47291	-0.2202	-0.62729	-0.22413	0.48214	0.58975	-0.79438
-0.62098	0.28121	-0.58714	-0.44724	0.34038	-0.085408	0.33156	-0.8514
-0.3943	-0.00023015	-0.11373	-0.48772	0.20455	-0.033643	0.30144	-0.54984
-0.82463	0.19496	0.017118	-0.16608	-0.031496	-0.051858	0.2322	-0.35741
-0.14913	0.18381	-0.11345	0.033319	0.053301	0.50552	0.24857	-0.65393
-0.27568	0.18647	-0.57041	0.19024	-0.14064	0.26829	0.057844	-0.66045
-0.34843	0.072938	-0.5875	-0.1918	0.053541	-0.013658	0.24165	0.021645
-0.32471	0.23437	-0.0060736	-0.28587	-0.096382	0.30706	0.66588	-0.38556
0.1547	-0.025766	0.35322	0.52605	-0.51422	0.15645	0.28791	-0.53818
0.215	-0.80954	0.12085	-0.1946	0.46975	0.8645	0.18518	-0.97865
-0.6992	0.093261	-0.20239	-0.35285	0.3774	-0.10129	0.41822	-0.5024
-0.4838	0.40955	-0.49377	0.081269	0.17661	-0.074765	0.68866	-0.30552
-0.55301	-0.11634	-0.1416	-0.47817	0.4762	0.17333	0.75377	-0.37521
-0.15242	0.1124	-0.66222	-0.030889	-0.13557	0.2309	-0.246	-0.44104
-0.51899	-0.15773	0.065716	-0.31432	-0.14066	-0.095811	0.18669	-0.24009
-0.5876	0.0049453	0.18377	-0.20004	0.41943	-0.14327	0.060956	-0.66778
-0.57951	0.014972	0.06299	-0.22472	-0.37009	0.57173	0.48388	-0.28733
-0.31632	-0.26438	-0.39809	-0.12958	-0.34714	-0.029245	0.34776	-0.46345
-1.1038	-0.3427	-0.24155	-0.47605	0.2944	0.12805	0.16978	0.024559
-0.06889	0.13685	-0.64753	-0.20653	-0.050887	-0.43757	-0.0050876	-0.4785
-0.6143	0.27687	-0.5142	-0.10922	-0.46103	-0.11243	-0.12673	-0.41317
-0.99547	-0.15539	0.049368	-0.4185	0.10866	-0.31233	-0.068382	-0.21074
-0.57043	0.015644	-0.18108	0.079403	-0.20823	-0.022833	0.39445	-0.74896
-0.38103	0.53443	-0.78193	-0.29918	0.4597	0.18693	0.050674	-0.47064
-0.72953	-0.044934	-0.30096	0.67375	0.079783	-1.8218	-0.48352	0.19969
-0.6496	0.22965	-0.093473	0.12621	0.11681	-0.13062	0.33624	-0.17542
-1.0884	0.18654	-0.34209	0.080296	0.31178	-0.68031	-0.091202	-0.89547
-0.47725	-0.30923	-0.01041	-0.22039	0.1622	-0.11412	0.2973	-0.30466
-0.85268	-0.12632	-0.13477	-0.19882	-0.42075	-0.032603	0.70216	-0.26537
-0.4732	0.16103	-0.29927	-0.51911	-0.29189	0.09637	0.42924	-1.2132
-0.78764	0.057625	-0.44486	0.43436	-0.60799	0.3047	1.0284	-0.7192
-0.58357	0.18473	-0.25804	-0.013888	0.11766	-0.0070313	0.25045	-0.43841
-1.3931	-0.22792	-0.40927	-0.14021	0.33512	0.28004	0.5979	-0.084943
-0.43846	0.44604	-0.22771	0.57699	-0.3493	0.45564	0.2161	-0.36821
-0.91461	0.15457	-0.16313	-0.25522	-0.03705	0.084207	0.30572	-0.8322
-0.10911	-0.099707	0.016332	0.025904	0.10052	0.041345	-0.0046591	-0.060428
-0.88047	-0.55976	0.098658	0.28075	-0.501	0.15964	0.29887	0.011986
-0.37543	-0.24473	-0.98383	0.19357	-0.31592	0.48397	-0.5681	-0.65778
-0.50791	0.079274	-0.078623	-0.52759	-0.24674	0.69461	0.11612	-0.52442
-0.6575	0.024703	-0.44643	0.044496	0.17708	0.42047	0.19794	-0.67045
-0.28749	-0.0092154	0.40632	-0.25552	0.37146	0.23102	-0.051854	-0.14731
-0.53645	-0.81293	0.73405	-0.27603	0.17011	-0.61776	-0.33772	-0.98155
-0.22782	0.087447	-0.21452	-0.37756	-0.092409	0.52868	0.010739	0.19469
-0.64693	0.25445	-0.46722	-0.4715	0.057302	-0.20211	0.40082	-0.84118
-0.37766	0.020765	-0.047138	0.085095	0.27374	0.30131	0.60929	-0.52178
-0.81909	-0.77314	-0.27483	-0.16889	-0.45909	0.14911	0.45674	0.042186
-1.2018	-0.43234	0.063239	0.37733	0.72152	0.67098	-0.3489	-1.3502
-0.62074	-0.29038	-0.49783	-0.16866	-0.070968	1.0333	-0.067522	0.69774
0.031616	-0.44448	-0.49972	0.06268	-0.41017	0.3001	0.25658	-0.74858
-0.085419	0.23978	-0.15226	0.23846	-0.0084106	0.16935	0.3426	-0.54073
-0.70862	-0.13394	-0.35936	-0.32357	0.10228	-0.12704	-0.086107	-0.30059
-0.45136	0.30871	-0.10336	-0.33097	-0.010053	-0.044163	0.38492	-0.39511
-0.73028	-0.084162	-0.33921	-0.48656	0.382	0.98768	0.23228	-0.67825
0.12905	-0.16465	-0.10982	-0.071936	0.41568	0.37688	-0.39503	-0.58211
-0.42469	-0.26913	-0.0076873	-0.21254	0.046322	0.1848	0.2873	-0.32494
-0.80313	0.83539	-0.90368	0.71856	0.0079288	0.12338	0.49833	-1.0896
-0.34375	-0.67485	-1.1596	-0.20615	0.35047	-0.59882	-1.2031	-0.68954
-0.39474	-0.10491	-0.61977	-0.29475	-0.18881	-0.064139	0.0587	-0.6582
-0.65496	-0.46951	-0.18699	-0.044101	-0.033672	0.20131	0.14974	-0.36151
-0.99682	-0.093784	-0.51283	0.090321	-0.15967	0.1188	0.82071	-0.70963
-0.87638	-0.01558	0.023951	-0.063964	-0.35354	0.94044	-0.084401	0.3063
-0.19245	0.78239	-0.70311	0.25471	-0.66554	-0.48268	1.0336	-1.2328
-0.8656	0.03291	0.13247	-0.19426	0.11207	-0.15546	0.097016	-0.60137
-0.28809	0.042436	-0.41716	-0.65645	0.02698	0.037518	1.0121	-0.53395
-0.064632	0.040435	0.26811	-0.2731	-0.18265	0.4031	-0.64778	0.10719
-0.91059	-0.22809	-0.081891	-0.50997	0.16356	0.20941	0.25529	-0.24885
-0.50127	-0.38998	-0.55266	-0.54179	0.057862	0.52961	0.2314	-0.25194
-1.0096	-0.36799	-0.25363	-0.0039541	0.014998	0.35157	0.12293	-0.44602
-0.41184	0.23996	-0.67251	0.054453	-0.48078	-0.51996	0.42684	-0.61774
-0.98862	-0.85557	-1.09	0.36542	0.038969	-0.55505	0.20425	-0.6195
-0.58613	0.025326	0.18904	0.22679	-0.037741	0.34951	-0.070543	-0.4917
-0.43272	-0.34246	-0.067638	-0.37273	0.52811	-0.35927	-0.51347	-0.67369
-0.91993	0.50854	-0.3624	-0.26147	0.24547	0.14057	-0.43684	-0.37356
-0.66757	0.33141	-0.21765	-0.62863	0.115	-0.27788	-0.061515	-1.0683
-0.44286	-0.025609	-0.71274	-0.65693	0.057652	0.16377	1.0026	-0.38679
-1.0996	-0.52687	-0.62221	-0.24359	0.22865	-0.12916	0.83721	-0.97447
0.38223	0.043918	0.052052	-0.14726	0.34046	1.356	0.14557	-0.0074066
-0.48837	-0.63642	-0.11432	0.28229	0.37435	-0.26433	0.29257	-0.66393
-0.4913	-0.71528	-0.79303	0.31476	-0.29468	0.63736	0.042847	-0.87079
-0.84997	-0.43926	-0.1102	-0.50576	0.0609	-0.57513	0.51708	-0.63901
-0.72397	0.30114	-0.30274	-0.18272	0.074633	0.56262	0.40942	-0.69546
-0.2291	0.093492	-0.48931	-0.32831	0.41325	-0.15431	0.13886	-0.3171
-0.55929	0.12281	0.12121	-0.036698	0.13911	0.0057881	0.059119	-0.0013512
-0.70117	-0.22864	0.16951	0.18177	0.22553	0.7432	0.63577	-0.29189
-0.14513	0.43521	-0.78031	-0.17183	0.14645	0.10138	0.005784	-0.78732
-0.58876	0.037259	-0.26458	-0.15485	0.040963	0.18863	0.3559	-0.67037
-0.70353	0.13482	-0.41447	-0.32294	0.05968	-0.059859	-0.050921	-0.4924
-0.16945	0.065953	-0.53552	0.38186	0.28233	0.28863	0.085888	-0.55476
-0.35219	0.37246	-0.19651	-0.029003	0.1431	-0.068678	0.35115	-0.68454
