10.611
4.0309
1.429
4.163
1.0941
1.8598
4.4454
1.0676
1.3003
3.503
2.9727
1.4534
1.5206
1.7028
0.6983
0.98656
1.9897
1.9429
1.5046
3.4674
1.135
2.3582
2.7631
1.3784
1.3833
2.6415
1.6772
4.7781
1.7214
2.5676
3.5454
3.3548
1.8032
2.2398
2.7379
1.2602
2.5201
2.6692
1.6216
5.2179
2.1296
1.9617
1.0478
2.2461
3.5602
7.2526
1.0937
4.2419
2.5505
2.0767
2.1946
1.569
3.1859
1.7987
2.3229
2.5692
1.6428
1.5643
1.8064
5.1603
1.7452
1.7463
1.8062
2.2551
2.0189
4.1405
1.3969
1.5059
4.5959
2.1415
2.5998
3.6093
1.9652
4.9308
1.8465
1.2317
3.175
1.9448
1.8332
1.8217
3.2357
3.0102
3.7901
1.5263
1.4344
2.5092
4.9825
1.1226
2.5677
1.8363
3.2721
2.4273
2.3979
1.5804
1.8338
2.1628
1.1567
2.2756
2.0685
1.5771
1.9252
1.968
2.2478
2.057
4.3066
1.2783
2.1313
4.5256
1.8048
5.5131
2.5096
1.9991
1.3596
1.8832
1.3929
3.5403
1.5349
2.043
4.0122
1.8748
5.2589
2.247
1.3933
1.3938
3.147
2.7062
3.5216
1.614
4.8944
2.8675
1.923
1.6584
2.6939
5.4038
1.3708
1.7611
1.8731
1.564
1.2691
1.6411
1.9653
3.0669
1.5252
5.0952
2.37
2.4598
1.4404
2.9045
6.1457
1.6733
1.5676
2.4671
1.0552
4.1174
2.4935
3.5051
1.9427
2.2949
3.3368
2.5452
1.6391
2.4818
2.4199
2.2981
1.5728
2.8139
1.7318
2.4069
1.1098
2.9949
3.3972
7.4577
2.3644
1.9017
1.7768
2.0618
1.2045
2.3404
2.2861
3.4308
4.5301
1.6886
2.6033
1.6489
2.2456
4.3649
2.1975
2.1058
4.8765
2.3849
2.8571
1.4414
1.4008
1.9923
2.0239
2.0364
1.1509
4.8025
4.094
1.3196
1.6255
2.412
1.557
2.9781
5.0152
1.7691
2.5644
2.5888
3.8182
1.3222
2.296
3.0195
3.6151
1.5425
4.7316
1.0079
1.9891
3.0458
9.2997
1.6627
1.7176
1.6299
5.523
2.9769
2.2165
1.4627
3.3537
2.9914
3.4365
1.3376
2.5465
2.1098
5.5729
3.4582
2.4519
1.7803
1.3191
2.234
3.2609
1.4172
1.898
2.0536
2.7897
2.967
2.1084
2.57
2.1054
3.0991
1.6511
1.0406
1.4023
2.2737
2.5803
2.1792
2.1406
1.6661
4.0533
0.99445
3.2458
1.5329
1.3586
6.6268
1.5942
4.8815
1.8503
2.9086
1.9493
1.2957
3.2484
3.6176
4.7303
2.3553
5.8057
2.6943
3.0231
1.6538
1.2091
1.9221
1.3414
2.431
1.5155
2.4062
1.8024
1.9172
2.8511
1.6175
3.4368
5.3664
2.4155
3.9472
1.8664
1.4653
2.425
2.7212
1.8235
2.2106
1.4866
1.3974
2.9169
0.95577
0.99455
1.1063
2.1612
1.9504
1.2073
1.9937
2.0219
2.7187
1.729
1.8908
3.5245
4.3483
3.4745
2.8171
1.0678
2.0775
1.7518
6.1152
4.5425
1.0746
2.516
1.3906
2.5869
2.156
1.4392
2.0584
4.7501
1.3317
1.802
2.8313
2.8517
2.7573
2.3991
1.0759
2.5975
7.4477
2.1528
2.0707
1.9512
0.97234
2.6976
1.8248
3.307
3.296
2.5069
3.2603
2.1616
2.1867
3.6183
5.8005
1.3883
1.4549
1.2791
1.9022
3.0141
1.6602
1.039
12.366
3.7147
9.0381
7.1684
1.3255
2.5223
6.1926
3.0319
1.3715
2.9126
1.265
0.77836
2.1714
3.4389
3.0224
2.861
3.9082
2.1151
2.1975
2.3684
1.8947
2.7142
3.3456
3.0034
1.3402
1.459
2.3119
3.2452
2.0047
2.6844
2.3004
3.5687
4.0307
2.6843
1.2251
1.6345
4.2817
1.0659
1.8358
1.2351
2.5874
2.0669
1.8201
5.1979
3.1667
2.6654
1.765
1.3451
1.4267
2.144
4.5781
1.1473
4.2266
1.7048
5.7752
3.3563
2.9877
1.3897
1.5286
1.406
0.99898
2.4841
3.9846
2.4535
3.8194
3.6499
1.8338
2.404
6.6184
1.9406
2.6161
5.1221
1.914
1.847
2.6247
1.6078
2.3459
1.4534
2.4179
2.3511
1.9527
2.0815
2.5804
1.9809
2.6427
4.1207
3.0098
1.8237
1.7755
1.1769
3.7052
1.6156
1.6604
1.2605
2.8924
2.1056
1.3648
0.89604
2.0629
2.2976
1.1651
2.0412
2.4648
1.0256
1.0326
2.6712
1.7441
2.1912
2.2223
2.92
1.8162
1.5852
3.5834
2.0663
6.6579
3.5813
1.7646
2.4961
1.5993
3.1616
1.5063
1.3062
0.85413
4.0806
1.4496
4.1195
4.0021
1.8722
2.2045
1.1706
3.9016
1.3333
1.3511
9.9147
1.3736
1.9176
1.8929
4.9742
3.1254
1.0597
1.4011
1.77
5.0533
1.9052
4.6294
2.3256
2.5323
1.6914
1.4632
1.716
4.9309
2.8736
1.1222
3.0306
4.2391
1.7763
1.0203
2.3714
2.0473
2.8573
4.1341
3.4425
2.1066
3.6676
1.984
2.1787
5.0389
1.3947
3.4907
2.1166
3.8912
5.0747
1.1094
1.1514
4.5603
1.6243
1.1503
1.0831
1.0771
3.3545
2.7285
1.5986
1.5338
2.4124
3.0672
3.0695
2.0771
2.6606
2.7572
3.6292
1.5225
2.1355
3.3923
2.8769
3.369
2.8032
3.6989
2.944
0.85418
2.0295
2.4281
3.302
2.4591
2.2992
1.838
3.4748
3.8857
2.8608
1.3817
1.1016
2.5497
1.4819
2.1088
2.8463
2.4446
2.2783
2.1406
0.94122
3.0497
2.2703
2.9886
0.97592
2.5128
1.3374
1.3087
1.9243
2.2095
2.592
2.5554
0.80023
2.3279
2.3449
2.1578
1.0163
3.329
2.2089
3.6572
2.1461
2.5264
1.1564
2.7421
2.2261
1.6412
2.3435
3.2273
2.2391
2.8176
2.1987
0.88966
3.2121
3.3529
2.8036
1.7151
2.5579
1.7548
3.8572
2.7409
0.9787
4.2172
3.3425
5.1888
4.3
6.0095
2.4496
4.7678
4.9324
1.6237
3.8835
1.9462
1.7685
10.43
1.8789
3.1411
3.531
2.1174
2.4265
2.1858
1.3348
4.2008
1.6778
2.5627
1.8932
1.6158
1.1605
1.2752
3.2593
4.767
5.5181
4.3461
2.2746
1.3423
2.5877
1.6044
2.3431
2.8332
3.0011
2.5108
3.6315
1.4191
5.1906
1.7314
1.6674
1.3721
12.862
0.88175
3.0159
1.7026
2.7467
2.5589
1.4974
11.931
1.4101
1.4923
3.084
1.181
1.3924
2.0636
1.1669
1.5331
1.0689
1.9281
4.8198
3.3407
2.9398
2.7672
2.8196
2.6783
1.9618
4.4139
3.8472
0.89195
2.7088
1.3053
1.9254
1.6265
2.4271
1.5184
2.3503
4.2469
2.3768
3.9288
1.4049
1.6734
2.2913
2.6062
7.1371
2.6509
2.5578
4.0738
2.919
5.6584
1.8699
4.8867
1.8255
2.374
2.9154
1.8175
2.6978
1.7589
1.9553
2.6395
1.3276
2.7616
1.6627
1.3769
2.611
2.5908
2.8033
5.5283
4.2877
4.3029
2.4703
2.8267
1.9527
1.2866
3.0816
2.7606
4.343
2.0648
2.9767
2.2034
4.7757
1.6097
2.0932
0.81467
2.2204
1.8108
1.8565
1.408
1.6763
4.4099
2.5902
1.4304
1.4087
2.6776
1.6776
2.6837
3.1069
3.0075
2.2059
1.6881
2.5355
3.3578
1.8319
6.7543
1.6556
1.3694
1.6813
2.0011
2.1664
2.3937
1.5993
2.5417
3.4604
2.342
2.1711
3.8591
2.028
2.4875
2.1204
3.6097
2.5977
2.7573
2.7471
1.7986
1.9637
2.1908
1.5422
3.0369
1.683
1.3131
3.0909
6.4048
2.6925
3.5212
2.0516
1.0354
1.6363
2.6123
1.0611
6.1224
2.6831
1.7709
1.6248
2.2891
2.5207
1.7632
3.0341
1.6529
1.8849
2.9878
1.8985
2.0748
2.1177
1.1654
1.8845
3.1086
1.7741
2.7246
4.983
1.1082
2.6966
2.0349
3.0156
1.2071
2.6922
4.367
1.9684
2.0167
1.4242
3.0145
4.4114
1.592
2.3869
4.2094
3.4587
1.3897
1.6444
1.2552
2.6301
3.0117
3.426
3.0091
1.1302
1.553
2.4982
7.3124
2.2295
2.2282
1.6482
2.3369
3.1793
1.7139
1.5869
4.3834
0.9395
2.3453
3.2105
1.1898
3.5165
2.6232
1.9595
3.7616
2.2082
3.584
2.2414
1.0737
3.237
2.1212
5.0731
1.0073
1.3015
1.6585
2.2192
3.5911
1.2379
1.4367
3.6283
1.8607
1.1728
0.58229
1.6329
1.0249
7.1731
3.9052
3.8138
1.4303
2.7058
1.0704
3.2618
2.5667
2.0182
0.94096
3.878
1.4928
2.3253
4.7725
2.5223
2.9259
2.5791
2.4445
1.1118
2.1201
3.6577
2.8931
1.2565
2.0696
2.4775
3.1925
4.3428
1.7576
1.9926
6.7409
3.0604
1.793
1.9939
3.143
4.1387
2.7802
2.398
1.8196
3.9579
3.6545
1.6135
2.0333
2.0008
2.1207
2.3082
1.0065
1.2931
0.88284
1.6562
2.2808
1.515
4.8686
2.1798
1.4504
2.3713
1.2411
0.99467
0.98393
2.2772
5.0819
1.6017
2.582
0.983
0.85743
1.9704
1.613
1.5527
1.3325
1.4958
2.6647
1.8755
2.1805
2.4344
1.8388
0.99824
5.4063
4.0911
4.1361
4.1624
0.83526
3.4253
3.7562
7.8783
2.2041
3.4295
1.0405
1.7987
2.8
0.97439
3.3908
2.9023
1.887
2.1383
1.739
3.43
1.8115
1.7082
1.1986
2.3867
4.6985
2.677
2.7637
2.4105
5.275
1.2813
1.9781
1.1687
2.9322
1.5635
3.1407
3.0674
2.0232
1.6892
2.9264
1.1824
3.2829
2.1784
1.7206
1.9364
1.9498
3.0237
1.5449
2.1746
2.2664
7.1051
1.6399
4.1315
2.7027
2.135
2.2625
0.91069
1.8929
1.5967
2.7863
3.5285
1.4417
1.9013
1.5968
2.779
1.3357
1.5935
1.3738
2.4013
3.1219
1.5471
3.7788
1.1206
2.8458
1.1111
2.3485
6.9221
2.3574
1.2104
1.8836
3.1377
2.2277
2.3218
1.944
1.9018
3.9389
3.8272
1.4289
3.2453
1.9022
1.6944
2.1343
2.0308
1.4395
1.2151
1.7029
