0	-4.4	2.7701	0.442	0	0
0.2	-4.4	2.77	0.44199	0	0
0.4	-4.4	2.7701	0.44201	0	0
0.6	-4.4	2.7703	0.44205	0	0
0.8	-4.4	2.7707	0.44212	0	0
1	-4.4	2.7709	0.44214	0	0
1.2	-4.4	2.7711	0.44216	0	0
1.4	-4.4	2.771	0.44214	0	0
1.6	-4.4	2.7712	0.44217	0	0
1.8	-4.4	2.7716	0.44222	0	0
2	-4.4	2.7716	0.44222	0	0
2.2	-4.4	2.7718	0.44225	0	0
2.4	-4.4	2.7718	0.44223	0	0
2.6	-5	2.7713	0.44397	0	0
2.8	-5	2.7717	0.44404	0	0
3	-5	2.7718	0.44406	0	0
3.2	-5	2.7718	0.44404	0	0
3.4	-5	2.772	0.44408	0	0
3.6	-5	2.7721	0.44409	0	0
3.8	-5	2.772	0.44408	0	0
4	-5	2.7718	0.44403	0	0
4.2	-5	2.7719	0.44406	0	0
4.4	-5	2.772	0.44407	0	0
4.6	-5	2.7719	0.44406	0	0
4.8	-5	2.7722	0.44412	0	0
5	-5	2.772	0.44408	0	0
2.6	-3.8	2.7719	0.44011	0	0
2.8	-3.8	2.7723	0.44018	0	0
3	-3.8	2.7725	0.44021	0	0
3.2	-3.8	2.7724	0.4402	0	0
3.4	-3.8	2.7727	0.44024	0	0
3.6	-3.8	2.7727	0.44026	0	0
3.8	-3.8	2.7727	0.44024	0	0
4	-3.8	2.7725	0.4402	0	0
4.2	-3.8	2.7726	0.44023	0	0
4.4	-3.8	2.7727	0.44024	0	0
4.6	-3.8	2.7726	0.44023	0	0
4.8	-3.8	2.773	0.4403	0	0
5	-3.8	2.7727	0.44026	0	0
0	-5	2.7703	0.44389	0	0
0.2	-5	2.7702	0.44388	0	0
0.4	-5	2.7703	0.4439	0	0
0.6	-5	2.7705	0.44392	0	0
0.8	-5	2.7709	0.44399	0	0
1	-5	2.771	0.444	0	0
1.2	-5	2.7711	0.44401	0	0
1.4	-5	2.7711	0.44399	0	0
1.6	-5	2.7712	0.444	0	0
1.8	-5	2.7716	0.44406	0	0
2	-5	2.7716	0.44405	0	0
2.2	-5	2.7718	0.44408	0	0
2.4	-5	2.7717	0.44405	0	0
0	-4.8	2.7702	0.44327	0	0
0.2	-4.8	2.7702	0.44327	0	0
0.4	-4.8	2.7703	0.44328	0	0
0.6	-4.8	2.7705	0.44331	0	0
0.8	-4.8	2.7708	0.44338	0	0
1	-4.8	2.771	0.4434	0	0
1.2	-4.8	2.7711	0.44341	0	0
1.4	-4.8	2.7711	0.44339	0	0
1.6	-4.8	2.7713	0.44341	0	0
1.8	-4.8	2.7716	0.44346	0	0
2	-4.8	2.7716	0.44345	0	0
2.2	-4.8	2.7718	0.44348	0	0
2.4	-4.8	2.7718	0.44346	0	0
0	-4.6	2.7704	0.44268	0	0
0.2	-4.6	2.7703	0.44267	0	0
0.4	-4.6	2.7704	0.44269	0	0
0.6	-4.6	2.7706	0.44272	0	0
0.8	-4.6	2.771	0.44279	0	0
1	-4.6	2.7712	0.44281	0	0
1.2	-4.6	2.7713	0.44283	0	0
1.4	-4.6	2.7713	0.44281	0	0
1.6	-4.6	2.7714	0.44283	0	0
1.8	-4.6	2.7718	0.44289	0	0
2	-4.6	2.7718	0.44288	0	0
2.2	-4.6	2.772	0.44291	0	0
2.4	-4.6	2.772	0.44289	0	0
2.6	-4.8	2.7714	0.44338	0	0
2.8	-4.8	2.7718	0.44345	0	0
3	-4.8	2.7719	0.44347	0	0
3.2	-4.8	2.7718	0.44345	0	0
3.4	-4.8	2.7721	0.44349	0	0
3.6	-4.8	2.7721	0.44351	0	0
3.8	-4.8	2.7721	0.44349	0	0
4	-4.8	2.7719	0.44345	0	0
4.2	-4.8	2.772	0.44348	0	0
4.4	-4.8	2.772	0.44348	0	0
4.6	-4.8	2.772	0.44347	0	0
4.8	-4.8	2.7723	0.44354	0	0
5	-4.8	2.7721	0.44349	0	0
2.6	-4.4	2.7714	0.44216	0	0
2.8	-4.4	2.7718	0.44222	0	0
3	-4.4	2.7719	0.44225	0	0
3.2	-4.4	2.7719	0.44223	0	0
3.4	-4.4	2.7721	0.44228	0	0
3.6	-4.4	2.7722	0.44229	0	0
3.8	-4.4	2.7721	0.44227	0	0
4	-4.4	2.7719	0.44223	0	0
4.2	-4.4	2.7721	0.44226	0	0
4.4	-4.4	2.7721	0.44227	0	0
4.6	-4.4	2.7721	0.44226	0	0
4.8	-4.4	2.7724	0.44232	0	0
5	-4.4	2.7722	0.44228	0	0
2.6	-4.2	2.7715	0.44151	0	0
2.8	-4.2	2.7718	0.44157	0	0
3	-4.2	2.772	0.4416	0	0
3.2	-4.2	2.7719	0.44158	0	0
3.4	-4.2	2.7722	0.44163	0	0
3.6	-4.2	2.7722	0.44164	0	0
3.8	-4.2	2.7722	0.44163	0	0
4	-4.2	2.772	0.44159	0	0
4.2	-4.2	2.7721	0.44162	0	0
4.4	-4.2	2.7722	0.44163	0	0
4.6	-4.2	2.7721	0.44162	0	0
4.8	-4.2	2.7724	0.44168	0	0
5	-4.2	2.7722	0.44164	0	0
2.6	-4.6	2.7716	0.44281	0	0
2.8	-4.6	2.772	0.44288	0	0
3	-4.6	2.7721	0.4429	0	0
3.2	-4.6	2.7721	0.44289	0	0
3.4	-4.6	2.7723	0.44293	0	0
3.6	-4.6	2.7724	0.44294	0	0
3.8	-4.6	2.7723	0.44293	0	0
4	-4.6	2.7721	0.44289	0	0
4.2	-4.6	2.7722	0.44292	0	0
4.4	-4.6	2.7723	0.44292	0	0
4.6	-4.6	2.7722	0.44291	0	0
4.8	-4.6	2.7725	0.44298	0	0
5	-4.6	2.7723	0.44293	0	0
0	-3.8	2.7703	0.43988	0	0
0.2	-3.8	2.7702	0.43988	0	0
0.4	-3.8	2.7704	0.4399	0	0
0.6	-3.8	2.7706	0.43995	0	0
0.8	-3.8	2.771	0.44003	0	0
1	-3.8	2.7712	0.44006	0	0
1.2	-3.8	2.7714	0.44008	0	0
1.4	-3.8	2.7714	0.44007	0	0
1.6	-3.8	2.7716	0.4401	0	0
1.8	-3.8	2.772	0.44017	0	0
2	-3.8	2.7721	0.44017	0	0
2.2	-3.8	2.7723	0.4402	0	0
2.4	-3.8	2.7722	0.44018	0	0
2.6	-4	2.7713	0.44077	0	0
2.8	-4	2.7717	0.44084	0	0
3	-4	2.7719	0.44086	0	0
3.2	-4	2.7718	0.44085	0	0
3.4	-4	2.772	0.44089	0	0
3.6	-4	2.7721	0.44091	0	0
3.8	-4	2.7721	0.44089	0	0
4	-4	2.7719	0.44086	0	0
4.2	-4	2.772	0.44088	0	0
4.4	-4	2.7721	0.44089	0	0
4.6	-4	2.772	0.44088	0	0
4.8	-4	2.7723	0.44095	0	0
5	-4	2.7721	0.44091	0	0
0	-4.2	2.77	0.44132	0	0
0.2	-4.2	2.77	0.44132	0	0
0.4	-4.2	2.7701	0.44134	0	0
0.6	-4.2	2.7703	0.44138	0	0
0.8	-4.2	2.7707	0.44145	0	0
1	-4.2	2.7709	0.44148	0	0
1.2	-4.2	2.7711	0.4415	0	0
1.4	-4.2	2.771	0.44148	0	0
1.6	-4.2	2.7712	0.44151	0	0
1.8	-4.2	2.7716	0.44157	0	0
2	-4.2	2.7717	0.44157	0	0
2.2	-4.2	2.7719	0.4416	0	0
2.4	-4.2	2.7718	0.44158	0	0
0	-3.6	2.77	0.43899	0	0
0.2	-3.6	2.77	0.43899	0	0
0.4	-3.6	2.7701	0.43902	0	0
0.6	-3.6	2.7703	0.43906	0	0
0.8	-3.6	2.7708	0.43914	0	0
1	-3.6	2.771	0.43918	0	0
1.2	-3.6	2.7712	0.43921	0	0
1.4	-3.6	2.7712	0.4392	0	0
1.6	-3.6	2.7715	0.43923	0	0
1.8	-3.6	2.7719	0.43929	0	0
2	-3.6	2.7719	0.4393	0	0
2.2	-3.6	2.7722	0.43933	0	0
2.4	-3.6	2.7721	0.43932	0	0
2.6	-3.6	2.7718	0.43925	0	0
2.8	-3.6	2.7722	0.43931	0	0
3	-3.6	2.7723	0.43934	0	0
3.2	-3.6	2.7723	0.43933	0	0
3.4	-3.6	2.7725	0.43938	0	0
3.6	-3.6	2.7726	0.43939	0	0
3.8	-3.6	2.7726	0.43938	0	0
4	-3.6	2.7724	0.43934	0	0
4.2	-3.6	2.7725	0.43937	0	0
4.4	-3.6	2.7726	0.43938	0	0
4.6	-3.6	2.7725	0.43937	0	0
4.8	-3.6	2.7729	0.43944	0	0
5	-3.6	2.7726	0.43939	0	0
2.6	-3.4	2.7718	0.43834	0	0
2.8	-3.4	2.7722	0.43841	0	0
3	-3.4	2.7724	0.43844	0	0
3.2	-3.4	2.7723	0.43843	0	0
3.4	-3.4	2.7726	0.43848	0	0
3.6	-3.4	2.7727	0.43849	0	0
3.8	-3.4	2.7726	0.43848	0	0
4	-3.4	2.7724	0.43844	0	0
4.2	-3.4	2.7726	0.43847	0	0
4.4	-3.4	2.7726	0.43848	0	0
4.6	-3.4	2.7726	0.43847	0	0
4.8	-3.4	2.7729	0.43854	0	0
5	-3.4	2.7727	0.4385	0	0
2.6	-3.2	2.7722	0.43744	0	0
2.8	-3.2	2.7726	0.43751	0	0
3	-3.2	2.7727	0.43754	0	0
3.2	-3.2	2.7727	0.43753	0	0
3.4	-3.2	2.773	0.43758	0	0
3.6	-3.2	2.773	0.43759	0	0
3.8	-3.2	2.773	0.43758	0	0
4	-3.2	2.7728	0.43754	0	0
4.2	-3.2	2.773	0.43757	0	0
4.4	-3.2	2.773	0.43758	0	0
4.6	-3.2	2.773	0.43758	0	0
4.8	-3.2	2.7733	0.43764	0	0
5	-3.2	2.7731	0.4376	0	0
0	-3.4	2.7699	0.43806	0	0
0.2	-3.4	2.7699	0.43806	0	0
0.4	-3.4	2.77	0.43809	0	0
0.6	-3.4	2.7703	0.43814	0	0
0.8	-3.4	2.7707	0.43822	0	0
1	-3.4	2.771	0.43826	0	0
1.2	-3.4	2.7712	0.43829	0	0
1.4	-3.4	2.7712	0.43828	0	0
1.6	-3.4	2.7715	0.43832	0	0
1.8	-3.4	2.7719	0.43839	0	0
2	-3.4	2.7719	0.43839	0	0
2.2	-3.4	2.7722	0.43843	0	0
2.4	-3.4	2.7721	0.43841	0	0
0	-3	2.77	0.4361	0	0
0.2	-3	2.77	0.4361	0	0
0.4	-3	2.7701	0.43614	0	0
0.6	-3	2.7704	0.43619	0	0
0.8	-3	2.7709	0.43628	0	0
1	-3	2.7712	0.43633	0	0
1.2	-3	2.7714	0.43637	0	0
1.4	-3	2.7715	0.43637	0	0
1.6	-3	2.7717	0.4364	0	0
1.8	-3	2.7722	0.43648	0	0
2	-3	2.7723	0.43648	0	0
2.2	-3	2.7725	0.43653	0	0
2.4	-3	2.7725	0.43651	0	0
0	-3.2	2.7701	0.43713	0	0
0.2	-3.2	2.7701	0.43713	0	0
0.4	-3.2	2.7702	0.43716	0	0
0.6	-3.2	2.7705	0.43721	0	0
0.8	-3.2	2.771	0.4373	0	0
1	-3.2	2.7712	0.43734	0	0
1.2	-3.2	2.7715	0.43737	0	0
1.4	-3.2	2.7715	0.43737	0	0
1.6	-3.2	2.7717	0.43741	0	0
1.8	-3.2	2.7722	0.43748	0	0
2	-3.2	2.7723	0.43748	0	0
2.2	-3.2	2.7725	0.43752	0	0
2.4	-3.2	2.7725	0.43751	0	0
0	-2.8	2.7698	0.43507	0	0
0.2	-2.8	2.7698	0.43507	0	0
0.4	-2.8	2.77	0.43511	0	0
0.6	-2.8	2.7703	0.43517	0	0
0.8	-2.8	2.7708	0.43526	0	0
1	-2.8	2.7711	0.43531	0	0
1.2	-2.8	2.7714	0.43535	0	0
1.4	-2.8	2.7714	0.43536	0	0
1.6	-2.8	2.7717	0.4354	0	0
1.8	-2.8	2.7722	0.43547	0	0
2	-2.8	2.7723	0.43548	0	0
2.2	-2.8	2.7725	0.43553	0	0
2.4	-2.8	2.7725	0.43552	0	0
2.6	-3	2.7722	0.43645	0	0
2.8	-3	2.7726	0.43652	0	0
3	-3	2.7728	0.43655	0	0
3.2	-3	2.7727	0.43654	0	0
3.4	-3	2.773	0.43659	0	0
3.6	-3	2.7731	0.4366	0	0
3.8	-3	2.7731	0.43659	0	0
4	-3	2.7729	0.43655	0	0
4.2	-3	2.773	0.43659	0	0
4.4	-3	2.7731	0.4366	0	0
4.6	-3	2.7731	0.43659	0	0
4.8	-3	2.7734	0.43666	0	0
5	-3	2.7732	0.43661	0	0
2.6	-2.8	2.7722	0.43545	0	0
2.8	-2.8	2.7726	0.43553	0	0
3	-2.8	2.7728	0.43556	0	0
3.2	-2.8	2.7728	0.43555	0	0
3.4	-2.8	2.7731	0.4356	0	0
3.6	-2.8	2.7732	0.43562	0	0
3.8	-2.8	2.7731	0.4356	0	0
4	-2.8	2.7729	0.43557	0	0
4.2	-2.8	2.7731	0.4356	0	0
4.4	-2.8	2.7732	0.43561	0	0
4.6	-2.8	2.7731	0.4356	0	0
4.8	-2.8	2.7735	0.43567	0	0
5	-2.8	2.7733	0.43563	0	0
0	-2.2	2.7697	0.4321	0	0
0.2	-2.2	2.7697	0.4321	0	0
0.4	-2.2	2.7699	0.43215	0	0
0.6	-2.2	2.7703	0.43222	0	0
0.8	-2.2	2.7709	0.43234	0	0
1	-2.2	2.7712	0.4324	0	0
1.2	-2.2	2.7716	0.43246	0	0
1.4	-2.2	2.7717	0.43248	0	0
1.6	-2.2	2.772	0.43253	0	0
1.8	-2.2	2.7725	0.43262	0	0
2	-2.2	2.7727	0.43264	0	0
2.2	-2.2	2.773	0.43269	0	0
2.4	-2.2	2.773	0.43269	0	0
0	-2.4	2.7698	0.43307	0	0
0.2	-2.4	2.7698	0.43307	0	0
0.4	-2.4	2.77	0.43312	0	0
0.6	-2.4	2.7703	0.43319	0	0
0.8	-2.4	2.7709	0.43329	0	0
1	-2.4	2.7712	0.43335	0	0
1.2	-2.4	2.7715	0.4334	0	0
1.4	-2.4	2.7716	0.43342	0	0
1.6	-2.4	2.7719	0.43347	0	0
1.8	-2.4	2.7724	0.43355	0	0
2	-2.4	2.7725	0.43356	0	0
2.2	-2.4	2.7728	0.43361	0	0
2.4	-2.4	2.7728	0.43361	0	0
0	-2.6	2.7697	0.43405	0	0
0.2	-2.6	2.7697	0.43405	0	0
0.4	-2.6	2.7699	0.43409	0	0
0.6	-2.6	2.7702	0.43415	0	0
0.8	-2.6	2.7707	0.43425	0	0
1	-2.6	2.771	0.43431	0	0
1.2	-2.6	2.7713	0.43436	0	0
1.4	-2.6	2.7714	0.43436	0	0
1.6	-2.6	2.7717	0.43441	0	0
1.8	-2.6	2.7722	0.43449	0	0
2	-2.6	2.7723	0.4345	0	0
2.2	-2.6	2.7726	0.43455	0	0
2.4	-2.6	2.7726	0.43454	0	0
2.6	-2.6	2.7723	0.43447	0	0
2.8	-2.6	2.7727	0.43455	0	0
3	-2.6	2.7729	0.43458	0	0
3.2	-2.6	2.7729	0.43457	0	0
3.4	-2.6	2.7731	0.43462	0	0
3.6	-2.6	2.7733	0.43464	0	0
3.8	-2.6	2.7732	0.43463	0	0
4	-2.6	2.773	0.4346	0	0
4.2	-2.6	2.7732	0.43463	0	0
4.4	-2.6	2.7733	0.43464	0	0
4.6	-2.6	2.7732	0.43464	0	0
4.8	-2.6	2.7736	0.4347	0	0
5	-2.6	2.7734	0.43466	0	0
2.6	-2.4	2.7726	0.43354	0	0
2.8	-2.4	2.773	0.43362	0	0
3	-2.4	2.7732	0.43366	0	0
3.2	-2.4	2.7732	0.43365	0	0
3.4	-2.4	2.7735	0.4337	0	0
3.6	-2.4	2.7736	0.43372	0	0
3.8	-2.4	2.7735	0.43372	0	0
4	-2.4	2.7734	0.43368	0	0
4.2	-2.4	2.7735	0.43371	0	0
4.4	-2.4	2.7736	0.43373	0	0
4.6	-2.4	2.7736	0.43372	0	0
4.8	-2.4	2.7739	0.43379	0	0
5	-2.4	2.7737	0.43375	0	0
0	-0.6	2.7685	0.42691	0	0
0.2	-0.6	2.7686	0.42692	0	0
0.4	-0.6	2.769	0.42702	0	0
0.6	-0.6	2.7696	0.42717	0	0
0.8	-0.6	2.7705	0.42736	0	0
1	-0.6	2.7712	0.42751	0	0
1.2	-0.6	2.7718	0.42764	0	0
1.4	-0.6	2.7722	0.42772	0	0
1.6	-0.6	2.7728	0.42784	0	0
1.8	-0.6	2.7736	0.42798	0	0
2	-0.6	2.7739	0.42805	0	0
2.2	-0.6	2.7744	0.42815	0	0
2.4	-0.6	2.7746	0.42818	0	0
2.6	-2.2	2.7727	0.43263	0	0
2.8	-2.2	2.7732	0.43271	0	0
3	-2.2	2.7734	0.43275	0	0
3.2	-2.2	2.7734	0.43274	0	0
3.4	-2.2	2.7737	0.4328	0	0
3.6	-2.2	2.7738	0.43282	0	0
3.8	-2.2	2.7738	0.43281	0	0
4	-2.2	2.7736	0.43277	0	0
4.2	-2.2	2.7738	0.43281	0	0
4.4	-2.2	2.7738	0.43282	0	0
4.6	-2.2	2.7738	0.43282	0	0
4.8	-2.2	2.7742	0.43289	0	0
5	-2.2	2.7739	0.43285	0	0
0	-1.4	2.7688	0.42848	0	0
0.2	-1.4	2.7688	0.42849	0	0
0.4	-1.4	2.7691	0.42857	0	0
0.6	-1.4	2.7696	0.42867	0	0
0.8	-1.4	2.7703	0.42883	0	0
1	-1.4	2.7708	0.42893	0	0
1.2	-1.4	2.7713	0.42902	0	0
1.4	-1.4	2.7715	0.42907	0	0
1.6	-1.4	2.772	0.42916	0	0
1.8	-1.4	2.7726	0.42927	0	0
2	-1.4	2.7728	0.42931	0	0
2.2	-1.4	2.7732	0.42938	0	0
2.4	-1.4	2.7733	0.42939	0	0
2.6	-1.2	2.7734	0.42879	0	0
2.8	-1.2	2.7739	0.42888	0	0
3	-1.2	2.7742	0.42893	0	0
3.2	-1.2	2.7742	0.42894	0	0
3.4	-1.2	2.7745	0.42901	0	0
3.6	-1.2	2.7747	0.42904	0	0
3.8	-1.2	2.7747	0.42904	0	0
4	-1.2	2.7746	0.42901	0	0
4.2	-1.2	2.7748	0.42905	0	0
4.4	-1.2	2.7749	0.42907	0	0
4.6	-1.2	2.7748	0.42907	0	0
4.8	-1.2	2.7752	0.42914	0	0
5	-1.2	2.775	0.4291	0	0
0	-0.2	2.7683	0.42736	0	0
0.2	-0.2	2.7684	0.42738	0	0
0.4	-0.2	2.7688	0.42747	0	0
0.6	-0.2	2.7693	0.42761	0	0
0.8	-0.2	2.7702	0.4278	0	0
1	-0.2	2.7709	0.42794	0	0
1.2	-0.2	2.7715	0.42808	0	0
1.4	-0.2	2.7719	0.42816	0	0
1.6	-0.2	2.7725	0.42828	0	0
1.8	-0.2	2.7732	0.42842	0	0
2	-0.2	2.7735	0.42849	0	0
2.2	-0.2	2.774	0.42859	0	0
2.4	-0.2	2.7742	0.42862	0	0
2.6	-2	2.7726	0.43171	0	0
2.8	-2	2.773	0.4318	0	0
3	-2	2.7732	0.43183	0	0
3.2	-2	2.7732	0.43183	0	0
3.4	-2	2.7735	0.43189	0	0
3.6	-2	2.7737	0.43191	0	0
3.8	-2	2.7736	0.4319	0	0
4	-2	2.7735	0.43187	0	0
4.2	-2	2.7737	0.43191	0	0
4.4	-2	2.7737	0.43192	0	0
4.6	-2	2.7737	0.43191	0	0
4.8	-2	2.7741	0.43198	0	0
5	-2	2.7738	0.43194	0	0
0	-1.2	2.7686	0.42782	0	0
0.2	-1.2	2.7687	0.42783	0	0
0.4	-1.2	2.769	0.42791	0	0
0.6	-1.2	2.7695	0.42803	0	0
0.8	-1.2	2.7703	0.42819	0	0
1	-1.2	2.7709	0.42831	0	0
1.2	-1.2	2.7714	0.42841	0	0
1.4	-1.2	2.7717	0.42847	0	0
1.6	-1.2	2.7722	0.42856	0	0
1.8	-1.2	2.7728	0.42868	0	0
2	-1.2	2.7731	0.42873	0	0
2.2	-1.2	2.7735	0.42881	0	0
2.4	-1.2	2.7736	0.42883	0	0
0	-0.8	2.7683	0.42692	0	0
0.2	-0.8	2.7684	0.42694	0	0
0.4	-0.8	2.7688	0.42704	0	0
0.6	-0.8	2.7694	0.42717	0	0
0.8	-0.8	2.7702	0.42736	0	0
1	-0.8	2.7709	0.4275	0	0
1.2	-0.8	2.7715	0.42762	0	0
1.4	-0.8	2.7719	0.4277	0	0
1.6	-0.8	2.7725	0.42781	0	0
1.8	-0.8	2.7732	0.42794	0	0
2	-0.8	2.7735	0.42801	0	0
2.2	-0.8	2.774	0.4281	0	0
2.4	-0.8	2.7741	0.42812	0	0
0	-1.8	2.7694	0.43027	0	0
0.2	-1.8	2.7694	0.43028	0	0
0.4	-1.8	2.7697	0.43034	0	0
0.6	-1.8	2.7701	0.43042	0	0
0.8	-1.8	2.7707	0.43055	0	0
1	-1.8	2.7711	0.43064	0	0
1.2	-1.8	2.7715	0.43071	0	0
1.4	-1.8	2.7717	0.43074	0	0
1.6	-1.8	2.7721	0.43081	0	0
1.8	-1.8	2.7727	0.4309	0	0
2	-1.8	2.7728	0.43093	0	0
2.2	-1.8	2.7732	0.431	0	0
2.4	-1.8	2.7732	0.431	0	0
2.6	-2	2.7726	0.43171	0	0
2.8	-2	2.773	0.4318	0	0
3	-2	2.7732	0.43183	0	0
3.2	-2	2.7732	0.43183	0	0
3.4	-2	2.7735	0.43189	0	0
3.6	-2	2.7737	0.43191	0	0
3.8	-2	2.7736	0.4319	0	0
4	-2	2.7735	0.43187	0	0
4.2	-2	2.7737	0.43191	0	0
4.4	-2	2.7737	0.43192	0	0
4.6	-2	2.7737	0.43191	0	0
4.8	-2	2.7741	0.43198	0	0
5	-2	2.7738	0.43194	0	0
0	5	2.7712	0.44686	0	0
0.2	5	2.7711	0.44684	0	0
0.4	5	2.771	0.44683	0	0
0.6	5	2.771	0.44683	0	0
0.8	5	2.7711	0.44686	0	0
1	5	2.771	0.44685	0	0
1.2	5	2.7709	0.44683	0	0
1.4	5	2.7706	0.44678	0	0
1.6	5	2.7706	0.44677	0	0
1.8	5	2.7708	0.4468	0	0
2	5	2.7707	0.44678	0	0
2.2	5	2.7707	0.44679	0	0
2.4	5	2.7705	0.44675	0	0
0	-1.6	2.7691	0.42935	0	0
0.2	-1.6	2.7691	0.42935	0	0
0.4	-1.6	2.7694	0.42942	0	0
0.6	-1.6	2.7698	0.42952	0	0
0.8	-1.6	2.7705	0.42966	0	0
1	-1.6	2.771	0.42975	0	0
1.2	-1.6	2.7714	0.42983	0	0
1.4	-1.6	2.7716	0.42987	0	0
1.6	-1.6	2.7721	0.42995	0	0
1.8	-1.6	2.7726	0.43005	0	0
2	-1.6	2.7728	0.43009	0	0
2.2	-1.6	2.7732	0.43015	0	0
2.4	-1.6	2.7733	0.43016	0	0
2.6	-1	2.7736	0.42835	0	0
2.8	-1	2.7741	0.42845	0	0
3	-1	2.7744	0.4285	0	0
3.2	-1	2.7745	0.42851	0	0
3.4	-1	2.7748	0.42858	0	0
3.6	-1	2.775	0.42862	0	0
3.8	-1	2.775	0.42862	0	0
4	-1	2.7749	0.42859	0	0
4.2	-1	2.7751	0.42863	0	0
4.4	-1	2.7752	0.42865	0	0
4.6	-1	2.7752	0.42865	0	0
4.8	-1	2.7756	0.42873	0	0
5	-1	2.7754	0.42869	0	0
2.6	-1.8	2.773	0.43094	0	0
2.8	-1.8	2.7734	0.43103	0	0
3	-1.8	2.7737	0.43107	0	0
3.2	-1.8	2.7737	0.43107	0	0
3.4	-1.8	2.774	0.43113	0	0
3.6	-1.8	2.7741	0.43115	0	0
3.8	-1.8	2.7741	0.43115	0	0
4	-1.8	2.7739	0.43112	0	0
4.2	-1.8	2.7741	0.43115	0	0
4.4	-1.8	2.7742	0.43117	0	0
4.6	-1.8	2.7742	0.43116	0	0
4.8	-1.8	2.7745	0.43123	0	0
5	-1.8	2.7743	0.43119	0	0
0	-4	2.7698	0.44056	0	0
0.2	-4	2.7697	0.44056	0	0
0.4	-4	2.7699	0.44058	0	0
0.6	-4	2.7701	0.44062	0	0
0.8	-4	2.7705	0.4407	0	0
1	-4	2.7707	0.44073	0	0
1.2	-4	2.7709	0.44075	0	0
1.4	-4	2.7709	0.44074	0	0
1.6	-4	2.7711	0.44077	0	0
1.8	-4	2.7715	0.44083	0	0
2	-4	2.7715	0.44083	0	0
2.2	-4	2.7717	0.44086	0	0
2.4	-4	2.7717	0.44084	0	0
0	-1	2.7684	0.42727	0	0
0.2	-1	2.7685	0.42729	0	0
0.4	-1	2.7688	0.42738	0	0
0.6	-1	2.7694	0.42751	0	0
0.8	-1	2.7702	0.42768	0	0
1	-1	2.7708	0.42781	0	0
1.2	-1	2.7714	0.42793	0	0
1.4	-1	2.7717	0.42799	0	0
1.6	-1	2.7723	0.4281	0	0
1.8	-1	2.7729	0.42822	0	0
2	-1	2.7732	0.42828	0	0
2.2	-1	2.7737	0.42836	0	0
2.4	-1	2.7738	0.42838	0	0
2.6	-1.4	2.7731	0.42935	0	0
2.8	-1.4	2.7736	0.42944	0	0
3	-1.4	2.7738	0.42949	0	0
3.2	-1.4	2.7738	0.42949	0	0
3.4	-1.4	2.7742	0.42956	0	0
3.6	-1.4	2.7743	0.42958	0	0
3.8	-1.4	2.7743	0.42958	0	0
4	-1.4	2.7742	0.42955	0	0
4.2	-1.4	2.7744	0.42959	0	0
4.4	-1.4	2.7744	0.42961	0	0
4.6	-1.4	2.7744	0.42961	0	0
4.8	-1.4	2.7748	0.42968	0	0
5	-1.4	2.7746	0.42964	0	0
2.6	-1.6	2.773	0.43011	0	0
2.8	-1.6	2.7735	0.4302	0	0
3	-1.6	2.7737	0.43024	0	0
3.2	-1.6	2.7738	0.43025	0	0
3.4	-1.6	2.7741	0.43031	0	0
3.6	-1.6	2.7742	0.43033	0	0
3.8	-1.6	2.7742	0.43033	0	0
4	-1.6	2.774	0.4303	0	0
4.2	-1.6	2.7742	0.43034	0	0
4.4	-1.6	2.7743	0.43035	0	0
4.6	-1.6	2.7743	0.43035	0	0
4.8	-1.6	2.7747	0.43042	0	0
5	-1.6	2.7745	0.43038	0	0
2.6	-0.8	2.7739	0.42809	0	0
2.8	-0.8	2.7745	0.4282	0	0
3	-0.8	2.7748	0.42826	0	0
3.2	-0.8	2.7749	0.42827	0	0
3.4	-0.8	2.7752	0.42834	0	0
3.6	-0.8	2.7754	0.42838	0	0
3.8	-0.8	2.7754	0.42838	0	0
4	-0.8	2.7753	0.42836	0	0
4.2	-0.8	2.7755	0.4284	0	0
4.4	-0.8	2.7756	0.42842	0	0
4.6	-0.8	2.7756	0.42842	0	0
4.8	-0.8	2.776	0.4285	0	0
5	-0.8	2.7758	0.42847	0	0
2.6	4.8	2.7702	0.44591	0	0
2.8	4.8	2.7704	0.44596	0	0
3	4.8	2.7705	0.44597	0	0
3.2	4.8	2.7704	0.44595	0	0
3.4	4.8	2.7706	0.44598	0	0
3.6	4.8	2.7706	0.44599	0	0
3.8	4.8	2.7705	0.44597	0	0
4	4.8	2.7702	0.44592	0	0
4.2	4.8	2.7704	0.44594	0	0
4.4	4.8	2.7704	0.44595	0	0
4.6	4.8	2.7703	0.44593	0	0
4.8	4.8	2.7706	0.44599	0	0
5	4.8	2.7703	0.44595	0	0
2.6	5	2.7701	0.44666	0	0
2.8	5	2.7704	0.44671	0	0
3	5	2.7705	0.44672	0	0
3.2	5	2.7703	0.4467	0	0
3.4	5	2.7705	0.44673	0	0
3.6	5	2.7705	0.44674	0	0
3.8	5	2.7704	0.44672	0	0
4	5	2.7702	0.44667	0	0
4.2	5	2.7703	0.44669	0	0
4.4	5	2.7703	0.4467	0	0
4.6	5	2.7702	0.44668	0	0
4.8	5	2.7705	0.44674	0	0
5	5	2.7703	0.4467	0	0
0	-0.4	2.7686	0.42714	0	0
0.2	-0.4	2.7687	0.42716	0	0
0.4	-0.4	2.7691	0.42726	0	0
0.6	-0.4	2.7697	0.4274	0	0
0.8	-0.4	2.7706	0.4276	0	0
1	-0.4	2.7713	0.42775	0	0
1.2	-0.4	2.7719	0.42788	0	0
1.4	-0.4	2.7724	0.42797	0	0
1.6	-0.4	2.773	0.42809	0	0
1.8	-0.4	2.7737	0.42823	0	0
2	-0.4	2.774	0.42831	0	0
2.2	-0.4	2.7745	0.42841	0	0
2.4	-0.4	2.7747	0.42844	0	0
2.6	-0.6	2.7744	0.42815	0	0
2.8	-0.6	2.775	0.42826	0	0
3	-0.6	2.7753	0.42832	0	0
3.2	-0.6	2.7754	0.42834	0	0
3.4	-0.6	2.7757	0.42841	0	0
3.6	-0.6	2.7759	0.42845	0	0
3.8	-0.6	2.776	0.42846	0	0
4	-0.6	2.7758	0.42843	0	0
4.2	-0.6	2.7761	0.42848	0	0
4.4	-0.6	2.7762	0.42851	0	0
4.6	-0.6	2.7762	0.42851	0	0
4.8	-0.6	2.7766	0.42859	0	0
5	-0.6	2.7764	0.42855	0	0
2.6	-0.4	2.7746	0.42841	0	0
2.8	-0.4	2.7751	0.42852	0	0
3	-0.4	2.7754	0.42859	0	0
3.2	-0.4	2.7755	0.42861	0	0
3.4	-0.4	2.7759	0.42868	0	0
3.6	-0.4	2.7761	0.42872	0	0
3.8	-0.4	2.7761	0.42873	0	0
4	-0.4	2.776	0.42871	0	0
4.2	-0.4	2.7762	0.42876	0	0
4.4	-0.4	2.7763	0.42878	0	0
4.6	-0.4	2.7763	0.42878	0	0
4.8	-0.4	2.7767	0.42887	0	0
5	-0.4	2.7766	0.42883	0	0
2.6	0.8	2.771	0.42953	0	0
2.8	0.8	2.7713	0.4296	0	0
3	0.8	2.7714	0.42963	0	0
3.2	0.8	2.7714	0.42962	0	0
3.4	0.8	2.7716	0.42967	0	0
3.6	0.8	2.7716	0.42968	0	0
3.8	0.8	2.7715	0.42967	0	0
4	0.8	2.7713	0.42963	0	0
4.2	0.8	2.7715	0.42966	0	0
4.4	0.8	2.7715	0.42967	0	0
4.6	0.8	2.7714	0.42966	0	0
4.8	0.8	2.7718	0.42972	0	0
5	0.8	2.7715	0.42968	0	0
0	0	2.769	0.42735	0	0
0.2	0	2.769	0.42736	0	0
0.4	0	2.7693	0.42744	0	0
0.6	0	2.7698	0.42757	0	0
0.8	0	2.7706	0.42774	0	0
1	0	2.7712	0.42787	0	0
1.2	0	2.7717	0.42799	0	0
1.4	0	2.772	0.42806	0	0
1.6	0	2.7725	0.42817	0	0
1.8	0	2.7732	0.4283	0	0
2	0	2.7735	0.42837	0	0
2.2	0	2.7739	0.42846	0	0
2.4	0	2.774	0.42848	0	0
2.6	0	2.7738	0.42845	0	0
2.8	0	2.7744	0.42856	0	0
3	0	2.7747	0.42862	0	0
3.2	0	2.7747	0.42863	0	0
3.4	0	2.7751	0.4287	0	0
3.6	0	2.7752	0.42874	0	0
3.8	0	2.7752	0.42875	0	0
4	0	2.7751	0.42872	0	0
4.2	0	2.7753	0.42877	0	0
4.4	0	2.7754	0.42879	0	0
4.6	0	2.7754	0.4288	0	0
4.8	0	2.7758	0.42887	0	0
5	0	2.7756	0.42884	0	0
2.6	0.2	2.7731	0.42801	0	0
2.8	0.2	2.7736	0.42811	0	0
3	0.2	2.7738	0.42816	0	0
3.2	0.2	2.7738	0.42817	0	0
3.4	0.2	2.7742	0.42824	0	0
3.6	0.2	2.7743	0.42827	0	0
3.8	0.2	2.7743	0.42827	0	0
4	0.2	2.7741	0.42824	0	0
4.2	0.2	2.7743	0.42829	0	0
4.4	0.2	2.7744	0.42831	0	0
4.6	0.2	2.7744	0.4283	0	0
4.8	0.2	2.7748	0.42838	0	0
5	0.2	2.7746	0.42834	0	0
0	0.2	2.7694	0.42711	0	0
0.2	0.2	2.7694	0.42712	0	0
0.4	0.2	2.7696	0.42718	0	0
0.6	0.2	2.77	0.42729	0	0
0.8	0.2	2.7706	0.42744	0	0
1	0.2	2.7711	0.42754	0	0
1.2	0.2	2.7715	0.42764	0	0
1.4	0.2	2.7717	0.42769	0	0
1.6	0.2	2.7721	0.42778	0	0
1.8	0.2	2.7727	0.4279	0	0
2	0.2	2.7729	0.42795	0	0
2.2	0.2	2.7733	0.42803	0	0
2.4	0.2	2.7733	0.42805	0	0
2.6	1	2.7706	0.43075	0	0
2.8	1	2.7709	0.43081	0	0
3	1	2.771	0.43083	0	0
3.2	1	2.7709	0.43082	0	0
3.4	1	2.7711	0.43086	0	0
3.6	1	2.7712	0.43087	0	0
3.8	1	2.7711	0.43085	0	0
4	1	2.7708	0.43081	0	0
4.2	1	2.771	0.43084	0	0
4.4	1	2.771	0.43085	0	0
4.6	1	2.7709	0.43083	0	0
4.8	1	2.7712	0.4309	0	0
5	1	2.771	0.43085	0	0
0	0.6	2.7705	0.42808	0	0
0.2	0.6	2.7704	0.42807	0	0
0.4	0.6	2.7705	0.42811	0	0
0.6	0.6	2.7706	0.42816	0	0
0.8	0.6	2.7709	0.42826	0	0
1	0.6	2.7711	0.42831	0	0
1.2	0.6	2.7712	0.42835	0	0
1.4	0.6	2.7712	0.42835	0	0
1.6	0.6	2.7713	0.4284	0	0
1.8	0.6	2.7717	0.42848	0	0
2	0.6	2.7717	0.4285	0	0
2.2	0.6	2.7719	0.42855	0	0
2.4	0.6	2.7719	0.42854	0	0
0	0.4	2.7698	0.42726	0	0
0.2	0.4	2.7698	0.42726	0	0
0.4	0.4	2.7699	0.42731	0	0
0.6	0.4	2.7702	0.42739	0	0
0.8	0.4	2.7706	0.42751	0	0
1	0.4	2.7709	0.42759	0	0
1.2	0.4	2.7712	0.42766	0	0
1.4	0.4	2.7713	0.42769	0	0
1.6	0.4	2.7716	0.42775	0	0
1.8	0.4	2.772	0.42785	0	0
2	0.4	2.7721	0.42789	0	0
2.2	0.4	2.7724	0.42795	0	0
2.4	0.4	2.7724	0.42795	0	0
2.6	0.6	2.7715	0.42847	0	0
2.8	0.6	2.7719	0.42855	0	0
3	0.6	2.772	0.42859	0	0
3.2	0.6	2.772	0.42858	0	0
3.4	0.6	2.7722	0.42864	0	0
3.6	0.6	2.7723	0.42866	0	0
3.8	0.6	2.7723	0.42865	0	0
4	0.6	2.772	0.42861	0	0
4.2	0.6	2.7722	0.42864	0	0
4.4	0.6	2.7723	0.42866	0	0
4.6	0.6	2.7722	0.42865	0	0
4.8	0.6	2.7725	0.42872	0	0
5	0.6	2.7723	0.42868	0	0
0	0.8	2.771	0.42933	0	0
0.2	0.8	2.7709	0.42932	0	0
0.4	0.8	2.7708	0.42934	0	0
0.6	0.8	2.7709	0.42938	0	0
0.8	0.8	2.7711	0.42945	0	0
1	0.8	2.7711	0.42948	0	0
1.2	0.8	2.7711	0.4295	0	0
1.4	0.8	2.771	0.42949	0	0
1.6	0.8	2.7711	0.42952	0	0
1.8	0.8	2.7714	0.42959	0	0
2	0.8	2.7713	0.42959	0	0
2.2	0.8	2.7715	0.42962	0	0
2.4	0.8	2.7714	0.4296	0	0
2.6	2.2	2.77	0.43619	0	0
2.8	2.2	2.7702	0.43624	0	0
3	2.2	2.7703	0.43625	0	0
3.2	2.2	2.7702	0.43623	0	0
3.4	2.2	2.7704	0.43626	0	0
3.6	2.2	2.7704	0.43627	0	0
3.8	2.2	2.7703	0.43625	0	0
4	2.2	2.77	0.4362	0	0
4.2	2.2	2.7702	0.43622	0	0
4.4	2.2	2.7702	0.43623	0	0
4.6	2.2	2.7701	0.43621	0	0
4.8	2.2	2.7704	0.43627	0	0
5	2.2	2.7701	0.43623	0	0
0	1	2.7712	0.43068	0	0
0.2	1	2.7711	0.43066	0	0
0.4	1	2.771	0.43068	0	0
0.6	1	2.771	0.4307	0	0
0.8	1	2.7712	0.43076	0	0
1	1	2.7711	0.43078	0	0
1.2	1	2.7711	0.43079	0	0
1.4	1	2.7709	0.43076	0	0
1.6	1	2.7709	0.43078	0	0
1.8	1	2.7711	0.43083	0	0
2	1	2.7711	0.43082	0	0
2.2	1	2.7712	0.43085	0	0
2.4	1	2.771	0.43083	0	0
2.6	0.4	2.7721	0.4279	0	0
2.8	0.4	2.7725	0.42799	0	0
3	0.4	2.7727	0.42804	0	0
3.2	0.4	2.7727	0.42804	0	0
3.4	0.4	2.773	0.4281	0	0
3.6	0.4	2.7731	0.42812	0	0
3.8	0.4	2.7731	0.42812	0	0
4	0.4	2.7729	0.42809	0	0
4.2	0.4	2.7731	0.42813	0	0
4.4	0.4	2.7731	0.42814	0	0
4.6	0.4	2.7731	0.42814	0	0
4.8	0.4	2.7735	0.42821	0	0
5	0.4	2.7732	0.42817	0	0
0	1.2	2.7714	0.43197	0	0
0.2	1.2	2.7713	0.43195	0	0
0.4	1.2	2.7712	0.43196	0	0
0.6	1.2	2.7711	0.43198	0	0
0.8	1.2	2.7713	0.43203	0	0
1	1.2	2.7712	0.43203	0	0
1.2	1.2	2.7711	0.43204	0	0
1.4	1.2	2.7708	0.432	0	0
1.6	1.2	2.7708	0.43201	0	0
1.8	1.2	2.771	0.43206	0	0
2	1.2	2.7709	0.43204	0	0
2.2	1.2	2.771	0.43206	0	0
2.4	1.2	2.7708	0.43203	0	0
0	-2	2.7693	0.43112	0	0
0.2	-2	2.7693	0.43112	0	0
0.4	-2	2.7695	0.43118	0	0
0.6	-2	2.7699	0.43126	0	0
0.8	-2	2.7705	0.43138	0	0
1	-2	2.7709	0.43145	0	0
1.2	-2	2.7713	0.43151	0	0
1.4	-2	2.7714	0.43154	0	0
1.6	-2	2.7718	0.4316	0	0
1.8	-2	2.7723	0.43169	0	0
2	-2	2.7725	0.43171	0	0
2.2	-2	2.7728	0.43177	0	0
2.4	-2	2.7728	0.43177	0	0
2.6	2.8	2.7698	0.43808	0	0
2.8	2.8	2.7701	0.43813	0	0
3	2.8	2.7702	0.43814	0	0
3.2	2.8	2.77	0.43812	0	0
3.4	2.8	2.7702	0.43815	0	0
3.6	2.8	2.7702	0.43816	0	0
3.8	2.8	2.7701	0.43813	0	0
4	2.8	2.7699	0.43809	0	0
4.2	2.8	2.77	0.43811	0	0
4.4	2.8	2.77	0.43811	0	0
4.6	2.8	2.7699	0.4381	0	0
4.8	2.8	2.7702	0.43816	0	0
5	2.8	2.77	0.43811	0	0
0	1.4	2.7715	0.43315	0	0
0.2	1.4	2.7714	0.43313	0	0
0.4	1.4	2.7713	0.43314	0	0
0.6	1.4	2.7712	0.43315	0	0
0.8	1.4	2.7713	0.43319	0	0
1	1.4	2.7712	0.43319	0	0
1.2	1.4	2.771	0.43319	0	0
1.4	1.4	2.7708	0.43314	0	0
1.6	1.4	2.7707	0.43315	0	0
1.8	1.4	2.7709	0.43319	0	0
2	1.4	2.7708	0.43317	0	0
2.2	1.4	2.7709	0.43319	0	0
2.4	1.4	2.7707	0.43315	0	0
0	1.8	2.7716	0.43501	0	0
0.2	1.8	2.7714	0.435	0	0
0.4	1.8	2.7713	0.435	0	0
0.6	1.8	2.7712	0.435	0	0
0.8	1.8	2.7713	0.43504	0	0
1	1.8	2.7712	0.43503	0	0
1.2	1.8	2.771	0.43502	0	0
1.4	1.8	2.7707	0.43497	0	0
1.6	1.8	2.7707	0.43497	0	0
1.8	1.8	2.7709	0.435	0	0
2	1.8	2.7707	0.43498	0	0
2.2	1.8	2.7708	0.43499	0	0
2.4	1.8	2.7706	0.43495	0	0
2.6	1.2	2.7704	0.43195	0	0
2.8	1.2	2.7707	0.43201	0	0
3	1.2	2.7708	0.43203	0	0
3.2	1.2	2.7706	0.43201	0	0
3.4	1.2	2.7708	0.43205	0	0
3.6	1.2	2.7709	0.43206	0	0
3.8	1.2	2.7708	0.43204	0	0
4	1.2	2.7705	0.43199	0	0
4.2	1.2	2.7707	0.43202	0	0
4.4	1.2	2.7707	0.43202	0	0
4.6	1.2	2.7706	0.43201	0	0
4.8	1.2	2.7709	0.43207	0	0
5	1.2	2.7707	0.43203	0	0
2.6	1.4	2.7702	0.43307	0	0
2.8	1.4	2.7705	0.43313	0	0
3	1.4	2.7706	0.43314	0	0
3.2	1.4	2.7705	0.43312	0	0
3.4	1.4	2.7707	0.43316	0	0
3.6	1.4	2.7707	0.43316	0	0
3.8	1.4	2.7706	0.43314	0	0
4	1.4	2.7704	0.4331	0	0
4.2	1.4	2.7705	0.43312	0	0
4.4	1.4	2.7705	0.43313	0	0
4.6	1.4	2.7704	0.43311	0	0
4.8	1.4	2.7707	0.43318	0	0
5	1.4	2.7705	0.43313	0	0
2.6	1.6	2.7703	0.43407	0	0
2.8	1.6	2.7705	0.43412	0	0
3	1.6	2.7706	0.43414	0	0
3.2	1.6	2.7705	0.43411	0	0
3.4	1.6	2.7707	0.43415	0	0
3.6	1.6	2.7707	0.43416	0	0
3.8	1.6	2.7706	0.43413	0	0
4	1.6	2.7703	0.43409	0	0
4.2	1.6	2.7705	0.43411	0	0
4.4	1.6	2.7705	0.43412	0	0
4.6	1.6	2.7704	0.4341	0	0
4.8	1.6	2.7707	0.43416	0	0
5	1.6	2.7705	0.43412	0	0
2.6	1.8	2.7701	0.43486	0	0
2.8	1.8	2.7704	0.43492	0	0
3	1.8	2.7705	0.43493	0	0
3.2	1.8	2.7704	0.43491	0	0
3.4	1.8	2.7705	0.43494	0	0
3.6	1.8	2.7706	0.43495	0	0
3.8	1.8	2.7704	0.43493	0	0
4	1.8	2.7702	0.43488	0	0
4.2	1.8	2.7703	0.43491	0	0
4.4	1.8	2.7703	0.43491	0	0
4.6	1.8	2.7703	0.4349	0	0
4.8	1.8	2.7706	0.43496	0	0
5	1.8	2.7703	0.43491	0	0
0	1.6	2.7716	0.43419	0	0
0.2	1.6	2.7715	0.43417	0	0
0.4	1.6	2.7714	0.43417	0	0
0.6	1.6	2.7713	0.43418	0	0
0.8	1.6	2.7714	0.43422	0	0
1	1.6	2.7712	0.43422	0	0
1.2	1.6	2.7711	0.43421	0	0
1.4	1.6	2.7708	0.43416	0	0
1.6	1.6	2.7708	0.43416	0	0
1.8	1.6	2.771	0.4342	0	0
2	1.6	2.7708	0.43418	0	0
2.2	1.6	2.7709	0.43419	0	0
2.4	1.6	2.7707	0.43415	0	0
2.6	-0.2	2.774	0.42859	0	0
2.8	-0.2	2.7746	0.4287	0	0
3	-0.2	2.7749	0.42877	0	0
3.2	-0.2	2.7749	0.42878	0	0
3.4	-0.2	2.7753	0.42886	0	0
3.6	-0.2	2.7755	0.4289	0	0
3.8	-0.2	2.7755	0.42891	0	0
4	-0.2	2.7754	0.42888	0	0
4.2	-0.2	2.7756	0.42893	0	0
4.4	-0.2	2.7757	0.42896	0	0
4.6	-0.2	2.7757	0.42896	0	0
4.8	-0.2	2.7761	0.42904	0	0
5	-0.2	2.7759	0.42901	0	0
2.6	2	2.77	0.43554	0	0
2.8	2	2.7702	0.43559	0	0
3	2	2.7703	0.4356	0	0
3.2	2	2.7702	0.43558	0	0
3.4	2	2.7704	0.43561	0	0
3.6	2	2.7704	0.43562	0	0
3.8	2	2.7703	0.4356	0	0
4	2	2.77	0.43555	0	0
4.2	2	2.7702	0.43557	0	0
4.4	2	2.7702	0.43558	0	0
4.6	2	2.7701	0.43556	0	0
4.8	2	2.7704	0.43562	0	0
5	2	2.7701	0.43558	0	0
0	2.2	2.7714	0.43637	0	0
0.2	2.2	2.7713	0.43635	0	0
0.4	2.2	2.7712	0.43635	0	0
0.6	2.2	2.7711	0.43635	0	0
0.8	2.2	2.7711	0.43639	0	0
1	2.2	2.771	0.43638	0	0
1.2	2.2	2.7709	0.43636	0	0
1.4	2.2	2.7706	0.43631	0	0
1.6	2.2	2.7705	0.4363	0	0
1.8	2.2	2.7707	0.43634	0	0
2	2.2	2.7706	0.43631	0	0
2.2	2.2	2.7706	0.43632	0	0
2.4	2.2	2.7704	0.43628	0	0
0	3.2	2.7713	0.43969	0	0
0.2	3.2	2.7712	0.43968	0	0
0.4	3.2	2.7711	0.43967	0	0
0.6	3.2	2.771	0.43967	0	0
0.8	3.2	2.7711	0.43971	0	0
1	3.2	2.771	0.43969	0	0
1.2	3.2	2.7709	0.43967	0	0
1.4	3.2	2.7706	0.43962	0	0
1.6	3.2	2.7706	0.43962	0	0
1.8	3.2	2.7708	0.43965	0	0
2	3.2	2.7706	0.43962	0	0
2.2	3.2	2.7707	0.43963	0	0
2.4	3.2	2.7705	0.43959	0	0
2.6	2.4	2.7699	0.43682	0	0
2.8	2.4	2.7702	0.43687	0	0
3	2.4	2.7703	0.43688	0	0
3.2	2.4	2.7701	0.43686	0	0
3.4	2.4	2.7703	0.43689	0	0
3.6	2.4	2.7703	0.4369	0	0
3.8	2.4	2.7702	0.43688	0	0
4	2.4	2.77	0.43683	0	0
4.2	2.4	2.7701	0.43685	0	0
4.4	2.4	2.7701	0.43686	0	0
4.6	2.4	2.77	0.43684	0	0
4.8	2.4	2.7703	0.4369	0	0
5	2.4	2.7701	0.43685	0	0
0	2.4	2.7713	0.437	0	0
0.2	2.4	2.7712	0.43699	0	0
0.4	2.4	2.7711	0.43699	0	0
0.6	2.4	2.771	0.43699	0	0
0.8	2.4	2.7711	0.43702	0	0
1	2.4	2.7709	0.43701	0	0
1.2	2.4	2.7708	0.43699	0	0
1.4	2.4	2.7705	0.43694	0	0
1.6	2.4	2.7705	0.43693	0	0
1.8	2.4	2.7706	0.43697	0	0
2	2.4	2.7705	0.43694	0	0
2.2	2.4	2.7706	0.43695	0	0
2.4	2.4	2.7704	0.43691	0	0
0	2.6	2.7712	0.43762	0	0
0.2	2.6	2.771	0.43761	0	0
0.4	2.6	2.7709	0.4376	0	0
0.6	2.6	2.7709	0.43761	0	0
0.8	2.6	2.7709	0.43764	0	0
1	2.6	2.7708	0.43763	0	0
1.2	2.6	2.7707	0.43761	0	0
1.4	2.6	2.7704	0.43756	0	0
1.6	2.6	2.7704	0.43755	0	0
1.8	2.6	2.7705	0.43758	0	0
2	2.6	2.7704	0.43756	0	0
2.2	2.6	2.7705	0.43757	0	0
2.4	2.6	2.7703	0.43752	0	0
0	2.8	2.7711	0.43827	0	0
0.2	2.8	2.771	0.43825	0	0
0.4	2.8	2.7709	0.43825	0	0
0.6	2.8	2.7708	0.43825	0	0
0.8	2.8	2.7709	0.43829	0	0
1	2.8	2.7708	0.43827	0	0
1.2	2.8	2.7707	0.43825	0	0
1.4	2.8	2.7704	0.4382	0	0
1.6	2.8	2.7704	0.4382	0	0
1.8	2.8	2.7705	0.43823	0	0
2	2.8	2.7704	0.4382	0	0
2.2	2.8	2.7705	0.43821	0	0
2.4	2.8	2.7703	0.43817	0	0
2.6	3	2.7701	0.4388	0	0
2.8	3	2.7704	0.43886	0	0
3	3	2.7704	0.43887	0	0
3.2	3	2.7703	0.43884	0	0
3.4	3	2.7705	0.43888	0	0
3.6	3	2.7705	0.43888	0	0
3.8	3	2.7704	0.43886	0	0
4	3	2.7702	0.43881	0	0
4.2	3	2.7703	0.43884	0	0
4.4	3	2.7703	0.43884	0	0
4.6	3	2.7702	0.43882	0	0
4.8	3	2.7705	0.43888	0	0
5	3	2.7703	0.43884	0	0
2.6	2.6	2.7698	0.43743	0	0
2.8	2.6	2.7701	0.43749	0	0
3	2.6	2.7702	0.4375	0	0
3.2	2.6	2.77	0.43747	0	0
3.4	2.6	2.7702	0.43751	0	0
3.6	2.6	2.7702	0.43751	0	0
3.8	2.6	2.7701	0.43749	0	0
4	2.6	2.7699	0.43744	0	0
4.2	2.6	2.77	0.43747	0	0
4.4	2.6	2.77	0.43747	0	0
4.6	2.6	2.7699	0.43746	0	0
4.8	2.6	2.7702	0.43752	0	0
5	2.6	2.77	0.43747	0	0
2.6	3.4	2.77	0.44024	0	0
2.8	3.4	2.7703	0.44029	0	0
3	3.4	2.7703	0.4403	0	0
3.2	3.4	2.7702	0.44028	0	0
3.4	3.4	2.7704	0.44031	0	0
3.6	3.4	2.7704	0.44032	0	0
3.8	3.4	2.7703	0.44029	0	0
4	3.4	2.7701	0.44025	0	0
4.2	3.4	2.7702	0.44027	0	0
4.4	3.4	2.7702	0.44027	0	0
4.6	3.4	2.7701	0.44026	0	0
4.8	3.4	2.7704	0.44032	0	0
5	3.4	2.7702	0.44027	0	0
0	3	2.7714	0.439	0	0
0.2	3	2.7713	0.43898	0	0
0.4	3	2.7712	0.43898	0	0
0.6	3	2.7711	0.43898	0	0
0.8	3	2.7712	0.43901	0	0
1	3	2.7711	0.439	0	0
1.2	3	2.771	0.43898	0	0
1.4	3	2.7707	0.43893	0	0
1.6	3	2.7706	0.43892	0	0
1.8	3	2.7708	0.43895	0	0
2	3	2.7707	0.43892	0	0
2.2	3	2.7708	0.43894	0	0
2.4	3	2.7705	0.43889	0	0
0	3.4	2.7712	0.44043	0	0
0.2	3.4	2.7711	0.44041	0	0
0.4	3.4	2.771	0.44041	0	0
0.6	3.4	2.7709	0.44041	0	0
0.8	3.4	2.7711	0.44044	0	0
1	3.4	2.7709	0.44043	0	0
1.2	3.4	2.7708	0.44041	0	0
1.4	3.4	2.7705	0.44036	0	0
1.6	3.4	2.7705	0.44035	0	0
1.8	3.4	2.7707	0.44038	0	0
2	3.4	2.7706	0.44036	0	0
2.2	3.4	2.7706	0.44037	0	0
2.4	3.4	2.7704	0.44033	0	0
2.6	3.6	2.7701	0.44106	0	0
2.8	3.6	2.7704	0.44112	0	0
3	3.6	2.7705	0.44113	0	0
3.2	3.6	2.7704	0.4411	0	0
3.4	3.6	2.7706	0.44114	0	0
3.6	3.6	2.7706	0.44114	0	0
3.8	3.6	2.7705	0.44112	0	0
4	3.6	2.7702	0.44108	0	0
4.2	3.6	2.7703	0.4411	0	0
4.4	3.6	2.7704	0.4411	0	0
4.6	3.6	2.7703	0.44109	0	0
4.8	3.6	2.7706	0.44115	0	0
5	3.6	2.7703	0.4411	0	0
2.6	3.2	2.7701	0.4395	0	0
2.8	3.2	2.7703	0.43955	0	0
3	3.2	2.7704	0.43956	0	0
3.2	3.2	2.7703	0.43954	0	0
3.4	3.2	2.7705	0.43957	0	0
3.6	3.2	2.7705	0.43958	0	0
3.8	3.2	2.7704	0.43955	0	0
4	3.2	2.7701	0.43951	0	0
4.2	3.2	2.7703	0.43953	0	0
4.4	3.2	2.7703	0.43954	0	0
4.6	3.2	2.7702	0.43952	0	0
4.8	3.2	2.7705	0.43958	0	0
5	3.2	2.7702	0.43953	0	0
0	4	2.7712	0.44286	0	0
0.2	4	2.7711	0.44284	0	0
0.4	4	2.771	0.44284	0	0
0.6	4	2.7709	0.44284	0	0
0.8	4	2.7711	0.44287	0	0
1	4	2.771	0.44285	0	0
1.2	4	2.7708	0.44284	0	0
1.4	4	2.7706	0.44278	0	0
1.6	4	2.7706	0.44278	0	0
1.8	4	2.7707	0.44281	0	0
2	4	2.7706	0.44278	0	0
2.2	4	2.7707	0.4428	0	0
2.4	4	2.7705	0.44276	0	0
0	3.6	2.7714	0.44126	0	0
0.2	3.6	2.7712	0.44124	0	0
0.4	3.6	2.7712	0.44124	0	0
0.6	3.6	2.7711	0.44124	0	0
0.8	3.6	2.7712	0.44127	0	0
1	3.6	2.7711	0.44125	0	0
1.2	3.6	2.771	0.44124	0	0
1.4	3.6	2.7707	0.44118	0	0
1.6	3.6	2.7707	0.44118	0	0
1.8	3.6	2.7708	0.44121	0	0
2	3.6	2.7707	0.44118	0	0
2.2	3.6	2.7708	0.4412	0	0
2.4	3.6	2.7706	0.44115	0	0
0	4.2	2.7712	0.44366	0	0
0.2	4.2	2.771	0.44364	0	0
0.4	4.2	2.771	0.44364	0	0
0.6	4.2	2.7709	0.44364	0	0
0.8	4.2	2.771	0.44367	0	0
1	4.2	2.7709	0.44366	0	0
1.2	4.2	2.7708	0.44364	0	0
1.4	4.2	2.7705	0.44359	0	0
1.6	4.2	2.7705	0.44358	0	0
1.8	4.2	2.7707	0.44361	0	0
2	4.2	2.7706	0.44359	0	0
2.2	4.2	2.7707	0.4436	0	0
2.4	4.2	2.7705	0.44356	0	0
0	4.6	2.7712	0.4453	0	0
0.2	4.6	2.7711	0.44528	0	0
0.4	4.6	2.771	0.44528	0	0
0.6	4.6	2.771	0.44528	0	0
0.8	4.6	2.7711	0.44531	0	0
1	4.6	2.771	0.44529	0	0
1.2	4.6	2.7709	0.44528	0	0
1.4	4.6	2.7706	0.44522	0	0
1.6	4.6	2.7706	0.44522	0	0
1.8	4.6	2.7708	0.44525	0	0
2	4.6	2.7707	0.44522	0	0
2.2	4.6	2.7707	0.44524	0	0
2.4	4.6	2.7706	0.4452	0	0
0	3.8	2.7715	0.4421	0	0
0.2	3.8	2.7714	0.44208	0	0
0.4	3.8	2.7713	0.44208	0	0
0.6	3.8	2.7712	0.44208	0	0
0.8	3.8	2.7713	0.44211	0	0
1	3.8	2.7712	0.4421	0	0
1.2	3.8	2.7711	0.44208	0	0
1.4	3.8	2.7709	0.44203	0	0
1.6	3.8	2.7708	0.44202	0	0
1.8	3.8	2.771	0.44205	0	0
2	3.8	2.7709	0.44203	0	0
2.2	3.8	2.771	0.44204	0	0
2.4	3.8	2.7708	0.442	0	0
2.6	4.4	2.7702	0.44433	0	0
2.8	4.4	2.7705	0.44438	0	0
3	4.4	2.7706	0.44439	0	0
3.2	4.4	2.7705	0.44437	0	0
3.4	4.4	2.7707	0.4444	0	0
3.6	4.4	2.7707	0.44441	0	0
3.8	4.4	2.7706	0.44439	0	0
4	4.4	2.7703	0.44434	0	0
4.2	4.4	2.7704	0.44436	0	0
4.4	4.4	2.7705	0.44437	0	0
4.6	4.4	2.7704	0.44435	0	0
4.8	4.4	2.7707	0.44441	0	0
5	4.4	2.7704	0.44437	0	0
2.6	4.2	2.77	0.44347	0	0
2.8	4.2	2.7703	0.44352	0	0
3	4.2	2.7704	0.44354	0	0
3.2	4.2	2.7702	0.44351	0	0
3.4	4.2	2.7704	0.44355	0	0
3.6	4.2	2.7705	0.44355	0	0
3.8	4.2	2.7703	0.44353	0	0
4	4.2	2.7701	0.44348	0	0
4.2	4.2	2.7702	0.44351	0	0
4.4	4.2	2.7702	0.44351	0	0
4.6	4.2	2.7701	0.4435	0	0
4.8	4.2	2.7704	0.44356	0	0
5	4.2	2.7702	0.44351	0	0
2.6	4	2.77	0.44267	0	0
2.8	4	2.7703	0.44272	0	0
3	4	2.7704	0.44273	0	0
3.2	4	2.7703	0.44271	0	0
3.4	4	2.7705	0.44274	0	0
3.6	4	2.7705	0.44275	0	0
3.8	4	2.7704	0.44272	0	0
4	4	2.7701	0.44268	0	0
4.2	4	2.7702	0.4427	0	0
4.4	4	2.7703	0.44271	0	0
4.6	4	2.7702	0.44269	0	0
4.8	4	2.7705	0.44275	0	0
5	4	2.7702	0.44271	0	0
0	4.4	2.7714	0.44452	0	0
0.2	4.4	2.7713	0.4445	0	0
0.4	4.4	2.7712	0.4445	0	0
0.6	4.4	2.7711	0.4445	0	0
0.8	4.4	2.7712	0.44453	0	0
1	4.4	2.7711	0.44451	0	0
1.2	4.4	2.771	0.4445	0	0
1.4	4.4	2.7708	0.44445	0	0
1.6	4.4	2.7708	0.44444	0	0
1.8	4.4	2.7709	0.44447	0	0
2	4.4	2.7708	0.44445	0	0
2.2	4.4	2.7709	0.44446	0	0
2.4	4.4	2.7707	0.44442	0	0
2.6	4.6	2.7701	0.44511	0	0
2.8	4.6	2.7704	0.44516	0	0
3	4.6	2.7705	0.44517	0	0
3.2	4.6	2.7703	0.44515	0	0
3.4	4.6	2.7705	0.44518	0	0
3.6	4.6	2.7705	0.44519	0	0
3.8	4.6	2.7704	0.44517	0	0
4	4.6	2.7702	0.44512	0	0
4.2	4.6	2.7703	0.44514	0	0
4.4	4.6	2.7703	0.44515	0	0
4.6	4.6	2.7702	0.44513	0	0
4.8	4.6	2.7705	0.44519	0	0
5	4.6	2.7703	0.44515	0	0
0	2	2.7714	0.4357	0	0
0.2	2	2.7713	0.43569	0	0
0.4	2	2.7712	0.43569	0	0
0.6	2	2.7711	0.43569	0	0
0.8	2	2.7711	0.43573	0	0
1	2	2.771	0.43572	0	0
1.2	2	2.7709	0.4357	0	0
1.4	2	2.7706	0.43565	0	0
1.6	2	2.7705	0.43565	0	0
1.8	2	2.7707	0.43568	0	0
2	2	2.7706	0.43565	0	0
2.2	2	2.7706	0.43567	0	0
2.4	2	2.7704	0.43563	0	0
0	4.8	2.7713	0.4461	0	0
0.2	4.8	2.7712	0.44609	0	0
0.4	4.8	2.7711	0.44608	0	0
0.6	4.8	2.771	0.44608	0	0
0.8	4.8	2.7712	0.44611	0	0
1	4.8	2.7711	0.4461	0	0
1.2	4.8	2.771	0.44608	0	0
1.4	4.8	2.7707	0.44603	0	0
1.6	4.8	2.7707	0.44602	0	0
1.8	4.8	2.7708	0.44605	0	0
2	4.8	2.7707	0.44602	0	0
2.2	4.8	2.7708	0.44604	0	0
2.4	4.8	2.7706	0.446	0	0
2.6	3.8	2.7703	0.44191	0	0
2.8	3.8	2.7706	0.44196	0	0
3	3.8	2.7707	0.44197	0	0
3.2	3.8	2.7705	0.44195	0	0
3.4	3.8	2.7707	0.44198	0	0
3.6	3.8	2.7707	0.44199	0	0
3.8	3.8	2.7706	0.44197	0	0
4	3.8	2.7704	0.44192	0	0
4.2	3.8	2.7705	0.44194	0	0
4.4	3.8	2.7705	0.44195	0	0
4.6	3.8	2.7704	0.44193	0	0
4.8	3.8	2.7707	0.44199	0	0
5	3.8	2.7705	0.44195	0	0
