26.604
9.8432
29.997
-1.265
-7.5149
0.21739
13.405
35.783
2.395
3.6646
41.092
2.118
0.5026
2.73
0.67819
3.6915
0.74725
13.558
-0.20574
16.008
0.7444
-10.761
-1.4695
0.1251
2.3415
1.2963
3.2103
-1.2338
20.082
12.366
10.986
11.963
43.379
-0.96717
-7.0158
43.954
2.0197
0.021316
-26.846
77.346
38.794
-10.623
2.0782
-9.9028
30.576
-2.8409
1.8405
-13.684
-8.6317
-28.581
-1.9107
-3.7643
7.2557
-0.83061
8.5177
-2.0915
-0.67501
7.9014
122.98
38.231
4.21
6.9626
0.50094
1.2199
-0.81139
-27.009
5.598
5.4639
-8.6127
-5.3525
5.8485
8.6347
7.4369
3.2572
-12.171
0.018833
7.9756
-8.0504
6.9311
2.5074
3.177
-0.60233
42.361
-2.2459
8.976
6.9584
-15.003
-0.1526
32.263
0.38889
-0.7524
8.259
4.3068
19.452
-5.9707
1.6061
30.646
-1.459
-18.391
14.223
37.151
4.6697
21.682
1.3192
35.347
16.983
24.639
17.911
3.2619
1.5727
-3.4089
1.2787
28.163
8.7234
4.8373
5.4187
8.1431
-1.087
0.72937
7.6044
3.3054
2.3163
0.62805
-5.2977
1.8103
0.53848
-6.6034
4.9943
33.536
4.5071
33.748
-1.5717
1.9764
1.2579
-0.69495
0.23817
1.0664
28.659
1.0546
-2.2584
-0.45445
6.9788
4.7626
3.5839
-0.055284
-0.391
19.129
1.9085
0.41072
6.3281
-0.92189
-19.355
-0.43921
10.727
1.7426
3.3183
2.0691
13.632
1.5525
0.83151
12.147
49.848
-1.0224
1.9686
4.4853
19.262
-0.58166
10.867
16.089
1.802
5.1449
2.3418
2.7826
12.624
0.19398
-4.3363
4.6089
0.69217
0.73313
30.219
10.494
13.628
-38.345
3.5691
0.84037
-2.3201
1.7009
0.58022
0.38142
-25.345
8.1811
-2.1589
2.5432
1.4546
-1.9021
-26.113
-2.518
1.8508
4.0016
-7.7236
4.5264
8.4072
11.049
28.858
-0.026046
-0.61145
2.1742
0.84575
34.715
3.5401
-5.1696
6.1909
3.6512
-1.0367
-9.2124
-2.6156
1.2682
25.604
15.221
-0.042156
-3.8531
6.0177
2.7068
2.4208
30.117
-0.11723
4.2779
6.2837
-5.7488
9.3927
-2.9015
-2.1006
-1.0767
3.4307
1.555
-4.8876
4.196
11.354
-6.7607
10.014
28.438
2.3831
-1.8359
2.3662
1.7299
-0.064909
-0.59276
38.528
-2.9218
2.0187
2.9611
1.2922
13.523
1.0281
1.7588
-8.9247
0.053829
-0.56577
12.527
2.0728
-64.221
1.4721
-5.1219
57.153
8.4178
8.7849
1.118
7.2979
4.0404
6.1981
-4.3766
-10.079
-0.024043
4.062
-1.0333
-2.2067
12.23
-5.7812
1.2868
5.3734
5.1669
-0.53829
6.2525
2.9465
9.9068
-15.575
-0.13288
3.2553
23.82
6.5249
-1.1503
0.85561
-0.84329
3.788
-1.0364
26.711
2.0281
-3.6748
-1.0886
1.7871
2.2959
-1.5412
3.413
-5.2781
3.4766
6.4447
0.094649
-17.468
0.27604
3.0295
1.0754
15.941
-33.136
3.7988
1.6382
30.331
-5.5353
-4.5124
2.5221
2.0229
3.316
-15.066
4.8527
2.212
3.4656
1.4722
2.5632
25.203
-5.6188
1.8154
-0.12901
-17.524
13.813
13.335
3.2017
5.2029
1.0509
9.6767
11.636
-2.9071
4.2565
7.103
-2.2693
-1.2579
3.0471
1.6514
8.5014
32.621
3.4599
6.1545
40.293
4.5675
8.002
2.2594
-1.4687
2.2241
14.042
6.0956
0.1426
-0.16887
14.301
-0.39012
-0.02618
3.4699
5.5929
1.301
2.1111
-1.5232
0.20138
2.0515
50.937
-0.74149
57.156
2.3419
-0.23539
5.9423
-0.91779
-7.5215
-2.0912
2.2902
-7.2832
4.4585
33.072
30.044
3.2748
-0.030781
0.52121
1.483
8.0137
34.312
23.498
0.23979
-1.9976
1.6512
1.5074
4.6877
1.1274
-0.44189
5.5303
2.0991
4.5576
7.4106
7.2115
4.0655
4.6166
1.4489
-0.2747
6.9154
40.351
12.812
3.3447
1.0404
-27.418
5.7432
0.73335
1.4319
0.47575
-12.44
0.92124
9.3548
-0.066309
3.4117
4.4882
46.284
-70.215
2.5577
2.3525
-1.5857
21.264
14.471
3.9803
0.63488
-9.6829
0.16346
2.6038
27.347
1.9826
1.9521
31.051
-4.4506
1.003
8.3785
-1.7638
4.0544
5.6194
2.5854
1.1204
2.0428
0.61854
0.61801
5.6123
0.3582
21.411
-17.893
11.021
7.8683
-0.19057
5.6656
-2.2093
1.6727
2.3755
11.749
-16.015
21.104
5.1071
10.582
-1.0374
21.308
17.17
0.31097
-1.4335
8.6126
-0.025355
7.9837
-12.335
11.708
-2.5607
2.3129
-0.21272
-0.82771
-0.0821
-6.4024
0.46792
-2.1646
0.3428
1.0214
-11.838
5.7726
10.518
1.1238
-2.5916
71.386
30.088
2.7117
-0.16769
6.845
0.033162
0.08377
8.5246
-16.441
16.981
-1.6475
0.24174
9.1041
20.902
3.8046
2.967
1.1234
9.2311
-9.6309
-23.601
-7.4242
15.424
1.6796
7.0787
9.8091
-16.137
7.3965
-0.076008
-2.9355
-0.43563
13.969
2.8949
-0.4544
1.7109
8.0525
1.605
7.2692
4.939
0.086583
0.76308
-0.30064
10.215
2.7257
0.52392
16.584
3.7933
1.6864
5.574
9.7241
25.028
26.573
26.973
1.8869
-4.2122
0.37781
12.734
4.0161
1.4356
-0.52984
4.5891
25.221
7.1925
2.0534
2.3792
17.63
9.0069
-20.336
0.56867
5.6897
-9.1869
9.4655
-6.2617
17.764
-11.109
-3.7333
-2.9305
-1.0951
8.4808
-20.921
1.608
-0.61589
-6.5606
5.6464
1.1378
-13.209
0.66352
11.211
1.0024
-9.8119
-6.0025
4.4682
-0.10502
19.976
0.26616
0.44469
19.278
12.715
4.3358
11.561
0.91652
0.42378
8.4351
-25.019
-6.3902
22.446
10.255
13.261
2.1437
0.75824
-12.891
-0.99621
3.8087
-0.10745
2.8677
-0.33687
-32.787
-21.873
-6.7416
0.12076
-6.1103
-0.1896
0.65033
4.7282
14.864
-0.98788
39.786
-0.13967
37.501
0.85461
-9.7711
1.5021
-0.64836
-0.14357
5.1708
0.26649
1.5237
7.5109
7.5328
4.6778
10.391
-4.3791
8.7614
-1.3385
4.1599
3.0928
-5.6346
9.4294
1.3106
4.4568
-1.4953
4.4576
1.523
14.027
21.517
-1.9173
1.5304
-34.173
0.60969
-3.248
0.29826
-1.5479
4.7549
0.52553
15.771
-1.7229
0.12922
-1.4861
-11.554
0.10897
-3.8388
-6.445
6.0065
2.9559
0.43947
1.1045
-2.0017
28.783
17.074
1.3541
12.956
2.166
-5.3826
0.68494
5.3964
5.115
-17.912
19.629
0.68168
0.80921
20.235
-12.773
2.3811
18.602
1.6453
0.88254
-1.9921
-0.94271
13.746
1.5905
32.559
-32.436
1.0081
1.9606
4.1277
5.0279
18.482
0.69464
11.533
-12.942
5.2865
6.7632
1.1065
1.5608
1.7992
1.146
-22.476
14.487
-5.1127
0.61374
21.108
27.784
7.1785
0.0016444
6.7396
6.3084
7.7987
3.237
5.1499
38.101
4.1075
-30.213
0.51159
1.9843
-8.2087
1.176
4.099
0.34853
-0.029825
0.65549
1.7359
0.56081
2.6476
-0.65249
-7.9725
1.8298
1.5041
2.6955
40.602
3.6855
25.193
-1.0197
-0.06184
-1.0824
4.9556
5.1741
-0.53061
20.66
1.0629
-5.6805
-3.0434
1.0751
0.5136
-0.78074
-0.012465
4.0409
-1.3816
0.16892
-10.404
2.2166
1.053
4.493
14.242
-4.8625
4.3502
68.984
0.77938
5.3064
3.8424
0.061836
9.5837
22.055
9.2182
0.18841
0.39228
20.58
0.89102
13.037
1.213
0.45623
31.422
2.8424
3.2653
-1.1622
5.6128
2.6876
0.84283
6.4678
23.379
3.3495
4.245
6.0273
-0.18493
0.91043
8.1403
1.077
-0.47415
2.2483
-1.6699
29.766
1.4902
0.95111
-0.080522
0.87044
7.7448
20.229
-1.6038
51.122
-0.79164
0.49692
25.303
0.3024
-1.1046
1.4495
12.685
-4.7144
18.201
9.907
-0.50941
-24.509
2.8263
9.8628
-4.4888
7.5491
5.6521
3.9441
7.0831
11.924
-15.466
-12.061
22.421
-0.22833
0.19438
7.6524
0.52912
0.35794
-10.226
45.987
1.6739
-0.4537
2.3914
-6.2351
6.9101
5.3484
24.575
-7.0784
-5.0869
39.87
2.7053
4.6325
-0.34325
19.333
4.4315
-0.12314
5.8057
-1.1829
10.743
0.23988
0.00067664
4.2572
8.5155
3.3799
1.8012
32.761
5.2434
4.9837
4.251
1.8549
1.6657
0.1921
1.2461
-2.3158
-0.44653
3.4286
3.6634
-11.721
0.078449
3.7459
-0.19567
-2.1397
6.0461
9.8517
-0.067128
0.067222
0.82112
13.251
2.3621
2.0704
34.33
0.70988
0.42269
-3.9271
-0.094911
1.2062
-0.62974
4.8733
28.008
10.657
2.6351
0.03054
5.3205
0.94523
4.8764
1.4164
0.43493
4.2086
10.905
-1.64
-16.236
-0.092934
5.4216
-5.1529
7.3108
3.9757
2.7825
0.67263
16.621
-2.8658
-0.89985
27.441
9.3807
5.1191
-2.911
4.2073
1.0332
15.525
20.511
8.4492
1.087
2.3994
-0.22374
1.6311
0.41962
0.701
4.7002
-1.9303
6.5186
8.7326
8.5073
10.942
8.0401
9.4331
-0.0070461
3.8741
1.2986
16.392
0.8859
3.6743
0.81515
-15.599
-3.5414
-0.021597
3.0918
2.5666
-7.56
2.4799
-4.7285
9.2701
1.6612
0.5566
1.2466
-3.289
2.75
8.0379
1.8776
-2.6325
3.2362
3.1848
-10.248
0.11146
1.7416
3.2975
10.867
16.42
12.686
-0.29979
-7.5093
29.717
0.58164
-0.30462
0.31656
-57.332
0.15487
20.355
1.0095
-2.0255
0.41655
20.949
-0.092805
19.524
-4.5403
13.294
1.2029
14.733
0.84915
1.7597
1.3544
-5.6396
-0.29234
7.4446
4.0042
0.23139
24.914
22.004
15.979
-3.6504
16.875
0.035734
0.5843
7.3284
21.581
-0.24962
4.2228
2.1047
0.66957
13.672
-28.282
12.703
4.229
3.4356
13.917
-0.20146
0.33232
10.324
0.59085
31.964
0.38165
6.7441
1.3815
0.018553
42.279
16.715
2.7985
10.968
-0.73012
14.563
-1.6355
1.2837
0.26388
6.5027
3.6692
-13.292
-70.972
-0.2655
-0.60702
1.2667
54.279
2.8946
2.2826
-27.744
