1.9027
2.1023
3.4428
3.0525
2.9891
2.6554
3.013
2.2495
3.5095
3.0397
3.4877
2.1777
2.9207
2.6731
2.454
2.6963
3.6928
2.2887
3.1159
3.2414
2.4812
1.9409
4.2662
2.2838
1.3553
2.8974
2.4858
2.3578
4.1994
2.0092
3.1567
4.3885
3.7812
2.9854
4.0118
3.7333
2.4635
3.2778
3.4934
4.4143
2.5534
2.4598
3.9906
3.7084
2.5457
2.7865
2.7606
3.3091
1.8216
2.4259
3.656
2.27
1.4494
1.7589
3.0916
3.968
2.3061
2.8815
2.6093
1.8472
2.9406
2.5859
1.683
2.4434
2.5782
2.3325
3.2899
3.3365
2.839
3.2219
2.0729
3.5052
3.1699
2.7528
3.719
2.3292
2.8669
1.9597
2.0886
3.3348
3.1541
3.1784
3.1137
3.3509
2.313
2.1888
2.1273
3.237
2.0709
3.4268
4.219
2.4611
5.8595
3.9479
2.9155
2.1462
3.8719
3.2989
2.5787
2.3089
1.4091
2.8625
3.983
2.5043
2.2945
2.9151
1.8664
2.5144
3.0171
3.3841
3.1345
2.4884
2.448
3.0123
1.7853
3.8091
2.9231
2.8848
3.0981
4.0864
2.9039
2.715
1.592
1.9417
2.8416
2.5248
3.1752
2.5612
2.6026
2.4536
3.8637
3.4316
2.9648
2.7158
2.8334
3.3125
3.4309
3.1371
3.1636
1.8742
2.6645
2.0342
3.3938
2.1708
2.3037
2.7614
4.2077
1.7451
3.5091
4.0073
3.2097
1.835
2.8135
2.5038
2.6456
2.6605
2.58
3.5072
1.9284
2.361
2.7737
2.0778
1.6552
2.7864
3.147
2.7621
3.358
2.6523
2.3933
3.2236
2.3952
2.654
1.8556
2.0403
3.2019
1.4782
3.0476
2.4322
3.0289
3.5264
3.4899
3.6317
2.5002
2.2741
3.2755
2.7695
2.2826
2.9149
2.2024
2.6788
3.7219
2.949
1.9275
2.7145
3.9375
3.8955
2.7401
2.8514
1.9863
2.064
3.091
2.2913
4.6926
2.5065
2.5116
3.2297
2.9149
3.1374
2.6228
2.1019
2.8804
2.1176
2.0306
2.1059
3.1628
2.4427
2.1881
2.4821
2.9571
2.7616
2.5389
1.9943
2.8723
2.0472
2.3158
3.6263
2.9133
2.1734
2.3621
1.7282
4.0198
2.4095
1.7913
3.2213
2.4531
3.7812
4.1524
2.4065
2.4106
2.0179
2.1547
3.47
2.7634
2.6202
2.8165
2.1093
1.7394
3.1665
1.6975
4.274
2.7994
2.5848
4.0506
2.1594
2.7366
1.2803
1.6539
2.2878
3.4651
3.1383
3.9834
2.5766
3.2396
4.1266
4.7836
2.6369
3.456
3.5419
3.0546
1.9819
2.9715
3.3541
2.5958
2.5516
2.7908
2.2844
3.2832
2.0917
1.7818
3.373
1.442
3.737
3.0436
2.0748
2.7785
3.7046
1.8948
2.8003
2.1442
2.6499
2.2165
2.6738
1.9204
2.2485
1.9868
2.6453
2.4029
2.5503
1.8437
3.2403
2.9706
3.6508
1.6771
2.7061
4.5325
4.3759
2.7243
3.5021
2.5608
2.0372
4.7889
2.2432
2.585
2.9015
2.1079
2.5788
2.2701
3.6897
3.4017
2.6101
2.1692
2.7739
2.3295
3.6477
2.1863
2.8409
3.7975
3.0246
5.0584
1.7252
2.8154
2.3924
2.9447
3.6317
4.3782
1.8452
2.6627
2.9632
2.7097
3.4901
3.1156
2.9024
2.4871
4.4698
3.2929
3.1644
2.411
3.4026
2.9814
2.0569
3.1987
2.4629
3.2716
3.1427
2.324
2.1759
2.8557
2.8041
2.0866
3.1274
2.9347
2.8237
2.9499
2.5849
4.6991
1.9547
3.4157
3.4249
4.3385
2.6626
2.2903
2.1525
2.5958
3.0229
3.3914
2.4681
2.0981
2.9507
2.4493
1.3966
3.9863
3.1819
2.6598
2.386
4.6369
2.9651
2.3047
2.9782
3.1273
3.0565
3.1492
1.6393
1.9324
3.7315
3.7102
2.8209
2.8053
3.7472
2.166
2.2889
2.2484
2.8768
3.6979
3.3027
1.9501
2.2146
4.1398
2.1795
3.4618
2.0566
2.0642
3.0876
4.0179
2.6191
3.999
3.2869
2.6506
3.9705
1.9091
2.2122
2.2186
3.1407
2.8533
2.5331
1.9011
2.9039
2.0709
2.9496
3.6007
2.5811
4.1892
2.5551
2.6495
2.706
2.9082
1.938
5.729
2.728
3.1627
2.033
1.7965
2.3123
2.0834
2.3474
3.0443
3.1219
3.8833
2.4755
2.7949
2.2363
2.4719
2.3838
3.1731
2.3119
2.2793
5.8631
2.0002
2.0268
2.3735
3.0263
2.3777
4.0939
3.1159
3.1941
2.9527
3.7078
2.7322
3.6041
2.4974
3.2938
2.111
3.0717
2.6576
2.869
3.6712
2.5772
2.5818
5.5997
3.9147
2.8662
3.9576
2.9098
2.7652
2.7707
4.4994
3.3948
3.1284
2.0093
4.1088
2.4776
2.4278
2.2805
4.3306
2.4876
3.6878
2.2133
3.7759
2.188
2.8233
1.7309
3.4438
3.0782
3.4474
3.453
2.4585
2.8977
3.8109
1.9057
3.8098
4.0459
2.8938
3.2823
1.7204
2.8412
1.9376
2.4046
2.1657
4.616
2.1527
3.6744
3.2828
2.5746
2.5235
4.1359
3.7405
3.843
3.2797
3.5021
2.8178
2.0117
2.6339
2.4927
3.0802
2.1791
4.0303
3.2074
2.2966
3.0903
2.7084
2.5386
3.2543
1.9569
4.0162
3.1894
3.2003
2.4119
2.2266
2.3686
2.3493
2.7462
2.2537
2.9796
2.5965
2.7934
3.3905
2.6979
3.3291
3.0199
2.6082
3.4066
2.9532
2.3467
3.5456
2.1077
1.8629
2.3722
2.0254
2.603
2.8771
2.0383
2.8834
2.7091
2.9863
2.938
3.7368
3.1056
1.5286
2.8347
3.0727
3.2697
3.6939
2.5731
3.2612
3.087
3.569
2.6663
2.5462
2.006
2.2072
5.2338
2.8124
3.3367
2.429
2.6862
2.8867
2.375
6.3767
2.8964
3.208
3.0154
2.5483
2.8801
2.616
2.2607
2.4723
2.6833
2.9732
2.7825
2.5386
1.9535
1.8619
3.0197
2.8071
2.2592
2.9644
1.8838
3.135
3.9144
4.565
2.6642
2.895
2.8234
3.3079
3.3892
4.38
2.2267
2.6997
2.3535
2.7723
2.0706
2.6549
2.6952
2.3923
3.0576
2.9099
2.289
2.0239
1.9193
3.1999
3.119
3.2409
3.1503
2.2693
4.364
4.5432
1.7771
2.4987
3.5235
2.2261
2.3579
3.2976
1.5668
3.1196
1.8086
3.5777
2.3383
2.669
1.9123
2.0914
2.2873
3.2711
3.3618
2.3684
3.2842
2.5231
2.0108
3.0879
4.4656
2.6922
1.9664
2.6507
1.9993
1.7742
2.4086
3.9062
3.7906
2.5277
2.0856
2.5489
2.9665
2.2525
3.4643
2.9412
3.0475
2.4961
2.4734
4.0183
2.2675
3.317
2.6904
4.2397
3.463
2.0087
2.5584
3.0293
2.6953
2.9142
2.6446
3.1222
1.7827
2.4571
2.6697
3.3227
2.5381
2.8469
2.5825
2.4271
3.4603
2.0699
2.8218
2.2605
2.98
2.5239
3.9051
2.6909
3.8153
2.5225
2.6991
2.3662
3.4527
2.3878
2.0437
2.2173
2.1578
3.6426
3.4408
3.6832
3.2879
2.3117
2.4518
3.5677
2.2506
2.3058
3.6138
3.7925
4.5343
3.0358
3.4723
3.131
2.5934
2.4402
1.757
3.1309
2.5231
2.0804
3.1027
2.4277
2.3574
2.5161
2.5606
3.8026
2.3152
3.0609
2.1771
1.8795
2.6031
2.4258
3.709
3.1629
2.0622
2.5969
2.0167
2.1511
2.5533
2.9864
2.336
3.5519
2.4605
3.0836
2.0141
3.4674
2.2685
2.8415
2.6852
2.234
2.477
3.2974
2.9672
2.1055
3.3802
2.5059
3.9059
2.1099
2.5078
2.6084
2.5177
2.6005
2.7623
3.0212
3.6462
2.5552
3.6756
3.2248
2.8378
2.7934
1.9578
2.6145
3.0912
2.2742
2.6839
2.9542
3.0657
3.1692
2.9685
2.4247
2.3609
3.6721
2.3393
4.4081
2.6793
2.7705
2.8232
2.5429
2.1842
3.3107
2.2731
2.1918
1.7096
3.8557
2.2548
3.0064
2.7838
2.4555
2.5803
2.4968
3.2168
2.9502
3.2671
3.7348
2.5139
3.1007
3.1945
2.586
2.3968
2.5568
2.3988
3.2578
3.5104
4.2574
2.5842
2.5132
1.3605
2.7011
1.7061
3.5113
1.7652
2.706
1.9882
4.2321
4.5607
2.6682
3.7206
3.9042
2.3849
2.8855
1.8794
2.5524
2.0693
2.2807
2.2769
1.9677
2.5383
3.2212
4.1757
2.6117
3.2735
2.1527
3.9539
2.7208
2.4535
3.8877
2.7837
1.7834
3.2921
3.4178
3.123
2.1719
5.0225
2.361
2.6257
3.9024
2.6536
3.7115
2.8705
5.1497
2.6538
3.5687
2.3296
2.6379
3.0413
3.1451
2.6472
3.0322
2.2975
3.9985
1.9854
2.7888
2.2598
4.2062
2.6984
2.7418
2.4474
3.8085
4.3811
1.4514
3.8764
2.3037
3.0777
1.8232
2.5124
2.4987
2.7694
3.2597
1.906
2.2185
2.589
4.0795
2.3374
3.0209
2.1016
3.3423
2.5526
3.2869
2.7709
2.1717
3.8777
1.6444
3.4325
2.514
3.1786
1.9915
2.6452
2.4919
1.6525
2.2853
2.8945
2.5679
2.2239
2.0003
2.2177
2.0352
1.9089
3.5192
2.2532
3.0313
3.8143
3.2365
2.1478
2.28
2.8417
2.7506
3.5867
3.6485
2.4003
2.1018
2.7154
2.6303
3.5819
1.7266
2.9626
3.3039
2.8439
2.7161
2.06
5.0609
4.4351
3.7445
1.8681
2.2676
3.2044
2.6093
2.4663
2.4958
2.6209
2.4629
4.428
2.1131
2.4933
2.0556
2.2928
2.5701
2.1901
3.2688
4.1545
2.8837
1.8418
1.8363
3.5245
3.0617
2.4515
3.2332
4.139
2.8973
3.2453
2.9438
3.3973
2.2121
3.1106
4.2002
4.1608
2.6535
3.0537
2.2969
2.0764
2.9634
4.0105
4.2797
2.0768
5.1735
4.1247
4.3488
2.8049
1.9508
2.7567
3.0644
2.4504
2.5356
3.0505
3.2647
2.3213
2.9935
2.7312
2.633
3.2498
2.0818
2.7695
3.1727
4.4995
2.4471
2.7054
3.0065
3.0345
1.8687
2.6036
5.2641
3.4899
3.9758
3.1053
3.6784
1.9846
2.1607
5.1133
2.6349
2.7993
2.5258
2.3947
2.8005
2.789
2.5707
2.0614
