1.8636
1.7076
3.2681
2.768
2.8881
2.2221
2.7162
2.0266
3.455
3.1389
3.3586
1.822
2.5635
2.535
2.1942
2.1366
3.7823
2.1201
2.8685
3.0689
2.4962
1.6192
3.8701
1.9573
1.0129
2.6863
2.3444
2.2596
4.1976
1.71
2.857
3.997
3.268
2.5837
3.9433
3.552
2.1017
2.9742
3.5355
4.5432
2.1913
2.1704
4.1105
3.5518
2.3995
2.3791
2.5352
3.1111
1.5105
2.013
3.2759
2.1289
1.2655
1.4769
2.8487
3.5762
1.9797
2.5101
2.1831
1.5648
2.5844
2.3
1.6281
2.3336
2.3521
2.1211
3.1321
2.9767
2.6891
3.2492
1.799
3.1306
2.8378
2.5201
3.4287
2.2294
2.6505
1.6587
1.8734
2.9835
2.9848
2.9105
2.8558
3.299
2.0702
1.9958
1.9435
2.9128
1.7059
3.0819
4.2031
2.0779
6.0986
3.4667
3.0634
2.023
3.8644
3.0303
2.4072
1.9598
0.99559
2.7218
3.5823
2.2136
2.0427
2.4182
1.4941
2.3604
2.6861
3.1061
2.9331
2.6818
2.3931
2.9277
1.6964
3.4341
2.5639
2.6768
2.9116
3.9195
2.7587
2.5808
1.4257
1.6193
2.4699
2.0321
3.0765
2.1945
2.3733
2.2941
3.7258
3.003
3.0149
2.403
2.5232
3.1651
3.1646
2.9464
2.9386
1.7192
2.4864
1.7603
3.2326
1.8203
1.8558
2.6889
3.8517
1.3495
3.354
3.9369
3.213
1.7184
2.9486
2.0665
2.1029
2.4806
2.0888
3.257
1.7118
2.0501
2.702
1.8116
1.4473
2.5171
2.8157
2.2591
3.2412
2.3059
2.3071
3.0744
2.2507
2.3447
1.5092
1.7471
3.2428
1.2179
3.2301
2.1311
2.7192
3.4695
3.5081
3.5143
2.1799
1.9039
2.8612
2.5835
1.9126
2.4596
1.8849
2.4505
3.4349
2.5944
1.6829
2.4311
3.5784
3.6877
2.6245
2.6721
1.7936
1.8746
2.9955
1.8929
4.3963
2.1651
2.3851
2.8085
2.5373
2.8465
2.2447
1.7457
2.6627
1.8485
1.7602
1.7344
2.8625
2.2088
1.958
2.3607
2.6006
2.7497
2.2581
1.5958
2.7789
1.91
2.0449
3.3602
2.7315
2.0032
1.8548
1.4779
3.7734
2.0757
1.5491
2.9083
2.246
3.5027
3.9851
2.2884
2.1681
1.7097
2.0406
3.0335
2.7273
2.4706
2.781
1.9184
1.5409
2.8047
1.4538
3.8626
2.5675
2.1919
3.8149
1.9491
2.1807
0.82334
1.532
2.2031
3.2204
2.8364
3.5413
2.2277
2.7925
3.9273
4.8131
2.4704
3.3633
3.2814
2.593
1.9898
3.062
3.1885
2.2222
2.3125
2.5335
2.1304
3.01
1.8857
1.5228
3.0865
1.2314
3.6864
2.7874
1.8319
2.7313
3.6975
1.7148
2.4578
1.7822
2.3226
1.9087
2.5896
1.5967
2.0473
1.7099
2.3316
2.1381
2.3101
1.5913
2.9516
2.7433
3.7038
1.4674
2.5388
4.2295
4.1421
2.5964
3.361
2.2333
1.7596
4.9214
1.8558
2.3198
2.666
2.1819
2.063
1.9881
3.3108
3.3593
2.3879
1.7955
2.5974
2.0733
3.7547
1.944
2.8638
3.8518
2.7016
5.1716
1.4266
2.8123
2.2067
2.6241
3.3081
4.1834
1.6626
2.4717
2.6768
2.691
3.0543
2.9038
2.8729
2.3275
4.6294
2.9587
3.0857
2.1534
3.234
2.6152
1.9647
3.244
2.5833
2.8891
3.1104
2.013
1.8483
2.6421
2.8149
1.7783
2.8337
2.6037
2.5079
3.1911
2.3125
4.836
1.6056
2.9599
3.4002
4.2809
2.6412
2.0789
1.9465
2.3462
2.7051
3.3463
2.1694
1.7874
2.7171
2.2666
1.0501
3.7443
3.1465
2.4983
2.254
4.2771
2.9227
1.9836
3.1355
2.9821
2.7016
3.1988
1.2227
1.6386
3.5628
3.669
2.4259
2.6421
3.7639
1.9934
2.122
2.0357
2.6859
3.4033
3.2152
1.9378
1.9564
4.2642
1.97
3.1767
1.6591
1.6214
2.8661
3.8915
2.4749
3.7361
3.103
2.512
3.8621
1.684
2.0827
2.083
2.9301
2.6743
2.3761
1.5179
2.5372
2.005
2.858
3.3049
2.4017
4.045
2.1117
2.5384
2.5327
2.6336
1.8098
5.8532
2.5422
2.9192
1.6625
1.5485
2.2051
1.7804
2.2418
2.8224
2.7814
3.5506
2.1738
2.5807
2.1101
2.1921
2.0412
2.7944
2.0679
1.9519
5.6849
1.9408
1.7317
2.3114
2.873
1.9468
3.781
3.0732
2.8778
2.5889
3.3815
2.2912
3.6501
2.0496
2.9016
1.6192
2.6816
2.4345
2.4134
3.6175
2.3757
2.3257
5.5676
3.596
2.5928
3.6971
2.5343
2.4632
2.6436
4.2389
3.1244
3.1161
1.7895
3.5971
2.4109
2.0928
1.8934
4.1647
2.3051
3.3359
2.0277
3.834
2.0723
2.484
1.4411
3.1704
3.0551
3.1714
3.0723
2.1019
2.593
3.8894
1.673
3.5066
3.6442
2.6479
2.892
1.5325
2.5977
1.9092
2.1112
1.8509
4.4386
1.926
3.4664
3.0727
2.1098
2.5775
3.8288
3.697
3.8571
2.9674
3.4075
2.6956
1.7172
2.4368
2.3574
2.8338
1.9677
3.7188
2.9603
2.1519
2.9732
2.6124
2.1187
3.0049
1.8351
3.9314
2.9515
2.614
2.0286
2.0027
2.1641
1.9389
2.5727
2.1189
2.7119
2.499
2.7067
3.3641
2.2588
3.1092
2.7693
2.1884
3.2442
2.7874
1.9946
3.1938
1.8026
1.3492
1.9905
1.5876
2.5704
2.4939
1.8394
2.6617
2.4902
2.8281
2.7769
3.3532
2.7811
1.119
2.728
3.0392
3.15
3.6045
2.5141
3.1157
2.9478
3.4132
2.459
2.4476
1.9108
1.912
5.0645
2.5624
3.1369
2.4574
2.2297
2.4826
2.2558
6.6123
2.7222
3.1534
2.6015
2.463
2.9602
2.5436
1.8615
2.2338
2.4499
2.7799
2.7584
2.1034
1.4291
1.657
2.682
2.5402
1.8977
2.7752
1.6221
2.8136
4.1274
4.3512
2.2666
2.7218
2.6726
2.8364
3.3419
4.3765
1.8793
2.6265
2.0306
2.354
1.7925
2.2112
2.5343
2.0443
2.7631
2.6583
2.0083
1.8307
1.6623
3.1901
2.8437
2.9139
2.842
2.1154
4.0879
4.2875
1.5584
2.1401
3.2923
2.0483
2.1008
2.9965
1.2774
2.8365
1.3847
3.2523
1.8654
2.5243
1.5131
1.7278
2.1174
3.1887
3.2285
2.1624
3.1138
2.4846
1.765
2.9156
4.1499
2.2613
1.5192
2.2658
1.929
1.516
2.0362
3.6143
3.5645
2.2575
1.8083
2.467
2.6463
1.9283
3.4036
2.6428
2.6578
2.3669
2.2341
3.6973
2.3276
2.9084
2.4593
4.0757
3.1878
1.6267
2.1284
2.6865
2.5403
2.4901
2.5075
3.0094
1.4914
2.34
2.6625
3.0917
2.5778
2.5778
2.4062
2.1054
3.1502
1.9493
2.4177
1.9765
3.2074
2.2689
3.8263
2.3155
3.6525
2.1595
2.3931
2.0911
3.3468
2.275
1.8168
1.8003
1.9489
3.1637
3.0429
3.6045
3.1572
2.1466
2.1367
3.4888
2.2068
2.053
3.6091
3.6452
4.2024
2.7496
3.2902
3.1228
2.2639
2.1029
1.3825
3.0751
2.2175
1.9784
2.7151
2.1746
1.9503
2.2825
2.4404
3.4511
2.0441
2.896
1.9127
1.7078
2.1886
2.3243
3.4207
3.0315
1.8751
2.3429
1.8242
1.9838
2.2646
3.0207
1.9454
3.4565
2.2664
2.7255
1.5828
3.11
2.0619
2.584
2.4082
1.965
2.2437
3.0618
2.9787
1.8234
3.0933
2.1991
3.8709
1.8963
2.3072
2.2167
2.3748
2.4384
2.718
2.7526
3.4093
2.215
3.5673
3.0225
2.6287
2.5178
1.743
2.2899
2.8356
2.0046
2.353
2.724
2.7339
3.0387
2.6711
2.1608
2.1249
3.7724
2.0564
4.284
2.561
2.4022
2.6171
1.9926
1.7536
3.2809
1.8279
1.9334
1.5474
3.7462
2.0309
2.9376
2.663
2.2926
2.3787
2.3723
2.9011
2.7662
3.0113
3.514
2.1264
2.5654
2.8372
2.5082
2.0763
2.5541
1.9384
2.6759
3.3061
4.0083
2.3726
2.2561
1.2317
2.2833
1.5599
3.3335
1.571
2.5007
1.6767
3.9705
4.492
2.5195
3.3711
3.4523
2.1023
2.4452
1.5464
2.1868
1.7369
2.3101
2.0855
1.5413
2.2535
3.0638
3.7439
2.3402
3.1313
1.7304
3.6212
2.329
2.0805
3.8604
2.6641
1.5547
3.0268
3.0718
3.0921
2.1545
4.8525
2.0616
2.5966
3.6381
2.5457
3.5307
2.6514
4.8752
2.3849
3.0749
2.0699
2.2963
3.0931
2.9248
2.4662
2.9359
2.2174
3.6473
1.7687
2.5568
1.78
4.3144
2.522
2.5637
2.3471
3.5379
4.4122
1.3099
3.8274
2.2235
2.6333
1.3945
2.3008
2.1487
2.7958
3.1614
1.6015
2.0815
2.1794
3.6862
2.292
2.7658
1.6899
3.0316
2.3079
3.0332
2.5494
1.6058
3.9817
1.4472
3.2103
2.2978
3.089
1.6146
2.3993
2.262
1.4751
2.1139
2.6291
2.1584
1.9484
1.7754
1.8582
1.5795
1.6448
3.0441
1.8354
2.6297
3.5795
3.2372
1.965
1.8119
2.5915
2.5835
3.4102
3.4806
2.2244
1.807
2.4018
2.5552
3.1488
1.4553
2.7168
2.9736
2.4669
2.5601
1.575
5.369
4.5246
3.6494
1.71
1.985
3.011
2.3495
2.1603
2.2948
2.28
2.2129
4.2039
1.7436
2.3035
1.859
2.1742
2.2012
2.0628
2.9417
3.8805
2.474
1.651
1.5782
2.9619
2.9253
2.0061
2.9899
3.6756
2.5307
3.0158
2.9734
3.1915
2.0133
3.0268
3.8579
3.9543
2.6849
2.7809
2.0655
1.8778
2.7699
3.8022
4.0756
1.7775
5.2887
3.9373
4.4288
2.7305
1.8181
2.4599
2.9578
2.3254
2.2635
2.7248
3.1826
2.3551
2.7359
2.4267
2.3851
3.259
2.0001
2.3395
2.8856
4.7805
2.1667
2.7384
2.6992
2.9582
1.8048
2.3134
5.2232
3.1681
3.7543
2.7895
3.3625
1.6894
1.7846
4.9332
2.5749
2.3145
2.1594
2.1249
2.5081
2.585
2.484
1.7104
