0.27443	0.23212	0.24874	0.28283	0.32235	0.25447	0.29922	0.23428
0.34231	0.27755	0.31813	0.27657	0.25238	0.23322	0.34565	0.41228
0.25088	0.27932	0.35434	0.30504	0.33234	0.19861	0.24042	0.28992
0.38341	0.34164	0.50336	0.51409	0.30508	0.50029	0.48795	0.60742
0.2372	0.30702	0.2015	0.23811	0.23572	0.27652	0.26196	0.35392
0.35161	0.3413	0.48127	0.30506	0.23576	0.25555	0.28448	0.3069
0.60855	0.33052	0.49423	0.5265	0.39112	0.43429	0.27144	0.56277
0.72127	0.46473	0.54385	0.45109	0.56301	0.64216	0.41229	0.54543
0.19866	0.20964	0.24974	0.20214	0.26369	0.17177	0.19556	0.17948
0.35153	0.35703	0.33233	0.23434	0.30654	0.2693	0.34231	0.44315
0.31335	0.3227	0.28353	0.26808	0.32276	0.1976	0.30383	0.28391
0.43233	0.64181	0.38081	0.42508	0.30385	0.36195	0.53144	0.23521
0.23688	0.2934	0.34346	0.17828	0.20759	0.20983	0.17974	0.18867
0.34808	0.2471	0.3465	0.22986	0.21698	0.36477	0.21845	0.26984
0.28526	0.38413	0.224	0.28592	0.29298	0.27487	0.28586	0.37976
0.31761	0.26985	0.28264	0.22289	0.24911	0.18748	0.25205	0.1902
0.22521	0.28212	0.23276	0.24911	0.26383	0.41495	0.22139	0.24056
0.4272	0.31539	0.2569	0.28015	0.29112	0.29125	0.28776	0.35177
0.20722	0.16611	0.28297	0.18815	0.15498	0.24378	0.1539	0.16125
0.44883	0.902	0.73689	0.28391	0.41403	0.32847	0.23934	0.26347
0.2804	0.18465	0.29373	0.24224	0.22344	0.2323	0.24644	0.25957
0.32143	0.39835	0.49432	0.37542	0.33816	0.24601	0.31854	0.29607
0.40661	0.38589	0.42138	0.38655	0.47242	0.33479	0.41439	0.56002
0.23947	0.24794	0.28742	0.24335	0.22307	0.23141	0.26145	0.22684
0.34963	0.69125	0.54205	0.46819	0.66766	0.54965	0.60243	0.43391
0.40016	0.40227	0.26908	0.45676	0.41816	0.40356	0.38003	0.38737
0.24083	0.29721	0.41681	0.30648	0.31221	0.32177	0.32116	0.29216
0.46657	0.38	0.38243	0.29147	0.24788	0.40245	0.44992	0.30292
0.2589	0.25578	0.41923	0.17423	0.19953	0.16795	0.25355	0.2328
0.66442	0.69406	0.83223	0.64178	0.48656	0.51275	0.5062	0.5701
0.28961	0.27345	0.36763	0.36545	0.32297	0.3164	0.45746	0.42472
0.35929	0.39625	0.48966	0.4218	0.41622	0.37803	0.37517	0.40417
0.46312	0.56352	0.42081	0.32488	0.54457	0.39093	0.33653	0.30698
0.50901	0.30687	0.52828	0.30608	0.35198	0.55138	0.3175	0.40397
0.54336	0.32521	0.80039	0.61379	0.51834	0.34857	0.48508	0.54959
0.29375	0.38996	0.41726	0.28307	0.26328	0.17681	0.27145	0.28571
0.29668	0.22295	0.37595	0.28312	0.30772	0.45824	0.24402	0.27664
0.35368	0.30715	0.50719	0.32353	0.28423	0.26917	0.27085	0.26929
0.19744	0.2744	0.24092	0.21603	0.25312	0.27084	0.25263	0.24711
0.28092	0.42114	0.47338	0.2708	0.29397	0.27325	0.25324	0.28286
0.49184	0.44275	0.27049	0.30421	0.31155	0.30906	0.25146	0.32118
0.61445	0.44906	0.40036	0.6708	0.54338	0.52293	0.53763	0.48486
0.24049	0.22223	0.41529	0.24288	0.17737	0.2678	0.21407	0.21721
0.7578	0.42064	0.55458	0.3873	0.40448	0.34343	0.48011	0.41416
0.37815	0.47598	0.3582	0.32694	0.30765	0.32784	0.36808	0.54937
0.35967	0.28117	0.26399	0.51032	0.48713	0.38571	0.27718	0.3558
0.52124	0.51959	0.55908	0.40957	0.38297	0.50367	0.38326	0.72934
0.20187	0.26762	0.33445	0.27672	0.29883	0.21869	0.24377	0.36975
0.6421	0.39659	0.5625	0.35171	0.29537	0.36285	0.43266	0.36475
0.45543	0.34343	0.40215	0.30419	0.26898	0.29317	0.18169	0.2577
0.59935	0.42925	0.60535	0.25403	0.43702	0.28794	0.4082	0.4702
0.34167	0.3713	0.33358	0.33537	0.33356	0.38224	0.37444	0.3447
0.51116	0.38612	0.30192	0.29591	0.34518	0.31178	0.42688	0.38268
0.2686	0.31148	0.26659	0.17473	0.14898	0.16772	0.21135	0.30052
0.36616	0.27537	0.35136	0.26999	0.32125	0.21365	0.32676	0.32662
0.31366	0.30308	0.44894	0.27855	0.28411	0.21445	0.26122	0.36525
0.42599	0.42143	0.61776	0.34464	0.30513	0.51617	0.44451	0.56588
0.34614	0.38646	0.41509	0.37405	0.40377	0.46405	0.4053	0.55682
0.51981	0.34103	0.28785	0.35775	0.43913	0.3151	0.3463	0.33508
0.32463	0.68995	0.51128	0.21674	0.2399	0.32165	0.24511	0.3141
0.25137	0.28859	0.37955	0.30312	0.29089	0.17123	0.20304	0.23685
0.29321	0.25878	0.31007	0.28651	0.35333	0.26779	0.26534	0.45775
0.27814	0.34977	0.35313	0.20085	0.22853	0.25399	0.25225	0.29787
0.35726	0.31525	0.34253	0.35017	0.39927	0.34429	0.31468	0.34648
0.32689	0.40989	0.53154	0.36812	0.34171	0.29613	0.30912	0.41724
0.29562	0.45145	0.38484	0.25968	0.31698	0.3315	0.29296	0.2886
0.3337	0.37484	0.43549	0.31851	0.32139	0.43006	0.40904	0.49874
0.41979	0.4179	0.58691	0.30337	0.42834	0.29199	0.3383	0.28627
0.22432	0.214	0.30785	0.28399	0.35182	0.18159	0.24622	0.2046
0.29008	0.33143	0.51136	0.24468	0.37917	0.35307	0.23988	0.31929
0.32894	0.46436	0.44859	0.26767	0.37222	0.26809	0.35951	0.3148
0.42711	0.36818	0.47246	0.32945	0.32177	0.38864	0.31732	0.45194
0.18172	0.48497	0.15263	0.31629	0.25847	0.3239	0.24115	0.36709
0.26011	0.45496	0.31535	0.30986	0.34654	0.3598	0.45626	0.52716
0.43266	0.44793	0.40032	0.36973	0.30566	0.27032	0.39185	0.39468
0.20809	0.24662	0.25316	0.18101	0.15751	0.16108	0.18821	0.2562
0.35022	0.60017	0.68338	0.23086	0.36859	0.63203	0.29364	0.34945
0.2623	0.40887	0.35372	0.33575	0.34986	0.40409	0.34494	0.41569
0.41609	0.32099	0.51181	0.38876	0.32665	0.35867	0.30225	0.65585
0.20807	0.20361	0.2336	0.17659	0.17261	0.13534	0.19355	0.27471
0.27111	0.49591	0.46648	0.47851	0.22911	0.34452	0.29124	0.35246
0.42958	0.51003	0.56581	0.35065	0.37491	0.27032	0.37722	0.38947
0.19892	0.29678	0.30264	0.1642	0.22444	0.20312	0.23773	0.32376
0.21984	0.20866	0.24469	0.18756	0.16974	0.31682	0.20061	0.26544
0.21894	0.21772	0.30734	0.21069	0.15454	0.18281	0.18302	0.20605
0.31291	0.39009	0.6897	0.36768	0.47308	0.32988	0.31872	0.49137
0.44565	0.35522	0.39836	0.30461	0.2516	0.2469	0.23958	0.35398
0.26806	0.26331	0.1995	0.23432	0.20639	0.23672	0.27558	0.29969
0.53841	0.44401	0.62866	0.46603	0.38113	0.32207	0.38745	0.29852
0.23334	0.23249	0.28615	0.17486	0.19454	0.18147	0.18932	0.19253
0.61013	0.65522	0.62056	0.34442	0.3008	0.39856	0.28703	0.27623
0.24973	0.26994	0.20857	0.252	0.1973	0.23499	0.15332	0.30311
0.47214	0.50902	0.47998	0.33922	0.34778	0.48881	0.4066	0.33581
0.2889	0.49129	0.55729	0.39544	0.34767	0.3133	0.4983	0.46376
0.34247	0.20072	0.39173	0.29739	0.29451	0.31782	0.29222	0.4693
0.24081	0.9086	0.46035	0.31394	0.29286	0.43456	0.41706	0.4773
0.34773	0.44799	0.38416	0.33093	0.37863	0.29517	0.34387	0.28325
0.43454	0.47664	0.79005	0.32074	0.38419	0.22849	0.25363	0.44919
0.35275	0.4491	0.3978	0.45794	0.44521	0.36342	0.42823	0.53929
0.36454	0.34121	0.35147	0.3813	0.40167	0.32384	0.35088	0.55606
0.27595	0.19284	0.22922	0.20897	0.20649	0.18627	0.22313	0.22814
0.74962	0.67689	0.57849	0.41725	0.44561	0.54993	0.43092	0.78657
0.63966	0.45577	0.43766	0.66093	0.49756	0.52154	0.56791	0.5906
0.62097	0.48128	0.5186	0.75423	0.5806	0.51548	0.50178	0.4922
0.86755	0.57926	0.93575	0.44183	0.62311	0.53413	0.56637	0.486
0.33744	0.4145	0.42934	0.2228	0.26342	0.22627	0.26326	0.22135
0.20661	0.23951	0.22392	0.18684	0.16983	0.18791	0.20855	0.18058
0.26579	0.27222	0.25359	0.20892	0.15801	0.24564	0.19775	0.24768
0.24868	0.30973	0.308	0.18252	0.14697	0.18464	0.26214	0.30106
0.23594	0.22972	0.38406	0.21817	0.20166	0.22138	0.26011	0.32374
0.3578	0.4717	0.4823	0.29375	0.33813	0.25416	0.25221	0.25077
0.26758	0.26222	0.3036	0.22673	0.31225	0.32261	0.31971	0.30252
0.36138	0.44007	0.58079	0.28838	0.32891	0.27688	0.44765	0.40204
0.38941	0.59107	0.70205	0.38578	0.40691	0.4657	0.40532	0.60454
0.37799	0.26298	0.27624	0.31927	0.27077	0.39458	0.45972	0.54773
0.29156	0.43728	0.5252	0.23798	0.23456	0.24654	0.24967	0.28177
0.2234	0.16491	0.25253	0.18879	0.16932	0.1609	0.18412	0.22361
0.5294	0.47081	0.57635	0.44102	0.26129	0.3834	0.37485	0.49735
0.49183	0.43278	0.46366	0.33339	0.3177	0.58796	0.36581	0.29786
0.42399	0.39256	0.51165	0.35012	0.33648	0.3594	0.37924	0.47965
0.2978	0.38926	0.28938	0.24703	0.31599	0.31082	0.21131	0.3248
0.23753	0.23542	0.4399	0.19792	0.18344	0.17926	0.19572	0.18588
0.34868	0.5119	0.43747	0.29874	0.19632	0.23607	0.35844	0.27491
0.52254	0.4167	0.44238	0.38974	0.38552	0.45657	0.3153	0.28232
0.15796	0.27373	0.38561	0.20412	0.17126	0.22618	0.16472	0.19761
0.35377	0.26429	0.54038	0.30175	0.2567	0.26501	0.21224	0.2634
0.42473	0.3858	0.39988	0.32616	0.26789	0.30879	0.42249	0.36314
0.18358	0.14546	0.22638	0.20209	0.20675	0.19603	0.15905	0.20296
0.5575	0.50114	0.59194	0.374	0.41793	0.35188	0.3324	0.43947
0.41818	0.24153	0.42138	0.30612	0.27683	0.28635	0.32693	0.46161
0.41087	0.30318	0.3338	0.26606	0.31216	0.33906	0.30469	0.38653
0.34073	0.53519	0.53377	0.36767	0.31212	0.24	0.32224	0.31962
0.36329	0.31914	0.46378	0.24559	0.26172	0.26291	0.32178	0.26013
0.32651	0.29006	0.21513	0.24365	0.33092	0.21962	0.21595	0.2632
0.33745	0.40407	0.41611	0.34039	0.31234	0.31547	0.27134	0.51859
0.38114	0.34448	0.26154	0.31166	0.33852	0.28333	0.34857	0.30677
0.31461	0.22459	0.24527	0.29066	0.39123	0.2461	0.23248	0.35451
0.26842	0.53874	0.37702	0.26294	0.26702	0.28761	0.49818	0.52222
0.39725	0.42814	0.52278	0.31941	0.3446	0.32901	0.37358	0.47054
0.77916	0.58617	0.63826	0.42011	0.41405	0.36375	0.44917	0.3464
0.46374	0.43109	0.34619	0.48145	0.40793	0.60144	0.56964	0.55755
0.41186	0.52286	0.62886	0.36556	0.47804	0.35275	0.41309	0.49044
0.28276	0.32542	0.29547	0.17865	0.21717	0.28875	0.21348	0.20329
0.23108	0.29919	0.26515	0.21813	0.1813	0.19189	0.20937	0.26323
0.33495	0.32289	0.27909	0.19485	0.15931	0.21388	0.22031	0.25184
0.26334	0.28517	0.45122	0.28875	0.31009	0.35361	0.27265	0.36266
0.2606	0.40683	0.45525	0.3201	0.37431	0.29368	0.27801	0.34878
0.23359	0.36245	0.47517	0.17587	0.24001	0.19558	0.31555	0.22837
0.19801	0.29998	0.20288	0.21548	0.28611	0.23797	0.21999	0.26932
0.49061	0.4667	0.68275	0.65353	0.6175	0.43203	0.68299	0.51694
0.34122	0.61822	0.37827	0.45057	0.4853	0.26644	0.30096	0.49362
0.29504	0.29221	0.49114	0.17815	0.23764	0.27794	0.26997	0.2763
0.21729	0.30231	0.48259	0.18802	0.19387	0.16592	0.17626	0.25139
0.21918	0.28923	0.24285	0.23945	0.24834	0.24836	0.18943	0.2928
0.55743	0.34643	0.3633	0.28286	0.28791	0.2423	0.38528	0.33813
0.25686	0.29452	0.24977	0.24517	0.27532	0.24806	0.25834	0.30929
0.38422	0.30292	0.31281	0.33094	0.33549	0.32845	0.45775	0.46164
0.23373	0.30121	0.29216	0.2136	0.24524	0.24241	0.23609	0.28099
0.21928	0.20806	0.33573	0.23802	0.20833	0.28087	0.22465	0.31516
0.41682	0.29911	0.33814	0.29896	0.40304	0.27412	0.32461	0.19108
0.31659	0.17334	0.27168	0.24381	0.24638	0.19257	0.3063	0.17887
0.34825	0.28848	0.36867	0.29595	0.51937	0.47205	0.43924	0.68377
0.26954	0.34858	0.21529	0.20922	0.23165	0.18653	0.22367	0.27135
0.30268	0.33735	0.30313	0.32551	0.29654	0.33359	0.2876	0.32195
0.39804	0.38206	0.29116	0.39699	0.32286	0.48457	0.34261	0.32624
0.50798	0.34013	0.32235	0.38284	0.35961	0.41334	0.38556	0.40863
0.31582	0.33899	0.26626	0.18893	0.22042	0.32143	0.28091	0.2881
0.40638	0.59015	0.50794	0.30358	0.38213	0.3768	0.29817	0.36116
0.25795	0.36848	0.51798	0.35897	0.26392	0.31977	0.29452	0.30113
0.36568	0.50263	0.44839	0.29085	0.28997	0.29562	0.29558	0.3373
0.44834	0.57515	0.51869	0.48775	0.46348	0.61615	0.45717	0.60388
0.33236	0.49093	0.66449	0.32211	0.26589	0.37947	0.27678	0.46465
0.47834	0.45824	0.47018	0.3765	0.31539	0.57931	0.27188	0.38769
0.43255	0.52532	0.50384	0.6413	0.38662	0.52621	0.39238	0.57493
0.24606	0.21724	0.46376	0.17221	0.21139	0.19932	0.25138	0.23134
0.26816	0.28847	0.32001	0.23817	0.21878	0.25988	0.28983	0.24283
0.29592	0.35451	0.27959	0.31352	0.3089	0.26673	0.31039	0.30767
0.2982	0.21052	0.42902	0.21849	0.19877	0.17884	0.32499	0.31948
0.29559	0.27984	0.2895	0.31918	0.21616	0.19539	0.28118	0.23391
0.42311	0.32557	0.34286	0.267	0.23183	0.21329	0.246	0.35434
0.27315	0.32021	0.24562	0.23813	0.20339	0.22153	0.19447	0.20602
0.30268	0.44432	0.43471	0.30325	0.33474	0.22374	0.41289	0.45672
0.19927	0.25958	0.21023	0.17256	0.18723	0.21313	0.2132	0.18127
0.40409	0.31881	0.35501	0.23748	0.28034	0.35127	0.2444	0.35566
0.393	0.38315	0.53685	0.31466	0.33033	0.3795	0.2331	0.42006
0.48493	0.29569	0.38658	0.44884	0.44826	0.30417	0.48131	0.50209
0.21037	0.23399	0.2295	0.23823	0.22154	0.20499	0.1992	0.25768
0.61999	0.36965	0.62865	0.46038	0.53115	0.36703	0.51503	0.458
0.3296	0.37822	0.48609	0.32789	0.34156	0.35519	0.39367	0.30221
0.52198	0.42791	0.44086	0.33501	0.33407	0.35206	0.32273	0.36483
0.3552	0.41539	0.51567	0.34565	0.31632	0.29466	0.41408	0.26558
0.22541	0.25595	0.26512	0.16633	0.16512	0.24825	0.22837	0.18589
0.23527	0.3386	0.41313	0.2091	0.3306	0.28844	0.27092	0.28602
0.36869	0.4353	0.32436	0.34492	0.61443	0.56329	0.5011	0.40526
0.41198	0.41624	0.41536	0.38318	0.30179	0.31907	0.3003	0.31586
0.45821	0.53014	0.62681	0.71609	0.58853	0.64055	0.64934	0.37067
0.34693	0.23846	0.3189	0.25607	0.28915	0.24508	0.30997	0.24085
0.45142	0.34543	0.46599	0.37721	0.28634	0.37776	0.42378	0.32542
0.28138	0.29251	0.33011	0.25822	0.2737	0.26403	0.26449	0.28275
0.60295	0.38068	0.36568	0.45246	0.35397	0.38078	0.46899	0.63546
0.36619	0.39185	0.42873	0.41619	0.23987	0.35682	0.36566	0.35965
0.29127	0.36468	0.45919	0.23148	0.19906	0.19559	0.20849	0.28626
0.33062	0.21206	0.18777	0.29991	0.34877	0.45694	0.3219	0.46282
0.38285	0.25312	0.40717	0.35994	0.50053	0.33484	0.50812	0.47062
0.31216	0.49738	0.33881	0.27869	0.28766	0.27158	0.29438	0.35904
0.34545	0.37357	0.41876	0.21252	0.21478	0.17414	0.20531	0.24408
0.4787	0.2837	0.51183	0.40838	0.46668	0.35115	0.39588	0.44191
0.46827	0.46893	0.51545	0.50611	0.55447	0.5209	0.36559	0.65883
0.28777	0.2726	0.26952	0.24402	0.26688	0.2075	0.22933	0.32958
0.25087	0.3014	0.30015	0.25724	0.30206	0.31439	0.27989	0.37189
0.47197	0.59319	0.45417	0.43118	0.48145	0.36044	0.58509	0.37264
0.42297	0.39292	0.65976	0.2805	0.26148	0.27049	0.26528	0.27588
0.6015	0.57609	0.49168	0.36647	0.34075	0.45373	0.38015	0.49179
0.37897	0.43965	0.23356	0.37003	0.30874	0.34228	0.53879	0.4526
0.47392	0.29784	0.59865	0.32459	0.42708	0.34748	0.23193	0.32968
0.41718	0.5085	0.51087	0.36131	0.35364	0.42125	0.4202	0.29686
0.25646	0.31028	0.27224	0.30189	0.25348	0.22839	0.25584	0.37768
0.48152	0.62405	0.51963	0.34398	0.37505	0.28573	0.31329	0.43407
0.32947	0.52451	1.0687	0.33191	0.27669	0.3037	0.42973	0.37996
0.2989	0.23006	0.30707	0.30874	0.29126	0.20744	0.26168	0.37149
0.34299	0.37223	0.31172	0.35576	0.31436	0.2787	0.39064	0.3683
0.23158	0.252	0.30432	0.26292	0.22525	0.29408	0.16529	0.30116
0.49588	0.3831	0.27377	0.3139	0.33786	0.28983	0.23483	0.27758
0.25564	0.31465	0.39329	0.38987	0.43558	0.39252	0.34526	0.42322
0.52802	0.46475	0.25298	0.37315	0.28059	0.35181	0.5845	0.42355
0.32101	0.30668	0.34821	0.36813	0.31631	0.30409	0.29846	0.30387
0.36745	0.306	0.47424	0.32126	0.38469	0.76269	0.31218	0.37238
0.40189	0.38333	0.492	0.33912	0.32366	0.35713	0.40764	0.35283
0.61113	0.60582	0.68557	0.37797	0.86957	0.49392	0.51282	0.89142
0.30072	0.29406	0.40913	0.26396	0.29404	0.2023	0.22047	0.31043
0.33481	0.39269	0.35687	0.34684	0.36945	0.23905	0.35783	0.39248
0.25681	0.25779	0.39722	0.22254	0.16677	0.19901	0.30902	0.21921
0.32725	0.26965	0.32099	0.23677	0.33644	0.27532	0.25238	0.30901
0.40923	0.35163	0.33828	0.25982	0.35983	0.25277	0.38009	0.38764
0.48635	0.3526	0.65698	0.27431	0.47199	0.39748	0.39255	0.41277
0.36426	0.2938	0.42077	0.30431	0.30713	0.26405	0.29188	0.44681
0.2514	0.24023	0.34519	0.44644	0.30245	0.26424	0.30803	0.25611
0.32827	0.49522	0.54975	0.41955	0.3404	0.46639	0.40064	0.35622
0.55424	0.55556	0.68079	0.42176	0.40194	0.3054	0.3879	0.49729
0.21713	0.25569	0.28964	0.1435	0.1557	0.23985	0.16068	0.18807
0.2577	0.29627	0.22628	0.26323	0.28355	0.22741	0.3478	0.28846
0.31688	0.27283	0.29609	0.43764	0.26359	0.40953	0.35732	0.37474
0.47947	0.34076	0.39472	0.30889	0.29843	0.18589	0.44521	0.23893
0.27575	0.23406	0.2752	0.24828	0.22188	0.31701	0.23579	0.31978
0.40453	0.31143	0.37914	0.33307	0.26442	0.23287	0.41936	0.35848
0.40192	0.34228	0.28944	0.36203	0.27158	0.36317	0.35864	0.49425
0.21597	0.31385	0.24521	0.20021	0.30453	0.23468	0.24356	0.27983
0.49716	0.44787	0.49993	0.44491	0.20759	0.2088	0.30279	0.37172
0.315	0.3134	0.24081	0.2601	0.34479	0.23204	0.39324	0.30464
0.59392	0.48619	0.80162	0.34918	0.48137	0.34062	0.4505	0.47824
0.24621	0.40569	0.38278	0.38045	0.29392	0.28663	0.32637	0.31487
0.3531	0.57939	0.43938	0.37879	0.38517	0.36186	0.3673	0.36254
0.37192	0.59359	0.50125	0.42815	0.46625	0.56805	0.50983	0.46626
0.2283	0.37894	0.33008	0.18863	0.19097	0.22605	0.21953	0.21736
0.41365	0.41596	0.32513	0.29287	0.2964	0.2635	0.29131	0.2568
0.26005	0.25885	0.51663	0.27628	0.27405	0.24283	0.31674	0.34759
0.3291	0.22081	0.34182	0.26903	0.28112	0.22467	0.25233	0.45346
0.33389	0.30201	0.27353	0.27226	0.25382	0.25993	0.32973	0.26681
0.33568	0.21463	0.54825	0.34988	0.36901	0.41328	0.27802	0.34664
0.35965	0.8275	0.62616	0.48089	0.50387	0.29999	0.43133	0.55602
0.15341	0.1979	0.30133	0.17516	0.17293	0.20715	0.23071	0.18884
0.22312	0.45686	0.46689	0.2693	0.33181	0.23167	0.31004	0.30838
0.59315	0.46607	0.6291	0.45589	0.4377	0.455	0.30847	0.48333
0.16001	0.20528	0.20148	0.17189	0.18142	0.14228	0.14977	0.16883
0.32873	0.2407	0.36114	0.2283	0.2456	0.18713	0.26853	0.24332
0.40598	0.23317	0.19935	0.23907	0.27665	0.36199	0.28816	0.45815
0.24344	0.38994	0.34925	0.3347	0.26867	0.24089	0.40217	0.27445
0.52519	0.3784	0.59487	0.33062	0.29376	0.32812	0.27654	0.32446
0.39775	0.32052	0.41273	0.28417	0.31414	0.17511	0.38172	0.25738
0.22812	0.30187	0.2171	0.25125	0.33499	0.3257	0.31669	0.41167
0.38398	0.36646	0.27424	0.29825	0.38897	0.272	0.2759	0.44396
0.38864	0.29891	0.43844	0.2923	0.35564	0.30767	0.37502	0.35248
0.48049	0.66665	0.63786	0.54118	0.60098	0.52595	0.41986	0.83586
0.33656	0.27151	0.36278	0.23053	0.30087	0.22361	0.35191	0.3015
0.42933	0.39698	0.30267	0.43502	0.31405	0.42557	0.32276	0.39033
0.45517	0.46084	0.47013	0.34085	0.2891	0.45615	0.51488	0.46295
0.21282	0.367	0.36159	0.24952	0.28811	0.26281	0.24397	0.27234
0.2099	0.30795	0.22391	0.21712	0.27039	0.24445	0.20038	0.19382
0.43055	0.6429	0.59263	0.325	0.51238	0.39935	0.29642	0.27815
0.5002	0.41218	0.65673	0.41217	0.33461	0.28535	0.5353	0.46125
0.44934	0.44677	0.41287	0.30882	0.23858	0.30555	0.24162	0.47869
0.26063	0.25455	0.21397	0.19845	0.19152	0.25266	0.18634	0.30554
0.55333	0.41876	0.58379	0.55309	0.48383	0.59892	0.51613	0.3716
0.2279	0.18696	0.26682	0.1697	0.24631	0.17416	0.23787	0.23436
0.1759	0.22501	0.17146	0.15353	0.22718	0.24786	0.20586	0.19239
0.79216	0.25331	0.48788	0.31366	0.34131	0.25325	0.35256	0.45433
0.42246	0.35942	0.47167	0.3018	0.33474	0.47957	0.41262	0.53524
0.61176	0.64622	0.37746	0.31198	0.35336	0.30161	0.31652	0.29352
0.25866	0.37977	0.21902	0.16809	0.17322	0.18463	0.13348	0.15374
0.46061	0.48954	0.40812	0.5046	0.44848	0.24592	0.42397	0.25525
0.37526	0.40533	0.56948	0.35261	0.62503	0.4609	0.51344	0.52132
0.61138	0.48026	0.35175	0.29015	0.28544	0.30231	0.27345	0.34006
0.61003	0.42818	0.40844	0.43752	0.37788	0.45813	0.52336	0.5801
0.5049	0.67713	0.45792	0.40682	0.35967	0.44518	0.41836	0.44634
0.41714	0.90514	0.94366	0.82513	0.78292	0.75987	0.67188	0.97967
0.21051	0.26543	0.25501	0.22755	0.17228	0.22288	0.22736	0.19779
0.41476	0.3998	0.5017	0.41973	0.31292	0.43338	0.46555	0.50049
0.59119	0.3927	0.83305	0.5922	0.62913	0.56596	0.91915	0.77146
0.39367	0.3825	0.29221	0.38074	0.34794	0.32679	0.28416	0.29081
0.45499	0.47615	0.65156	0.22141	0.27378	0.34332	0.28374	0.22033
0.27671	0.27726	0.33777	0.32285	0.34215	0.35316	0.31736	0.43949
0.33328	0.2906	0.41291	0.38666	0.51772	0.44295	0.39667	0.60864
0.85284	0.37557	0.35357	0.39386	0.3944	0.32899	0.29011	0.35325
0.34795	0.37134	0.35708	0.30518	0.40256	0.44266	0.41067	0.34652
0.38774	0.50024	0.5974	0.38403	0.38352	0.38831	0.39832	0.43715
0.39289	0.24815	0.36351	0.29437	0.31916	0.27899	0.30557	0.35953
0.24595	0.38986	0.31203	0.23599	0.19143	0.18542	0.30358	0.24602
0.41834	0.34303	0.31721	0.25496	0.34487	0.27298	0.29374	0.31212
0.44213	0.43805	0.28933	0.35187	0.34378	0.3495	0.37296	0.42828
0.39769	0.20648	0.46896	0.37272	0.30347	0.3828	0.52016	0.40151
0.49322	0.36639	0.38928	0.37756	0.4071	0.34292	0.35576	0.4541
0.58967	0.21805	0.47051	0.35189	0.30968	0.28658	0.29638	0.37818
0.3502	0.43502	0.5133	0.26318	0.32196	0.21423	0.22589	0.32799
0.31527	0.45195	0.66559	0.3796	0.27502	0.60437	0.33347	0.35333
0.23166	0.31021	0.29728	0.26308	0.23766	0.38228	0.32128	0.34431
0.33176	0.32296	0.27002	0.33375	0.27142	0.6302	0.26051	0.27573
0.33185	0.40333	0.52067	0.33573	0.35959	0.41342	0.36993	0.34097
0.28089	0.19639	0.33747	0.24925	0.20654	0.20398	0.24243	0.26814
0.4281	0.43717	0.40617	0.42676	0.45368	0.60315	0.32512	0.43825
0.40739	0.51828	0.50116	0.41601	0.47597	0.78806	0.61493	0.50339
0.53925	0.33288	0.36906	0.37318	0.42942	0.29696	0.49012	0.46237
0.45272	0.43976	0.34227	0.29623	0.38522	0.33956	0.36963	0.30518
0.61715	0.66837	0.86225	0.44154	0.44105	0.49365	0.42326	0.48478
0.21184	0.47756	0.32819	0.28129	0.29922	0.31829	0.27995	0.38012
0.3025	0.27443	0.4148	0.29789	0.35295	0.32658	0.30248	0.41234
0.44846	0.39591	0.41956	0.42513	0.43786	0.30353	0.3287	0.78067
0.44698	0.33836	0.45691	0.27535	0.36051	0.31093	0.44947	0.35969
0.39439	0.43135	0.33206	0.33147	0.25287	0.19001	0.35715	0.36098
0.25764	0.3392	0.33638	0.23777	0.21432	0.19666	0.25513	0.24209
0.28539	0.34271	0.22277	0.21483	0.16775	0.2148	0.19458	0.22448
0.26181	0.3157	0.39464	0.28424	0.1633	0.28579	0.19503	0.23333
0.27982	0.20522	0.27263	0.2674	0.26629	0.24537	0.17632	0.23076
0.23438	0.281	0.36262	0.1707	0.16898	0.1847	0.16291	0.20433
0.41102	0.37957	0.3441	0.37285	0.32821	0.37534	0.34421	0.4781
0.3503	0.33978	0.28146	0.31853	0.36514	0.33684	0.28581	0.35897
0.2374	0.19318	0.28355	0.20517	0.21387	0.21122	0.19116	0.28916
0.48779	0.39232	0.43674	0.31219	0.34871	0.27497	0.25888	0.35337
0.49306	0.39334	0.36603	0.36032	0.32918	0.34016	0.40816	0.38898
0.3855	0.41949	0.4899	0.44521	0.44799	0.38771	0.42593	0.37537
0.26094	0.33535	0.38499	0.28761	0.29716	0.32498	0.26882	0.36462
0.40416	0.44592	0.56638	0.43	0.48792	0.4952	0.46744	0.489
0.37049	0.33912	0.26961	0.27365	0.23455	0.25855	0.20497	0.36469
0.56204	0.52337	0.52462	0.3591	0.29744	0.44081	0.50127	0.36568
0.45007	0.42424	0.31739	0.25576	0.3523	0.44629	0.3335	0.40538
0.50327	0.6533	0.64579	0.8872	0.60282	1.0141	0.52444	0.56693
0.48441	0.34085	0.39201	0.435	0.36496	0.35032	0.32926	0.35882
0.27634	0.43044	0.50838	0.33451	0.44689	0.41172	0.31459	0.4595
0.22501	0.29684	0.22431	0.24888	0.3745	0.31286	0.25866	0.36154
0.19194	0.18667	0.23624	0.26521	0.24339	0.23759	0.24842	0.26286
0.32165	0.28003	0.50313	0.25341	0.2127	0.19945	0.24013	0.33221
0.26442	0.2038	0.30991	0.20415	0.237	0.21144	0.33589	0.24713
0.30295	0.41272	0.44422	0.32912	0.25315	0.26048	0.34793	0.32572
0.32174	0.3011	0.22927	0.2803	0.24255	0.33788	0.30847	0.40809
0.53775	0.63222	0.35654	0.35773	0.41948	0.41244	0.47305	0.4283
0.3996	0.42164	0.46338	0.31052	0.44685	0.3112	0.34119	0.72689
0.21295	0.29828	0.42541	0.23222	0.29107	0.25481	0.24811	0.28798
0.20174	0.36674	0.35314	0.22887	0.24824	0.22824	0.22054	0.26652
0.29355	0.39043	0.46961	0.33732	0.4685	0.39377	0.28868	0.37517
0.54482	0.48407	0.52236	0.40313	0.33668	0.49331	0.3773	0.55322
0.20857	0.20724	0.30511	0.29301	0.24235	0.29147	0.24991	0.28324
0.37609	0.52579	0.47231	0.24158	0.25512	0.35104	0.30058	0.34958
0.51378	0.36928	0.44139	0.36532	0.3222	0.28598	0.36425	0.35652
0.20576	0.30758	0.2603	0.22027	0.33905	0.28768	0.21166	0.25627
0.30333	0.3049	0.67838	0.2949	0.33496	0.29949	0.27302	0.40684
0.56217	0.80467	0.58601	0.46449	0.48913	0.36346	0.438	0.47787
0.26619	0.22754	0.33296	0.23933	0.28227	0.30883	0.32051	0.3046
0.672	0.55235	0.60683	0.52226	0.45068	0.42875	0.59702	0.69269
0.34724	0.25996	0.45128	0.32765	0.30793	0.33804	0.33622	0.40318
0.35204	0.209	0.65435	0.22887	0.20765	0.22998	0.17948	0.22796
0.16407	0.41574	0.3839	0.22716	0.18039	0.19589	0.24525	0.26697
0.24095	0.25971	0.16922	0.18829	0.16228	0.20814	0.17806	0.18783
0.50794	0.43453	0.32944	0.26301	0.34299	0.29982	0.32976	0.30063
0.22258	0.32885	0.23358	0.30099	0.28075	0.2914	0.26678	0.31238
0.30331	0.44141	0.24184	0.2217	0.2348	0.24599	0.28206	0.26682
0.27229	0.35227	0.25591	0.18636	0.20073	0.17597	0.20945	0.19746
0.41127	0.46235	0.37028	0.28606	0.27206	0.2439	0.22927	0.37605
0.46023	0.57983	0.41019	0.65327	0.50932	0.71144	0.5085	0.54102
0.34138	0.39666	0.56696	0.325	0.29644	0.35401	0.27802	0.36685
0.19248	0.2434	0.24476	0.18539	0.15998	0.15938	0.24196	0.24776
0.56875	0.54366	0.84564	0.40966	0.35045	0.36382	0.39317	0.40963
0.32393	0.43214	0.49423	0.33153	0.3529	0.21283	0.35762	0.45708
0.312	0.49461	0.20377	0.28464	0.26054	0.3053	0.28284	0.36144
0.31153	0.37906	0.35127	0.27929	0.28255	0.23658	0.28009	0.23997
0.28897	0.23977	0.33647	0.22629	0.23571	0.21851	0.21832	0.39172
0.20971	0.4133	0.26846	0.33486	0.3748	0.26708	0.30748	0.46767
0.77152	0.42105	0.55889	0.34631	0.31445	0.43691	0.38074	0.55207
0.31873	0.31693	0.39322	0.27438	0.2018	0.22367	0.33579	0.20384
0.2287	0.3773	0.34655	0.26187	0.23208	0.27848	0.2683	0.41308
0.61042	0.42137	0.81968	0.37844	0.40004	0.35726	0.50967	0.5366
0.3163	0.24094	0.23414	0.21452	0.27217	0.23197	0.28016	0.26375
0.4186	0.47509	0.45917	0.3173	0.28331	0.41223	0.43773	0.59495
0.41353	0.51847	0.30317	0.55369	0.53012	0.44171	0.40962	0.57324
0.2576	0.29056	0.35256	0.22765	0.18635	0.20049	0.3389	0.21086
0.32384	0.37097	0.39387	0.28397	0.37113	0.31034	0.23775	0.28557
0.90657	0.48672	0.57193	0.41044	0.4172	0.29579	0.32315	0.44779
0.21532	0.22005	0.30539	0.28891	0.23469	0.27443	0.24808	0.22665
0.30904	0.29978	0.24186	0.18978	0.24173	0.27279	0.22925	0.29469
0.20561	0.16262	0.19484	0.18609	0.26918	0.32669	0.19297	0.21766
0.44902	0.48994	0.62756	0.51652	0.35316	0.57578	0.32525	0.3398
0.31625	0.45261	0.49456	0.38776	0.43085	0.24551	0.47863	0.32388
0.19511	0.28271	0.3631	0.16028	0.17045	0.15814	0.16425	0.17334
0.29902	0.38137	0.35435	0.33096	0.34299	0.29716	0.34339	0.42369
0.2602	0.22717	0.20951	0.19824	0.19458	0.27879	0.19608	0.26575
0.28652	0.33694	0.29142	0.28526	0.26326	0.27853	0.24308	0.29225
0.22573	0.21654	0.2653	0.17832	0.16828	0.17663	0.20675	0.17899
0.37672	0.30059	0.34203	0.29244	0.32247	0.35113	0.26787	0.33572
0.23989	0.17915	0.33014	0.21224	0.19314	0.14699	0.18806	0.20965
0.1968	0.13012	0.24804	0.14668	0.17722	0.1412	0.14316	0.16885
0.27765	0.35485	0.30296	0.27075	0.22538	0.26741	0.28948	0.25679
0.32807	0.46513	0.42461	0.29472	0.38876	0.63805	0.31328	0.32781
0.31572	0.22984	0.31846	0.1953	0.30853	0.31666	0.37688	0.34638
0.42971	0.37772	0.40993	0.30426	0.45634	0.38868	0.35183	0.55655
0.68409	0.58255	0.57459	0.43573	0.38651	0.46658	0.41287	0.29479
0.15471	0.24324	0.20463	0.19178	0.15051	0.23102	0.25112	0.2112
0.28382	0.29631	0.3043	0.21767	0.2459	0.30891	0.20519	0.30548
0.50095	0.42122	0.31486	0.33957	0.395	0.29093	0.30276	0.39653
0.28683	0.25756	0.47873	0.24762	0.22458	0.19781	0.18532	0.28538
0.39741	0.2577	0.49702	0.35511	0.48615	0.52109	0.30646	0.34151
0.21325	0.23088	0.22677	0.22537	0.30213	0.185	0.19187	0.19142
0.30996	0.19887	0.3045	0.27335	0.27049	0.28429	0.27201	0.27722
0.33726	0.24749	0.42606	0.23593	0.28615	0.17109	0.40012	0.38847
0.20574	0.356	0.38107	0.21875	0.29483	0.22523	0.29177	0.29285
0.35672	0.57571	0.5173	0.35328	0.32549	0.31514	0.33705	0.32252
0.34781	0.38845	0.55115	0.62706	0.48511	0.5064	0.55743	0.45699
0.32453	0.24951	0.32911	0.21433	0.18014	0.20122	0.20337	0.29233
0.39712	0.27801	0.39516	0.39976	0.33154	0.30677	0.32303	0.47209
0.20628	0.49595	0.4993	0.38876	0.26948	0.33435	0.29223	0.27335
0.29291	0.33166	0.53064	0.24565	0.20846	0.25154	0.24735	0.21468
0.46937	0.28364	0.24989	0.34854	0.28857	0.39113	0.29799	0.37781
0.31472	0.3582	0.40218	0.39897	0.38061	0.47575	0.4967	0.37421
0.31989	0.28944	0.42979	0.39963	0.30647	0.30986	0.51156	0.40893
0.32582	0.47074	0.38101	0.49464	0.38061	0.27305	0.32667	0.4274
0.26366	0.37628	0.41954	0.25629	0.19924	0.21986	0.24216	0.3795
0.41564	0.3242	0.56522	0.2145	0.35465	0.21742	0.17941	0.33931
0.26596	0.24498	0.35397	0.24878	0.2268	0.2057	0.25332	0.26414
0.44268	0.46962	0.41434	0.46585	0.43309	0.76881	0.44072	0.45742
0.58208	0.47489	0.51703	0.37341	0.4354	0.33257	0.33568	0.56967
0.34588	0.68742	0.42629	0.32342	0.33138	0.40593	0.38467	0.48179
0.31436	0.39439	0.29664	0.27681	0.18893	0.38914	0.28714	0.33699
0.33788	0.41746	0.4319	0.2801	0.36062	0.26713	0.29668	0.32743
0.28621	0.35269	0.34132	0.41378	0.32972	0.30146	0.24537	0.50702
0.23641	0.2558	0.21307	0.18608	0.18872	0.16197	0.17978	0.31022
0.6231	0.50613	0.38544	0.38509	0.42593	0.36528	0.48712	0.48768
0.43971	0.43556	0.36312	0.40175	0.31537	0.44262	0.44426	0.38306
0.45795	0.54967	0.64647	0.3442	0.36129	0.34005	0.32925	0.39854
0.45567	0.26131	0.55694	0.27678	0.30314	0.3182	0.23038	0.42864
0.14683	0.22719	0.16564	0.18751	0.15825	0.20398	0.16049	0.20729
0.24771	0.21728	0.24874	0.25248	0.20436	0.27795	0.1977	0.20814
0.22528	0.27322	0.48116	0.15089	0.1801	0.11762	0.2126	0.17628
0.44557	0.44469	0.41852	0.2897	0.26604	0.28207	0.37029	0.32505
0.63852	0.50733	0.44924	0.36172	0.42928	0.60426	0.37232	0.48567
0.3599	0.54011	0.6109	0.24036	0.24158	0.30464	0.32876	0.34497
0.62853	0.63334	0.36244	0.4283	0.35745	0.43304	0.37858	0.45474
0.1295	0.25824	0.32882	0.1399	0.15785	0.12248	0.26823	0.22412
0.39596	0.47366	0.37187	0.32027	0.32738	0.38638	0.55083	0.44916
0.35948	0.45974	0.49838	0.34146	0.40489	0.54903	0.33304	0.3761
0.23801	0.2153	0.29022	0.32705	0.27782	0.25626	0.26663	0.29715
0.21789	0.24609	0.36255	0.23524	0.25245	0.19566	0.24841	0.21604
0.33877	0.37095	0.48496	0.24627	0.3525	0.36487	0.20062	0.41233
0.17323	0.22144	0.25353	0.18557	0.19548	0.14329	0.16205	0.23446
0.34777	0.44112	0.43414	0.24386	0.2362	0.28286	0.36105	0.30333
0.41585	0.40698	0.51297	0.34044	0.38773	0.4737	0.25495	0.30477
0.34558	0.49035	0.36516	0.37217	0.29701	0.17994	0.28696	0.36557
0.41008	0.47259	0.4921	0.34292	0.33897	0.21898	0.25432	0.30383
0.39138	0.48767	0.41244	0.58636	0.50907	0.37529	0.70577	0.57764
0.31371	0.3196	0.27406	0.31017	0.24567	0.33268	0.32874	0.26686
0.41375	0.50329	0.39834	0.48841	0.44897	0.4081	0.28267	0.44369
0.21684	0.24921	0.2327	0.28326	0.29763	0.18439	0.2386	0.28103
0.6126	0.35665	0.37811	0.32599	0.36674	0.41151	0.2818	0.24778
0.44331	0.39908	0.51031	0.20856	0.2651	0.23747	0.30209	0.2087
0.24953	0.38794	0.62719	0.23596	0.22999	0.28439	0.43076	0.3052
0.24953	0.2664	0.29948	0.18938	0.22773	0.21368	0.254	0.30512
0.54668	0.54965	0.73856	0.63	0.51263	0.41526	0.31941	0.40836
0.1771	0.17304	0.29417	0.22921	0.17293	0.20812	0.14746	0.15379
0.22962	0.3469	0.34733	0.25533	0.21628	0.33296	0.25046	0.26602
0.29194	0.34278	0.38207	0.21952	0.24172	0.2283	0.25926	0.25014
0.23556	0.35053	0.27631	0.23518	0.19498	0.21374	0.24696	0.19201
0.21497	0.23996	0.20193	0.2108	0.2323	0.35069	0.16275	0.26039
0.34943	0.42826	0.55718	0.4371	0.29111	0.4678	0.26368	0.55594
0.28237	0.35788	0.51204	0.36688	0.24666	0.23514	0.22838	0.25838
0.52795	0.5112	0.62793	0.41098	0.54436	0.45915	0.41632	0.38669
0.30891	0.29807	0.30765	0.22343	0.22609	0.22178	0.20703	0.21826
0.27275	0.39084	0.36586	0.29815	0.31054	0.19927	0.22628	0.30611
0.88047	0.92092	0.30367	0.68402	0.36116	0.40027	0.38906	0.59273
0.32334	0.77261	0.53004	0.29654	0.386	0.3152	0.35407	0.38316
0.36922	0.28034	0.36127	0.33244	0.38597	0.42492	0.24035	0.35662
0.18661	0.30584	0.31198	0.155	0.20561	0.22799	0.21356	0.1825
0.55499	0.30587	0.48636	0.49338	0.35274	0.312	0.44799	0.36917
0.41585	0.6428	1.0001	0.43632	0.42823	0.63479	0.4151	0.99314
0.30104	0.53134	0.42404	0.19201	0.2217	0.17412	0.14145	0.21435
0.5799	0.36922	0.68346	0.57422	0.46173	0.32501	0.36167	0.41117
0.17959	0.20792	0.2217	0.26444	0.28854	0.25286	0.19429	0.28088
0.35133	0.56134	0.53008	0.40667	0.40811	0.31965	0.38076	0.40024
0.24847	0.44687	0.61628	0.48899	0.30235	0.37522	0.56501	0.5411
0.28815	0.34185	0.47277	0.2884	0.35884	0.52156	0.42454	0.47607
0.427	0.28945	0.44689	0.33381	0.22476	0.4275	0.33713	0.3281
0.32887	0.369	0.32874	0.32948	0.3141	0.33839	0.27787	0.42581
0.49164	0.63767	0.58842	0.594	0.45038	0.5303	0.67487	0.57433
0.22621	0.2366	0.24137	0.19631	0.23452	0.25547	0.2477	0.26147
0.31767	0.36654	0.49416	0.49537	0.3565	0.46698	0.45856	0.432
0.37526	0.29937	0.32117	0.30365	0.33124	0.30924	0.36066	0.3196
0.30752	0.30505	0.38741	0.29867	0.51522	0.28735	0.22694	0.31333
0.23783	0.32368	0.33814	0.37241	0.3386	0.38616	0.32803	0.44355
0.24274	0.27703	0.42347	0.24441	0.24287	0.2422	0.21963	0.36195
0.39587	0.75834	0.35459	0.39425	0.49067	0.51905	0.58912	0.40315
0.57048	0.40429	0.51737	0.38648	0.34614	0.34895	0.38592	0.25875
0.61406	0.34383	0.38831	0.36284	0.32885	0.36306	0.41741	0.44952
0.21463	0.51661	0.32752	0.19725	0.34107	0.18671	0.19056	0.25621
0.29384	0.28505	0.34645	0.27703	0.2401	0.27339	0.28078	0.37947
0.2717	0.25342	0.38578	0.34068	0.33577	0.29986	0.5014	0.24768
0.29189	0.38731	0.36889	0.35257	0.34783	0.36069	0.34806	0.36173
0.48869	0.31179	0.45231	0.26464	0.2679	0.28149	0.29962	0.33246
0.20842	0.16847	0.38988	0.19291	0.18839	0.16702	0.2098	0.23499
0.24735	0.32801	0.29248	0.19831	0.25006	0.15206	0.20335	0.24792
0.3933	0.29196	0.23401	0.28721	0.31532	0.30987	0.30693	0.33441
0.42236	0.36929	0.61093	0.32391	0.30535	0.25593	0.28402	0.29498
0.39215	0.34149	0.36854	0.18566	0.24534	0.19084	0.30978	0.22892
0.3456	0.31881	0.34186	0.40697	0.26366	0.30455	0.33432	0.28181
0.2341	0.25216	0.37652	0.26219	0.2764	0.24835	0.23076	0.22204
0.19649	0.25115	0.29929	0.31522	0.28374	0.26104	0.3559	0.35693
0.46159	0.43053	0.35723	0.48337	0.4597	0.4795	0.5367	0.47691
0.32045	0.44895	0.30014	0.34768	0.24916	0.26637	0.29613	0.2836
0.51807	0.62998	0.59728	0.35712	0.31069	0.34634	0.36247	0.55209
0.47064	0.60496	0.41391	0.38473	0.35935	0.38572	0.35947	0.41479
0.16874	0.19414	0.20023	0.17335	0.24694	0.19489	0.17691	0.2155
0.24911	0.31607	0.20172	0.2825	0.34764	0.31498	0.21493	0.31302
0.39468	0.68978	0.51548	0.2507	0.30745	0.24991	0.49684	0.4005
0.32961	0.42791	0.43834	0.24152	0.27416	0.27563	0.26601	0.28373
0.54209	0.4744	0.52753	0.4769	0.50311	0.42691	0.46281	0.56196
0.28152	0.40012	0.39697	0.3098	0.34236	0.31961	0.31145	0.41485
0.41735	0.43209	0.46444	0.36971	0.36671	0.3741	0.31706	0.33958
0.27157	0.31584	0.30397	0.28777	0.30408	0.30156	0.44154	0.36617
0.27963	0.36874	0.47138	0.36855	0.33728	0.35224	0.22683	0.33845
0.35339	0.40386	0.39186	0.38449	0.34122	0.28884	0.36752	0.28131
0.33927	0.52204	0.49456	0.38359	0.36901	0.29489	0.39479	0.33074
0.30455	0.28707	0.30223	0.26822	0.22081	0.27557	0.25034	0.41194
0.40889	0.41067	0.45607	0.31808	0.32116	0.39017	0.30856	0.38781
0.59203	0.41846	0.53467	0.38902	0.38064	0.42873	0.75201	0.45269
0.25495	0.37656	0.26864	0.27215	0.25399	0.19754	0.29072	0.23048
0.88025	1.0127	1.1841	0.70605	0.5016	0.88022	1.0723	0.84739
0.35485	0.36038	0.33042	0.24114	0.27444	0.21256	0.24862	0.2535
0.37722	0.54068	0.84068	0.31402	0.25968	0.30633	0.47898	0.33804
0.18922	0.3069	0.37833	0.26464	0.17882	0.12407	0.20725	0.29352
0.32929	0.24557	0.30854	0.35619	0.42537	0.3333	0.23436	0.36745
0.35394	0.36834	0.33598	0.36742	0.45524	0.41105	0.40778	0.41747
0.26385	0.34274	0.36855	0.2338	0.21833	0.2339	0.23221	0.38552
0.43778	0.55338	0.4506	0.37766	0.41818	0.36717	0.40844	0.34537
0.21199	0.41304	0.22631	0.47891	0.256	0.28253	0.289	0.31791
0.31006	0.42136	0.30645	0.40438	0.37758	0.26255	0.27423	0.3082
0.43546	0.5453	0.52466	0.28356	0.22079	0.20713	0.33326	0.3246
0.197	0.36758	0.68042	0.27678	0.21346	0.26993	0.32956	0.198
0.36201	0.48627	0.43156	0.62794	0.29915	0.35225	0.39237	0.59366
0.21722	0.25757	0.23239	0.21422	0.24231	0.19805	0.20034	0.28802
0.82851	1.03	0.85612	0.52105	0.47354	0.56514	0.64033	0.83541
0.40786	0.51742	0.46266	0.36842	0.39091	0.42169	0.60387	0.37346
0.40624	0.3358	0.39936	0.39936	0.31502	0.45269	0.40373	0.45577
0.71721	0.41164	0.63619	0.44494	0.57047	0.53378	0.44927	0.5561
0.33366	0.39236	0.36331	0.28356	0.2358	0.26509	0.2955	0.30194
0.31074	0.621	0.6126	0.29897	0.2672	0.23832	0.35511	0.29808
0.40972	0.2694	0.44474	0.33233	0.4267	0.23222	0.33965	0.38195
0.28018	0.40397	0.34954	0.48023	0.35166	0.41703	0.56434	0.47688
0.26103	0.29643	0.23965	0.2254	0.21895	0.37362	0.24841	0.2131
0.33107	0.36626	0.29637	0.38465	0.28831	0.26904	0.34511	0.27241
0.26039	0.2794	0.47457	0.24734	0.22476	0.20804	0.24928	0.32541
0.35656	0.35754	0.435	0.30077	0.28777	0.29335	0.40623	0.39336
0.40752	0.47157	0.23625	0.32371	0.4136	0.51297	0.5119	0.42342
0.40995	0.66741	0.72985	0.51624	0.46138	0.3248	0.44458	0.40626
0.18328	0.22962	0.3309	0.17721	0.21401	0.21931	0.22831	0.22453
0.23091	0.25464	0.24072	0.20143	0.16435	0.18635	0.15822	0.17921
0.39253	0.38502	0.31492	0.32106	0.18905	0.29542	0.28205	0.29103
0.41115	1.0563	0.43606	0.21504	0.33446	0.36635	0.24748	1.1149
0.32664	0.31803	0.26594	0.20574	0.24638	0.18381	0.24108	0.25455
0.29434	0.35726	0.4109	0.31316	0.29112	0.23161	0.29512	0.49901
0.43013	0.48625	0.54477	0.3621	0.24475	0.28885	0.31626	0.37592
0.67487	0.44916	0.8383	0.4054	0.58167	0.47527	1.0026	0.64371
0.25438	0.28513	0.17289	0.21474	0.26766	0.25377	0.3392	0.21409
0.29637	0.39799	0.33082	0.36714	0.4535	0.32338	0.35723	0.432
0.39017	0.4764	0.34978	0.34578	0.35896	0.43351	0.45946	0.45592
0.45291	0.67615	0.62598	0.47879	0.40019	0.85025	0.44748	0.48736
0.16307	0.21711	0.25473	0.21419	0.17495	0.19242	0.18971	0.27239
0.26005	0.2697	0.33695	0.28141	0.3085	0.30539	0.30396	0.3436
0.6122	0.44308	0.57826	0.46336	0.71761	0.46036	0.43969	0.63512
0.30555	0.47239	0.74612	0.31277	0.30434	0.30973	0.30104	0.42712
0.49201	0.50473	0.29142	0.47308	0.76671	0.46661	0.47746	0.66293
0.43931	0.47795	0.59669	0.42042	0.44635	0.35989	0.33702	0.40396
0.33365	0.41526	0.73797	0.30941	0.44951	0.24852	0.40048	0.36399
0.33803	0.51154	0.47618	0.27152	0.40663	0.4042	0.54381	0.33
0.20099	0.25651	0.26323	0.22907	0.22825	0.28964	0.29064	0.24706
0.34365	0.64032	0.58428	0.34753	0.41984	0.322	0.35327	0.57865
0.21519	0.33347	0.31378	0.25553	0.25772	0.21812	0.35391	0.26431
0.48973	0.81789	0.89128	0.67833	0.5965	0.35026	0.54596	1.0622
0.36793	0.37666	0.53316	0.36024	0.48929	0.24134	0.2789	0.34606
0.27366	0.34988	0.30939	0.2198	0.20299	0.23961	0.24439	0.20709
0.39788	0.30397	0.23371	0.27155	0.26373	0.19357	0.26803	0.26854
0.24256	0.38386	0.32178	0.17807	0.23379	0.159	0.2268	0.16598
0.26524	0.32947	0.392	0.37419	0.37147	0.53317	0.28614	0.51297
0.43432	0.31961	0.44403	0.27329	0.29849	0.30058	0.38445	0.31448
0.31129	0.44784	0.3747	0.37637	0.30177	0.36283	0.40507	0.29027
0.4525	0.53593	0.66845	0.39635	0.34587	0.38715	0.4717	0.65308
0.61072	0.42177	1.0038	0.47637	0.36216	0.37831	0.53001	0.41219
0.51911	0.37275	0.58088	0.47984	0.75657	1.0761	0.41801	0.65955
0.32292	0.30389	0.33266	0.25756	0.27805	0.24118	0.24347	0.50676
0.22366	0.37862	0.19921	0.25486	0.28192	0.26211	0.3403	0.37309
0.30058	0.27809	0.19042	0.20864	0.21529	0.17556	0.20555	0.25121
0.23086	0.23746	0.31455	0.23211	0.21984	0.20696	0.17013	0.30179
0.33616	0.26426	0.18672	0.40257	0.30163	0.22843	0.33127	0.43302
0.33762	0.41145	0.30004	0.42184	0.48616	0.32824	0.34564	0.53134
0.55985	0.37249	0.46927	0.21572	0.23608	0.34762	0.33621	0.34355
0.39037	0.35798	0.37664	0.55217	0.29318	0.69535	0.35166	0.36381
0.2986	0.3796	0.43968	0.2788	0.28711	0.23919	0.51795	0.37438
0.16732	0.21504	0.20925	0.15287	0.16673	0.14829	0.15798	0.18339
0.27055	0.23995	0.39537	0.23805	0.31173	0.33536	0.24473	0.29971
0.34875	0.47248	0.51082	0.34182	0.42329	0.32016	0.39197	0.44694
0.40695	0.41582	0.67335	0.35842	0.44574	0.64534	0.49767	0.68252
0.32193	0.3392	0.37455	0.39034	0.33827	0.33378	0.24741	0.28882
0.32089	0.24961	0.34918	0.2452	0.3448	0.36884	0.30186	0.25181
0.51326	0.45366	0.26375	0.30581	0.40734	0.31621	0.3032	0.44164
0.56295	0.36899	0.64867	0.5185	0.39992	0.50299	0.59598	0.73515
0.28278	0.30659	0.23485	0.26995	0.17223	0.3453	0.21274	0.24381
0.40367	0.50458	0.36171	0.65846	0.37352	0.38275	0.48375	0.42393
0.33041	0.51175	0.46088	0.37468	0.42487	0.4419	0.4711	0.44434
0.38078	0.27147	0.50601	0.32542	0.32797	0.30937	0.50615	0.43794
0.58554	0.36902	0.3261	0.43607	0.36017	0.36818	0.44619	0.34613
0.61929	0.38091	0.62505	0.46599	0.3501	0.54004	0.42553	0.41946
0.39788	0.40707	0.38204	0.26044	0.23918	0.35355	0.42958	0.29833
0.53129	0.58993	0.29427	0.31215	0.38705	0.45123	0.40725	0.45477
0.24638	0.25195	0.38049	0.17753	0.20878	0.24529	0.26715	0.2404
0.31366	0.4777	0.58952	0.35949	0.40631	0.45023	0.38108	0.28259
0.22784	0.52245	0.53371	0.2678	0.20732	0.22977	0.22945	0.30213
0.35378	0.28841	0.28233	0.29556	0.41709	0.22339	0.27227	0.27402
0.444	0.39671	0.41945	0.22225	0.25417	0.49307	0.29571	0.2791
0.40255	0.40158	0.63714	0.54624	0.3929	0.69101	0.31642	0.55288
0.34192	0.64141	0.78481	0.25571	0.41109	0.31272	0.29364	0.31471
0.40057	0.45799	0.44732	0.62467	0.4073	0.35659	0.37497	0.3982
0.29882	0.25984	0.32237	0.29771	0.32391	0.31582	0.37911	0.46059
0.39517	0.28858	0.53657	0.29288	0.3051	0.46139	0.30137	0.31684
0.40374	0.36518	0.31025	0.36743	0.36359	0.40531	0.33797	0.41695
0.17269	0.22133	0.29023	0.36257	0.24976	0.19357	0.19459	0.23782
0.31476	0.39227	0.53237	0.36865	0.31901	0.34076	0.4475	0.36912
0.43513	0.26998	0.363	0.48408	0.37542	0.33747	0.41369	0.31888
0.37177	0.28872	0.49016	0.32585	0.40219	0.29793	0.28398	0.34004
0.26435	0.28649	0.31427	0.16855	0.21352	0.20117	0.22071	0.19221
0.51043	0.72513	0.32089	0.35617	0.39508	0.47223	0.43535	0.58972
0.29711	0.44273	0.42739	0.27197	0.23257	0.26053	0.22145	0.38672
0.28655	0.34057	0.24305	0.4845	0.48699	0.24124	0.35073	0.44398
0.46381	0.45055	0.44522	0.35909	0.41088	0.389	0.39869	0.53
0.40103	0.43082	0.40205	0.44302	0.33489	0.36879	0.33608	0.54173
0.36507	0.29055	0.42983	0.31409	0.24323	0.3408	0.29547	0.26436
0.36328	0.45164	0.45858	0.29128	0.28179	0.44002	0.23997	0.41935
0.36465	0.40546	0.27375	0.37081	0.29017	0.39733	0.41199	0.36545
0.28058	0.39818	0.29102	0.26085	0.21676	0.23173	0.21328	0.31132
0.35258	0.22989	0.34426	0.32379	0.26948	0.62754	0.32487	0.34265
0.47426	0.43806	0.26846	0.3321	0.29367	0.23991	0.29038	0.45196
0.48791	0.35438	0.51722	0.30655	0.2917	0.38568	0.44611	0.60592
0.71763	0.48583	0.48916	0.55462	0.51506	0.46848	0.36093	0.40425
0.2638	0.25924	0.38728	0.28122	0.24313	0.37731	0.24452	0.27742
0.2262	0.40725	0.29957	0.25394	0.2397	0.2373	0.26789	0.28866
0.46305	0.43445	0.95169	0.64462	0.59679	0.73459	0.47122	0.49708
0.42008	0.53232	0.33429	0.41139	0.53654	0.51479	0.51072	0.56093
0.50397	0.30239	0.29552	0.27641	0.28646	0.31653	0.29038	0.46561
0.34798	0.5092	0.64848	0.34989	0.45481	0.29303	0.408	0.40639
0.35825	0.61297	0.53034	0.3665	0.37589	0.35209	0.3305	0.48909
0.40352	0.20591	0.35529	0.41241	0.3713	0.3196	0.38152	0.53271
0.47265	0.40879	0.45441	0.5029	0.3148	0.47065	0.48132	0.64673
0.44569	0.41934	0.41629	0.26405	0.36876	0.28734	0.32033	0.53621
0.44603	0.49335	0.57953	0.31634	0.32153	0.42519	0.29758	0.38064
0.43971	0.4603	0.44534	0.34143	0.33713	0.37549	0.31875	0.50942
0.61733	0.76999	0.82031	0.49859	0.40544	0.2888	0.4208	0.45954
0.33347	0.63533	0.41094	0.22647	0.22125	0.18343	0.25494	0.224
0.32875	0.15308	0.35821	0.36288	0.32557	0.23797	0.23413	0.2315
0.3844	0.20525	0.31585	0.24725	0.31593	0.2934	0.29965	0.46845
0.46836	0.46289	0.29277	0.2798	0.27755	0.30623	0.37345	0.28928
0.3112	0.37902	0.35905	0.3483	0.29825	0.22275	0.24949	0.41247
0.23125	0.33058	0.26702	0.23888	0.24817	0.20384	0.25545	0.27092
0.20204	0.4726	0.29758	0.21158	0.22635	0.19845	0.25112	0.18025
0.41006	0.67068	0.98458	0.49035	0.43068	0.40713	0.38226	0.2867
0.26756	0.30524	0.3648	0.37056	0.59983	0.29957	0.40078	0.31039
0.39276	0.50517	0.50694	0.31859	0.33529	0.35382	0.35384	0.41617
0.34525	0.36136	0.30068	0.25583	0.32017	0.28306	0.33811	0.27192
0.66105	0.78713	0.44377	0.50173	0.70924	0.45033	0.34312	0.60302
0.41942	0.36142	0.2494	0.38649	0.3715	0.31181	0.35931	0.43524
0.92996	0.58014	0.73279	0.60445	0.72554	0.58767	0.57832	0.78264
0.43083	0.4512	0.26173	0.31691	0.39979	0.37965	0.44402	0.4782
0.38732	0.35354	0.35536	0.26569	0.25319	0.37661	0.47559	0.43085
0.26527	0.41591	0.31606	0.23625	0.27622	0.23889	0.25706	0.2817
0.32197	0.41613	0.41739	0.25635	0.34714	0.25606	0.37788	0.27871
0.75007	0.59052	0.38533	0.423	0.36533	0.4482	0.31499	0.59757
0.41403	0.47509	0.58392	0.53711	0.38299	0.50088	0.43386	0.38355
0.28838	0.44609	0.65768	0.35279	0.24357	0.23973	0.29233	0.30502
0.59125	0.56969	0.70872	0.41892	0.50895	0.24668	0.35041	0.43724
0.28694	0.21751	0.24569	0.25802	0.20466	0.22955	0.21477	0.24254
0.26571	0.30259	0.28746	0.26115	0.25222	0.29284	0.21598	0.25594
0.32608	0.4739	0.37747	0.2357	0.41959	0.35487	0.33479	0.30359
0.21857	0.24921	0.39755	0.19994	0.19202	0.15912	0.18314	0.26753
0.27506	0.21118	0.27441	0.28664	0.30895	0.24614	0.23603	0.28077
0.41352	0.25262	0.34863	0.29245	0.32385	0.27862	0.42639	0.40127
0.44253	0.31428	0.41583	0.32469	0.23616	0.37539	0.31568	0.37311
0.3385	0.34212	0.39471	0.30653	0.30179	0.55625	0.52079	0.37829
0.26894	0.45251	0.83531	0.3725	0.33178	0.26991	0.30981	0.50574
0.40695	0.45215	0.58005	0.69527	0.3835	0.40081	0.64443	0.4765
0.28044	0.22437	0.31204	0.34304	0.31041	0.25954	0.32393	0.40048
0.20651	0.22306	0.43458	0.21601	0.20665	0.16821	0.20465	0.28783
0.30355	0.38448	0.46956	0.58018	0.47264	0.39162	0.45136	0.36342
0.40018	0.32075	0.40062	0.38156	0.31325	0.35511	0.30702	0.37709
0.2342	0.30849	0.48732	0.21588	0.22788	0.25979	0.30201	0.32581
0.3281	0.24291	0.30088	0.23684	0.2547	0.18449	0.30536	0.27376
0.37949	0.32542	0.29741	0.22482	0.21686	0.25353	0.38299	0.28431
0.31889	0.4687	0.51925	0.33557	0.20734	0.34659	0.30038	0.40315
0.21416	0.2396	0.29837	0.19294	0.20852	0.19628	0.2473	0.26959
0.26662	0.23569	0.24733	0.25309	0.22683	0.2503	0.274	0.20388
0.34203	0.40999	0.4652	0.2871	0.35411	0.44796	0.39281	0.39691
0.43486	0.76257	0.41559	0.45904	0.55115	0.47966	0.54813	0.83639
0.36458	0.5754	0.42658	0.36823	0.23941	0.21029	0.23216	0.34805
0.24097	0.26728	0.34833	0.22193	0.22972	0.26551	0.24455	0.26422
0.39749	0.3965	0.43341	0.35949	0.3508	0.264	0.35554	0.34798
0.54004	0.33241	0.2441	0.36213	0.34751	0.46931	0.39475	0.35799
0.25117	0.45228	0.34748	0.42054	0.42705	0.33764	0.32117	0.3887
0.36648	0.53192	0.67336	0.29116	0.40643	0.33258	0.34801	0.50178
0.25728	0.28055	0.36384	0.23768	0.35151	0.39162	0.30423	0.2845
0.28427	0.49246	0.3313	0.34046	0.35235	0.36145	0.44505	0.34194
0.50138	0.63239	0.42784	0.48937	0.48804	0.52071	0.46223	0.6291
0.27926	0.30215	0.30783	0.21606	0.20354	0.20053	0.20644	0.25647
0.45565	0.38667	0.49973	0.50459	0.40836	0.43279	0.37721	0.33158
0.63112	0.38393	0.47386	0.59654	0.69057	0.44916	0.38867	0.42308
0.30949	0.30614	0.26369	0.38672	0.39728	0.32349	0.31714	0.34092
0.32508	0.41516	0.44246	0.32696	0.28922	0.28213	0.27755	0.34936
0.29349	0.51903	0.46043	0.20342	0.22757	0.34483	0.31891	0.26532
0.3406	0.40582	0.25934	0.23517	0.23152	0.2439	0.21952	0.22909
0.41598	0.38082	0.35025	0.36174	0.39076	0.30742	0.37532	0.27217
0.32534	0.31556	0.32946	0.22533	0.30266	0.26567	0.23484	0.21652
0.45908	0.55522	0.6282	0.3912	0.4362	0.48106	0.5143	0.38648
0.30651	0.21383	0.33591	0.19152	0.17592	0.26729	0.24901	0.24209
0.87849	0.60781	0.95823	0.5835	0.89501	0.46507	0.62985	0.61116
0.19337	0.26778	0.29462	0.15502	0.17444	0.14461	0.17813	0.22055
0.71627	0.36501	0.47535	0.41102	0.3387	0.36101	0.30128	0.31188
0.2452	0.22941	0.4037	0.19639	0.20377	0.1863	0.26586	0.22576
0.94525	0.5261	0.6086	0.54798	0.65028	0.39486	0.35864	0.57108
0.51427	0.76159	0.51155	0.5397	0.39537	0.5177	0.42578	0.72942
0.42005	0.72413	0.36149	0.41225	0.28268	0.44225	0.54269	0.478
0.50053	0.40657	0.46497	0.58156	0.50417	0.47496	0.47243	0.42439
0.21031	0.22104	0.2657	0.2173	0.27329	0.22657	0.19749	0.18983
0.33131	0.41428	0.52771	0.39515	0.28231	0.28668	0.27775	0.34527
0.30618	0.41686	0.42807	0.26184	0.32134	0.23206	0.38014	0.4114
0.48624	0.35445	0.53795	0.31385	0.48096	0.49421	0.43665	0.4881
0.23854	0.26801	0.23623	0.2742	0.25458	0.24252	0.33233	0.36729
0.53914	0.52029	0.38786	0.5024	0.55931	0.57693	0.71268	0.50288
0.26259	0.31191	0.35923	0.23393	0.28355	0.18754	0.31925	0.36566
0.37693	0.46809	0.67279	0.42179	0.33731	0.22028	0.38202	0.36153
0.3288	0.40706	0.58573	0.55647	0.42884	0.57269	0.43219	0.60899
0.48355	0.37336	0.44988	0.30069	0.35629	0.27781	0.45592	0.4425
0.22978	0.29916	0.37145	0.25938	0.18821	0.216	0.28346	0.23714
0.27043	0.8679	0.59018	0.17995	0.28752	0.20235	0.28995	0.24788
0.29531	0.29503	0.59843	0.33142	0.26125	0.32993	0.33046	0.39226
0.34845	0.29743	0.2433	0.40609	0.31605	0.28118	0.31019	0.32528
0.31008	0.28818	0.29528	0.23739	0.23399	0.24636	0.27619	0.28953
1.0504	0.43112	0.42018	0.49978	0.63011	0.56285	0.56627	0.64181
0.40857	0.66221	0.48721	0.35703	0.32294	0.24851	0.35197	0.38322
0.53463	0.26319	0.62924	0.31073	0.24002	0.37784	0.33599	0.47166
0.40559	0.49333	0.80276	0.45623	0.44973	0.43812	0.47345	0.47043
0.23628	0.38993	0.45701	0.26335	0.23468	0.30769	0.2488	0.60643
0.29274	0.31949	0.37669	0.23716	0.20931	0.18978	0.23301	0.19693
0.24281	0.32438	0.29659	0.2045	0.1773	0.21241	0.20767	0.21465
0.28824	0.25305	0.27045	0.3575	0.38546	0.34879	0.48744	0.33348
0.42268	0.59363	0.45008	0.34553	0.36854	0.41503	0.5248	0.34015
0.22123	0.25041	0.25263	0.22116	0.23531	0.20518	0.26604	0.26171
0.34175	0.42057	0.38863	0.30358	0.32956	0.371	0.38644	0.30052
0.21663	0.25335	0.22132	0.26659	0.21946	0.22152	0.2477	0.34436
0.31381	0.4213	0.54337	0.28166	0.27892	0.22718	0.27319	0.3514
0.24814	0.2247	0.16473	0.21821	0.20851	0.19633	0.23032	0.2317
0.18433	0.21641	0.23693	0.21951	0.18907	0.1988	0.20946	0.22096
0.3079	0.23015	0.21958	0.27233	0.22023	0.21864	0.19404	0.30932
0.42146	0.43728	0.45854	0.41461	0.49685	0.43359	0.36537	0.33297
0.42096	0.31966	0.32502	0.26507	0.36266	0.24883	0.27739	0.26511
0.18028	0.22546	0.3493	0.17483	0.1495	0.18954	0.16691	0.23549
0.26897	0.33154	0.36793	0.28485	0.258	0.37532	0.30651	0.2783
0.39826	0.34172	0.31503	0.39191	0.42461	0.47467	0.5022	0.32196
0.32057	0.23948	0.31257	0.26948	0.29933	0.42477	0.33897	0.36155
0.34834	0.35246	0.39176	0.47618	0.45204	0.31549	0.41709	0.50823
0.39485	0.45176	0.43161	0.29479	0.4342	0.37331	0.52236	0.4648
0.52975	0.32439	0.53048	0.26487	0.33187	0.30538	0.2581	0.31298
0.34803	0.36229	0.45867	0.40216	0.43615	0.33136	0.31278	0.37007
0.26723	0.26946	0.24015	0.28815	0.26503	0.27184	0.22786	0.32736
0.93465	0.48675	0.57372	0.42259	0.37283	0.35003	0.58172	0.43871
0.5997	0.38047	0.56105	0.34697	0.26173	0.31053	0.37262	0.43637
0.48972	0.4751	0.46983	0.45749	0.43241	0.4147	0.36939	0.485
0.34813	0.5205	0.55381	0.32779	0.34313	0.30142	0.33583	0.36411
0.42516	0.76016	0.56101	0.39977	0.35502	0.33843	0.3549	0.41213
0.29181	0.35428	0.34466	0.27924	0.31991	0.27262	0.23882	0.35564
0.44897	0.54066	0.58075	0.37563	0.63822	0.48209	0.30663	0.45711
0.46084	0.33894	0.55234	0.39621	0.44319	0.53059	0.38281	0.55611
0.17321	0.28661	0.60481	0.18967	0.26491	0.20926	0.24166	0.28385
0.44715	0.60143	0.51006	0.35551	0.31635	0.42807	0.49043	0.38648
0.6055	0.61244	0.60637	0.27034	0.45189	0.26196	0.31421	0.31535
0.3206	0.21772	0.28813	0.25481	0.19075	0.19994	0.16277	0.35924
0.31299	0.32218	0.37169	0.35925	0.23003	0.25621	0.27904	0.23322
0.23111	0.31922	0.2272	0.20594	0.21834	0.31251	0.21418	0.35846
0.75889	0.51988	0.3266	0.31829	0.28033	0.33124	0.54397	0.45914
0.47769	0.62085	0.82642	0.39997	0.42875	0.42467	0.39551	0.44548
0.47986	0.41155	0.39104	0.30246	0.34777	0.4988	0.39557	0.42298
0.34739	0.61542	0.34695	0.42061	0.52809	0.64738	0.4692	0.31567
0.33594	0.33608	0.4507	0.28012	0.37605	0.3764	0.29594	0.36315
0.50872	0.38409	0.39938	0.2897	0.27107	0.31541	0.42155	0.55699
0.22204	0.2972	0.26444	0.17378	0.17561	0.16107	0.18801	0.17206
0.42428	0.32917	0.4171	0.45175	0.3519	0.35944	0.35273	0.50542
0.22123	0.23473	0.20229	0.19087	0.21537	0.18138	0.18493	0.21089
0.20975	0.49459	0.49844	0.21222	0.21282	0.29521	0.20501	0.21125
0.2517	0.46341	0.30776	0.50704	0.45547	0.26177	0.20447	0.34107
0.69058	0.75297	0.65739	0.43152	0.43809	0.41369	0.52672	0.52083
0.30273	0.26572	0.28858	0.21207	0.21226	0.16595	0.254	0.27502
0.24331	0.43366	0.36083	0.28695	0.28449	0.23924	0.30601	0.3526
0.31279	0.46134	0.57463	0.23085	0.20346	0.20411	0.26236	0.24408
0.47748	0.50359	0.49613	0.26163	0.28582	0.25512	0.36067	0.41797
0.26491	0.49242	0.40834	0.31366	0.30522	0.19534	0.29018	0.2649
0.24375	0.31364	0.20155	0.22161	0.23151	0.29935	0.24751	0.34302
0.22124	0.37871	0.3041	0.22667	0.35999	0.36402	0.2453	0.28551
0.52251	0.52396	0.56537	0.51213	0.45508	0.39891	0.50243	0.36559
0.33827	0.6553	0.63485	0.28883	0.28105	0.36465	0.34067	0.36697
0.15379	0.28342	0.58902	0.1704	0.18203	0.17842	0.23597	0.25537
0.39866	0.3048	0.56084	0.26678	0.24709	0.34471	0.32512	0.28782
0.22053	0.4566	0.33052	0.28887	0.29502	0.24636	0.29139	0.27558
0.31479	0.41566	0.52155	0.30609	0.27373	0.26985	0.22689	0.47385
0.42637	0.34831	0.45267	0.28614	0.2832	0.35576	0.46241	0.33326
0.3488	0.54666	0.36579	0.35896	0.25286	0.32523	0.31352	0.32734
0.29386	0.33557	0.235	0.29245	0.21114	0.35298	0.25822	0.33359
0.30839	0.32526	0.56112	0.26291	0.3991	0.37319	0.30132	0.27532
0.41246	0.53496	0.30385	0.30883	0.35361	0.41076	0.36848	0.34822
0.34365	0.28108	0.45793	0.2935	0.26383	0.27466	0.33505	0.33859
0.63078	0.79662	0.5814	0.40898	0.48431	0.46229	0.38236	0.73348
0.25047	0.26762	0.38248	0.25993	0.24065	0.24619	0.23011	0.22094
0.42176	0.46876	0.66707	0.49247	0.52776	0.46099	0.42442	0.5209
0.41775	0.47132	0.2868	0.28783	0.24777	0.22947	0.2741	0.35657
0.50476	0.36808	0.40618	0.26129	0.27711	0.37232	0.4267	0.38732
0.33596	0.45162	0.5763	0.40313	0.38237	0.35393	0.2095	0.37651
0.14041	0.37621	0.20947	0.24795	0.26961	0.23777	0.20806	0.31173
0.39773	0.27579	0.34464	0.2475	0.20929	0.18707	0.25665	0.39891
0.25587	0.47852	0.30543	0.32402	0.20873	0.25643	0.20912	0.30344
0.5434	0.41151	0.50142	0.34374	0.54308	0.49414	0.31884	0.33028
0.23642	0.2202	0.45992	0.22078	0.31673	0.22935	0.20348	0.2224
0.4884	0.31198	0.28099	0.28855	0.36756	0.28697	0.35586	0.34302
0.22881	0.22342	0.29755	0.26163	0.25125	0.19636	0.33262	0.43292
0.52372	0.48383	0.50178	0.54314	0.38133	0.49874	0.41461	0.74394
0.27561	0.23444	0.20917	0.19934	0.18389	0.16771	0.15059	0.15184
0.76152	0.55477	0.61332	0.69157	0.68833	0.53932	0.4652	0.96564
0.26597	0.27247	0.28829	0.23634	0.22685	0.25686	0.28604	0.31174
0.26311	0.35329	0.40494	0.24079	0.25825	0.30167	0.34609	0.31642
0.28936	0.29579	0.36847	0.26029	0.22467	0.26919	0.33433	0.30587
0.13773	0.2149	0.22394	0.16331	0.1544	0.15959	0.17536	0.19187
0.3748	0.43572	0.54685	0.44588	0.40317	0.34315	0.3335	0.54212
0.29954	0.40568	0.28922	0.32848	0.29266	0.2535	0.38066	0.33759
0.3735	0.3182	0.59009	0.36861	0.27896	0.30341	0.44491	0.37472
0.24826	0.33808	0.28882	0.24404	0.31868	0.26295	0.26195	0.35179
0.37964	0.54754	0.5615	0.4363	0.49742	0.43082	0.37144	0.47029
0.41318	0.357	0.42163	0.29388	0.35919	0.28705	0.22317	0.29321
0.17697	0.22205	0.26968	0.19985	0.1725	0.15498	0.21578	0.22079
0.48213	0.31483	0.45658	0.32978	0.27746	0.26059	0.42377	0.45614
0.29937	0.33036	0.34691	0.32684	0.372	0.46011	0.42716	0.6858
0.29387	0.31479	0.33299	0.22806	0.18895	0.17934	0.27312	0.2226
0.39898	0.6225	0.4953	0.38735	0.45299	0.51555	0.59877	0.51315
0.35703	0.46793	0.90274	0.23672	0.40068	0.23471	0.40438	0.36595
0.30044	0.38865	0.4108	0.22154	0.2545	0.29342	0.29611	0.45405
0.19566	0.21938	0.36829	0.26343	0.23761	0.22528	0.23308	0.21637
0.31846	0.24944	0.33447	0.31052	0.31538	0.46183	0.27818	0.35427
0.34527	0.38361	0.39288	0.33913	0.49466	0.33318	0.33863	0.31731
0.69107	0.38007	0.94429	0.52215	0.40102	0.42678	0.66172	0.48176
0.31628	0.26224	0.28567	0.27871	0.35724	0.44442	0.30409	0.34455
0.73083	0.64112	0.5856	0.72791	0.30744	0.64962	0.46669	0.53087
0.53149	0.57193	0.56121	0.53661	0.6948	0.63312	0.46178	0.68773
0.33537	0.34206	0.41767	0.2801	0.26905	0.43544	0.31283	0.3633
0.36329	0.25538	0.39903	0.24147	0.29419	0.45671	0.35181	0.30284
0.28913	0.26388	0.42456	0.28544	0.21066	0.345	0.21114	0.34596
0.3638	0.28308	0.36266	0.29716	0.26978	0.23184	0.26788	0.40992
0.20704	0.26142	0.19411	0.33564	0.27735	0.26485	0.28474	0.23959
0.69456	0.38601	0.66754	0.68891	0.50323	0.4273	0.48904	0.58319
0.44053	0.36865	0.3366	0.35852	0.43312	0.37188	0.30308	0.50806
0.56945	0.36802	0.31613	0.42969	0.33938	0.3726	0.40017	0.41975
0.28993	0.27559	0.34676	0.28634	0.24046	0.19273	0.17572	0.23536
0.40813	0.3713	0.44652	0.36604	0.53334	0.40367	0.23073	0.56478
0.36632	0.32606	0.28218	0.26884	0.23386	0.26015	0.28572	0.32338
0.51624	0.42313	0.46544	0.45822	0.44361	0.41223	0.4927	0.37535
0.13129	0.21484	0.2543	0.21996	0.19589	0.19465	0.28492	0.26891
0.29677	0.21413	0.22683	0.32608	0.2872	0.3504	0.36912	0.37974
0.30982	0.29979	0.19859	0.28339	0.25056	0.20637	0.17711	0.2922
0.34881	0.53053	0.47871	0.39667	0.43805	0.5214	0.31789	0.47513
0.23754	0.26149	0.23565	0.22232	0.25494	0.28614	0.24505	0.24888
0.30549	0.25547	0.49071	0.35782	0.24127	0.27115	0.23876	0.24135
0.32794	0.30487	0.32071	0.18478	0.17607	0.14671	0.25259	0.26362
0.28776	0.35548	0.33317	0.26266	0.33997	0.19635	0.25025	0.30074
0.2925	0.31174	0.42025	0.30081	0.25445	0.34597	0.27251	0.3112
0.43146	0.34997	0.60398	0.31816	0.50703	0.40772	0.3896	0.41301
0.43757	0.46591	0.46497	0.40096	0.78016	0.46819	0.57512	0.44994
0.21193	0.24837	0.35544	0.23579	0.2269	0.17297	0.24221	0.248
0.28919	0.2613	0.32348	0.21605	0.25378	0.29071	0.21604	0.23204
0.25626	0.31704	0.258	0.25281	0.20819	0.33708	0.21202	0.25054
0.19906	0.19269	0.22064	0.24881	0.28334	0.25663	0.19187	0.26994
0.32638	0.30148	0.41673	0.2285	0.29186	0.30619	0.36345	0.34731
0.32887	0.2367	0.16595	0.30509	0.28294	0.4059	0.28613	0.32157
0.28816	0.23782	0.31807	0.2464	0.27983	0.31864	0.2742	0.25112
0.26933	0.31208	0.35098	0.18606	0.154	0.24237	0.1961	0.19413
0.30289	0.54181	0.33874	0.31589	0.36135	0.35133	0.40387	0.32326
0.2387	0.42537	0.62555	0.28927	0.27322	0.23538	0.24965	0.23003
0.29988	0.22204	0.3049	0.20436	0.21085	0.2508	0.20106	0.24418
0.39294	0.31516	0.42199	0.34774	0.36665	0.34133	0.34388	0.55447
0.33606	0.31022	0.44882	0.31584	0.34616	0.49424	0.34351	0.36781
0.33803	0.59878	0.61688	0.34226	0.30305	0.3597	0.35996	0.58588
0.23305	0.23794	0.45658	0.18021	0.18756	0.19539	0.21593	0.25747
0.23408	0.5142	0.22675	0.5726	0.30551	0.42021	0.62005	0.2751
0.22292	0.18224	0.19022	0.22103	0.2479	0.17577	0.20499	0.18331
0.43988	0.43391	0.48371	0.23289	0.25427	0.21085	0.21319	0.33601
0.40588	0.42863	0.42134	0.32279	0.37793	0.39785	0.32098	0.48417
0.62176	0.43424	0.30103	0.37304	0.30627	0.3935	0.51445	0.26951
0.24165	0.34433	0.33045	0.1895	0.25531	0.23605	0.22279	0.30635
0.24433	0.17137	0.27714	0.1995	0.17618	0.18502	0.22637	0.23313
0.5533	0.52835	0.92244	0.62796	0.85152	0.62884	0.4307	0.67494
0.35075	0.42642	0.47044	0.44154	0.41325	0.28718	0.44292	0.44877
0.59316	0.34337	0.51399	0.24858	0.30753	0.20387	0.37472	0.35458
0.38855	0.39397	0.56012	0.33421	0.36147	0.24004	0.32685	0.41278
0.31761	0.28276	0.47958	0.42538	0.26927	0.3302	0.45476	0.35286
0.22608	0.26239	0.35535	0.19828	0.2121	0.24474	0.32193	0.21607
0.49858	0.30939	0.57799	0.23973	0.30718	0.19837	0.32807	0.35141
0.48423	0.56041	0.66724	0.52943	0.52227	0.61948	0.57776	0.66222
0.32885	0.42212	0.55936	0.32157	0.42394	0.49668	0.43853	0.457
0.37877	0.50582	0.56489	0.32772	0.36495	0.40963	0.38494	0.39118
0.56921	0.36686	0.40542	0.56122	0.3413	0.33632	0.37852	0.56789
0.33631	0.33696	0.4476	0.45003	0.40054	0.39985	0.43562	0.36606
0.3897	0.46392	0.42936	0.43184	0.50954	0.41096	0.40915	0.73181
0.50622	0.59337	0.48357	0.3985	0.36214	0.37147	0.26254	0.34841
0.34799	0.29634	0.55453	0.2803	0.2827	0.31015	0.30062	0.39449
0.3816	0.4087	0.28423	0.26314	0.38512	0.30936	0.40194	0.30423
0.35808	0.32587	0.63411	0.24394	0.27711	0.19692	0.27932	0.30095
0.40931	0.35027	0.39678	0.4614	0.34224	0.39663	0.28595	0.48044
0.36379	0.36074	0.52672	0.36458	0.37001	0.31388	0.28692	0.39289
0.30647	0.30891	0.46206	0.27097	0.38972	0.43428	0.3868	0.27888
0.43264	0.30945	0.68502	0.28959	0.40253	0.28824	0.31748	0.34294
0.43237	0.25785	0.315	0.24263	0.30506	0.3108	0.36225	0.33187
0.43028	0.42314	0.48982	0.44422	0.4228	0.40216	0.6784	0.5404
0.41848	0.4913	0.47384	0.43683	0.44493	0.44967	0.48064	0.5695
0.32037	0.39566	0.43796	0.24393	0.29096	0.30013	0.3212	0.47919
0.23054	0.2727	0.23653	0.17018	0.18787	0.18306	0.21987	0.22388
0.25337	0.26644	0.31969	0.17955	0.25206	0.17366	0.15454	0.20682
0.25718	0.17885	0.34806	0.21069	0.24606	0.25735	0.20591	0.2396
0.30629	0.30038	0.25263	0.39842	0.35529	0.28294	0.34483	0.3376
0.54333	0.49225	0.40618	0.59657	0.62131	0.61941	0.46788	0.94324
0.28054	0.22023	0.37759	0.2048	0.29816	0.24538	0.2324	0.19972
0.33426	0.45671	0.4728	0.44511	0.46271	0.50921	0.42616	0.31164
0.34527	0.41355	0.38141	0.34186	0.42483	0.35218	0.37458	0.37604
0.471	0.42908	0.46611	0.41059	0.41366	0.35507	0.35495	0.46292
0.33284	0.38043	0.32981	0.24811	0.38917	0.28281	0.45069	0.3188
0.85652	0.53273	0.83167	0.60233	0.56591	0.62378	0.62392	0.73361
0.51525	0.6491	0.39142	0.30816	0.28456	0.3735	0.41153	0.36293
0.19459	0.23404	0.38692	0.34344	0.27386	0.37913	0.3043	0.40561
0.53687	0.3417	0.44556	0.28737	0.22244	0.25182	0.28082	0.58622
0.48064	0.40604	0.31239	0.29167	0.29345	0.35744	0.25185	0.31654
0.2988	0.42787	0.41178	0.28717	0.29334	0.29558	0.35491	0.41057
0.26703	0.28543	0.31767	0.27939	0.2865	0.22753	0.32833	0.236
0.23909	0.26784	0.26221	0.21401	0.26469	0.20628	0.27043	0.18891
0.25308	0.29164	0.26634	0.28289	0.23654	0.27496	0.17753	0.25897
0.35939	0.84677	0.41427	0.7603	0.53398	0.35995	0.52156	0.5595
0.34456	0.39983	0.4802	0.35096	0.37703	0.39034	0.48322	0.45648
0.25571	0.21577	0.69891	0.33325	0.25538	0.30555	0.25642	0.27258
0.23516	0.19486	0.44148	0.34773	0.34286	0.31542	0.40423	0.54369
0.49975	0.61684	0.59934	0.42413	0.32853	0.4846	0.47646	0.59002
0.17938	0.27554	0.30483	0.24044	0.21241	0.18609	0.32431	0.23058
0.69181	1.2556	0.95557	0.4427	0.49564	0.5615	0.83831	0.61107
0.43003	0.44251	0.71795	0.29316	0.36839	0.36545	0.48103	0.3407
0.35415	0.40288	0.37841	0.43163	0.48567	0.79119	0.26033	0.39361
0.37384	0.46219	0.4622	0.36999	0.26928	0.3595	0.41901	0.28384
0.28196	0.31347	0.44499	0.31797	0.31153	0.28291	0.31427	0.3115
0.28887	0.23809	0.26837	0.28883	0.35817	0.27238	0.24239	0.4392
0.38731	0.62554	0.87548	0.26617	0.24459	0.32989	0.28436	0.34954
0.18997	0.24322	0.2787	0.20517	0.3614	0.30763	0.17605	0.25873
0.22604	0.21929	0.37278	0.27446	0.17579	0.16355	0.19577	0.23508
0.25243	0.33373	0.39498	0.21447	0.22931	0.24516	0.20969	0.23053
0.20455	0.28754	0.30182	0.1894	0.27053	0.21173	0.24046	0.19308
0.47145	0.39976	0.26861	0.43417	0.36345	0.34665	0.33406	0.48954
0.19986	0.2651	0.35219	0.21816	0.22025	0.1761	0.21311	0.19842
0.32341	0.39156	0.3803	0.32094	0.29983	0.24899	0.31891	0.33973
0.32382	0.27619	0.41675	0.26257	0.22843	0.28307	0.22837	0.38081
0.31929	0.43092	0.216	0.2158	0.2509	0.27692	0.23103	0.29458
0.2868	0.43815	0.36401	0.20231	0.20818	0.1689	0.21886	0.19134
0.24326	0.24038	0.2666	0.24189	0.2237	0.22299	0.21054	0.26071
0.21276	0.16537	0.38314	0.19108	0.15807	0.13417	0.23842	0.1864
0.34952	0.64004	0.58469	0.68421	0.75169	0.33102	0.56997	0.74857
0.22853	0.22052	0.32134	0.24852	0.25117	0.15806	0.21507	0.23503
0.19837	0.26237	0.34261	0.22372	0.25646	0.21966	0.23767	0.21635
0.25077	0.28629	0.40699	0.2015	0.17791	0.17249	0.19399	0.25451
0.53534	0.59139	0.62013	0.4895	0.39149	0.48506	0.47602	0.63744
0.25517	0.4449	0.38713	0.26195	0.26122	0.25707	0.37269	0.27962
0.24119	0.27429	0.3915	0.27998	0.29441	0.28792	0.22622	0.22623
0.35936	0.37351	0.4311	0.41179	0.31656	0.39229	0.27304	0.34109
0.26885	0.28749	0.30742	0.18116	0.20407	0.20885	0.20538	0.26182
0.27844	0.259	0.40034	0.27867	0.2242	0.22398	0.15689	0.16522
0.67468	0.39982	0.78798	0.58587	0.51231	0.42064	0.50444	0.51295
0.40409	0.34186	0.60163	0.44329	0.49124	0.42836	0.35533	0.46931
0.16572	0.24676	0.24098	0.2334	0.22157	0.21523	0.15436	0.22442
0.22858	0.33856	0.28664	0.19947	0.21219	0.25228	0.19245	0.26106
0.4867	0.44511	0.40269	0.3123	0.34141	0.25249	0.38664	0.57013
0.20781	0.27341	0.24826	0.25644	0.24595	0.22068	0.23192	0.24332
0.24931	0.36172	0.22964	0.34733	0.33367	0.35301	0.24958	0.37759
0.26098	0.40037	0.47199	0.27075	0.2117	0.27977	0.29251	0.30543
0.46303	0.38673	0.24996	0.46482	0.42127	0.37921	0.51079	0.60794
0.24435	0.39197	0.44424	0.29065	0.27406	0.23599	0.32826	0.21143
0.33665	0.35287	0.34365	0.29351	0.35964	0.357	0.33682	0.38653
0.49134	0.32681	0.38903	0.40624	0.34711	0.35356	0.39158	0.33567
0.28466	0.30739	0.57361	0.26456	0.25152	0.30061	0.266	0.27433
0.61525	0.36912	0.42049	0.33707	0.23042	0.25659	0.2803	0.29041
0.29797	0.35536	0.41889	0.31776	0.25423	0.44634	0.40535	0.45982
0.35025	0.35074	0.37454	0.37664	0.39533	0.46859	0.3745	0.44517
0.34747	0.33346	0.3326	0.33903	0.24423	0.25377	0.40603	0.2887
0.27776	0.13485	0.14492	0.19719	0.266	0.20354	0.21055	0.30871
0.25199	0.25055	0.284	0.22065	0.2173	0.26032	0.30219	0.28365
0.31289	0.27169	0.30369	0.26005	0.31221	0.38279	0.25605	0.27606
0.36056	0.2427	0.50069	0.42597	0.4408	0.32949	0.52731	0.46755
0.28407	0.4196	0.32679	0.23722	0.21929	0.28643	0.2223	0.23744
0.31945	0.23302	0.27917	0.20176	0.20245	0.20952	0.22773	0.19857
0.21849	0.36527	0.31215	0.23132	0.2027	0.29927	0.2558	0.23089
0.32362	0.35268	0.39142	0.23325	0.27265	0.25406	0.28633	0.35785
0.26634	0.2453	0.19455	0.33676	0.29624	0.28051	0.25338	0.24184
0.40471	0.60072	0.56481	0.49611	0.31807	0.4349	0.31895	0.40505
0.19108	0.19274	0.19502	0.30184	0.23294	0.16553	0.20597	0.1793
0.27323	0.19695	0.27149	0.24146	0.31807	0.22081	0.18136	0.26276
0.44876	0.39071	0.30874	0.31995	0.38177	0.42227	0.30785	0.3511
0.57659	0.46092	0.51177	0.34232	0.29655	0.34973	0.5011	0.43203
0.32193	0.35962	0.46986	0.28344	0.29199	0.28771	0.37426	0.36709
0.22233	0.22573	0.22374	0.16228	0.18449	0.16019	0.16301	0.16938
0.24449	0.24939	0.39186	0.16326	0.14923	0.14774	0.1548	0.18031
0.45105	0.31018	0.30189	0.30677	0.37966	0.33528	0.33772	0.481
0.2317	0.24608	0.40735	0.27258	0.24023	0.22486	0.24606	0.27763
0.26265	0.25789	0.30936	0.22434	0.22073	0.21421	0.21406	0.23126
0.60001	0.54533	0.43006	0.32112	0.47203	0.44568	0.48269	0.85828
0.20373	0.16371	0.22333	0.21926	0.17529	0.21598	0.18202	0.22721
0.24454	0.32146	0.22415	0.32189	0.17066	0.25843	0.21032	0.23638
0.95353	0.49788	0.55283	0.46647	0.4581	0.44362	0.99838	0.49526
0.16978	0.28005	0.38296	0.191	0.16321	0.16844	0.17628	0.19266
0.3518	0.331	0.27836	0.3433	0.24035	0.29839	0.33818	0.29977
0.36205	0.51566	0.47673	0.44882	0.33077	0.40385	0.29426	0.46185
0.26123	0.27691	0.21302	0.18821	0.24713	0.19751	0.21211	0.25878
0.64608	0.42908	0.3154	0.40831	0.261	0.23355	0.27757	0.18314
0.15441	0.19026	0.23882	0.13936	0.20287	0.14749	0.15398	0.15471
0.33673	0.30542	0.25207	0.31882	0.2619	0.30117	0.37048	0.28179
0.41164	0.41909	0.46239	0.48059	0.40011	0.37219	0.29155	0.43865
0.39619	0.57893	0.71352	0.43455	0.29499	0.36967	0.41087	0.5646
0.31478	0.28346	0.34993	0.23216	0.28381	0.29067	0.25574	0.27114
0.20883	0.34852	0.29083	0.2599	0.33027	0.25436	0.26365	0.34034
0.25562	0.18019	0.24047	0.23318	0.20238	0.19028	0.26774	0.26583
0.27307	0.36459	0.44385	0.24094	0.25425	0.19417	0.20679	0.28597
0.26764	0.46714	0.35353	0.37597	0.26184	0.41367	0.37272	0.33778
0.15687	0.15127	0.17629	0.14825	0.13499	0.12681	0.13092	0.1623
0.51035	0.49117	0.68207	0.61108	0.67361	0.51589	0.44088	0.53326
0.66724	0.8967	0.77567	0.50129	0.95822	0.5162	0.58368	0.6746
0.44842	0.32849	0.25414	0.2714	0.26155	0.36078	0.32663	0.30886
