11.961
15.714
19.625
37.109
11.437
12.052
66.261
35.587
19.323
15.291
48.513
26.535
20.508
11.211
10.581
10.667
6.661
12.3
21.96
50.9
7.3637
14.239
4.1235
3.2093
43.326
18.02
6.9656
25.163
21.416
28.104
38.678
26.69
32.462
29.951
22.531
23.423
19.027
6.627
65.995
87.269
21.36
20.7
21.95
27.274
34.82
32.614
9.2187
12.781
13.791
42.022
9.9638
19.275
11.463
12.268
24.974
6.5407
10.519
10.85
55.986
21.699
11.427
9.9724
5.4895
8.5394
5.8501
41.588
17.676
16.31
34.586
28.312
22.902
11.742
8.8332
12.865
16.974
6.3247
20.199
56.958
15.892
43.646
6.6387
5.823
89.676
24.953
16.538
24.851
26.089
80.017
33.406
5.4763
8.6508
57.946
21.608
44.948
14.539
54.481
22.045
16.647
118.84
41.919
45.111
35.933
12.503
6.8256
45.399
13.064
21.882
9.7808
5.128
13.434
13.749
27.182
38.591
34.137
22.88
45.378
18.617
6.0072
6.7524
9.3386
6.7604
5.9505
21.46
19.449
4.847
10.175
8.214
35.458
30.322
12.129
66.901
25.087
6.2408
7.5803
12.448
4.7143
7.1947
52.762
18.831
47.699
11.254
11.438
10.336
20.765
5.2483
8.1502
31.417
19.038
5.0263
13.398
17.085
46.154
6.6772
18.666
6.4706
15.141
29.79
31.522
15.745
6.8866
26.873
41.511
8.2032
23.191
13.126
20.106
20.427
17.42
21.67
15.163
24.226
14.228
20.605
28.226
1.8716
6.6594
9.0243
2.9643
18.571
15.47
31.606
27.642
34.579
31.154
10.249
9.8981
53.476
5.3351
1.9743
20.747
13.538
14.403
18.209
12.577
9.1797
23.471
14.935
15.674
22.735
71.515
14.074
33.785
74.497
38.424
2.5701
7.6015
13.734
10.826
41.125
6.6376
13.372
23.152
16.783
77.394
20.597
16.552
3.9982
60.953
108.37
3.1792
13.954
45.238
30.513
5.0414
84.291
16.004
10.999
6.2344
39.898
27.13
9.6788
36.475
11.406
18.086
15.906
16.787
9.1705
14.558
20.147
17.18
38.247
13.994
11.703
22.424
17.378
3.4804
2.7377
32.472
28.864
20.273
16.94
21.636
12.312
17.525
14.738
35.009
5.2331
14.965
8.2451
15.605
64.115
7.3303
14.682
15.404
13.83
9.6367
6.9697
13.217
11.523
38.883
21.001
57.59
8.9973
12.87
8.0988
22.79
73.485
11.255
6.1108
34.526
9.1318
67.216
7.6007
22.468
5.3457
36.267
9.0839
87.194
45.509
8.8548
6.6132
5.1615
8.0591
18.784
10.653
96.2
14.746
12.799
12.963
50.755
11.989
11.987
24.092
26.372
17.375
19.01
6.3583
10.736
3.5707
39.364
11.351
17.948
97.4
8.7027
17.599
23.596
35.978
5.7171
12.966
18.024
7.1265
57.903
16.849
7.8601
12.362
6.178
18.474
20.52
12.339
12.643
4.0969
42.616
16.734
29.522
6.6897
11.861
11.103
15.93
25.12
36.173
8.6301
6.4378
30.149
16.294
22.854
15.587
24.407
20.677
15.74
54.323
62.559
15.721
35.1
23.375
17.506
8.1919
68.916
13.864
3.2603
15.241
15.66
10.671
11.06
4.8897
14.482
4.8286
18.837
6.2469
3.08
34.98
72.283
10.796
115.45
7.8504
13.076
37.109
17.798
57.922
20.574
7.9811
13.771
22.034
11.175
11.834
8.4663
9.134
3.7276
7.1823
37.556
18.575
31.703
11.333
38.685
5.1995
13.653
15.921
4.1333
6.2608
10.831
7.7391
13.571
8.6826
23.76
12.27
18.312
13.828
10.672
11.102
48.27
17.982
12.802
26.531
44.027
27.948
3.3479
15.559
17.13
41.245
7.4197
7.3246
5.3152
61.657
14.2
79.416
55.579
8.8909
16.914
44.369
21.791
19.102
84.836
3.249
47.691
3.2605
24.455
29.417
13.911
5.8573
70.271
17.144
8.9897
54.333
57.683
8.0093
10.463
18.878
9.6809
12.397
7.191
5.6548
26.081
12.364
50.881
13.792
25.019
11.055
2.8542
33.552
34.018
2.7398
7.0064
12.451
41.055
31.537
10.7
48.027
16.491
9.5846
33.636
8.2335
9.9868
24.166
1.8165
21.952
107.17
26.352
16.811
11.024
7.5694
16.695
17.472
34.591
8.9144
16.696
25.011
13.494
107.83
12.665
20.714
7.7528
11.293
38.3
59.86
14.579
3.5358
19.815
4.0225
3.5146
19.355
64.051
87.976
4.2168
8.7486
40.427
12.598
7.2642
6.1836
10.178
41.523
12.182
36.051
18.303
33.764
8.8553
23.234
9.1137
27.613
21.303
2.9671
21.035
7.7087
28.367
7.9327
11.29
11.653
7.0403
14.826
17.641
18.692
2.6607
7.2449
11.762
25.442
6.6587
6.0091
111.52
13.612
4.0758
13.548
15.963
64.2
46.963
57.42
14.284
17.891
5.0868
34.756
14.527
12.149
8.7802
26.032
14.377
11.489
19.331
13.558
37.609
18.628
39.573
6.3408
91.211
93.242
22.184
10.006
9.6035
57.952
14.104
17.873
5.0999
25.498
22.906
17.684
11.248
12.345
26.379
12.233
15.912
11.399
16.677
36.394
99.785
26.947
7.4239
2.032
139.42
9.4588
4.1502
12.204
36.307
31.715
35.448
6.2787
3.1385
19.704
62.658
60.661
60.101
20.641
13.618
9.5387
3.5239
73.264
6.9318
8.0044
4.3994
4.6156
48.139
32.695
74.652
21.973
3.8066
41.34
30.147
5.0958
24.788
15.251
23.416
26.352
5.4033
36.967
16.621
19.228
6.7088
8.2303
7.9154
37.808
14.913
4.5135
24.002
10.951
25.045
17.113
18.44
11.804
13.31
25.959
11.826
10.875
8.8343
4.0678
15.544
4.6997
13.628
12.988
38.482
77.757
11.491
44.013
53.123
14.586
16.954
4.3559
5.3077
15.106
17.987
30.829
13.021
13.501
23.253
13.423
3.9653
12.473
30.714
18.581
10.786
5.3154
5.3897
22.589
19.812
78.091
19.051
28.128
16.914
18.507
14.117
35.013
6.2832
31.985
12.673
10.978
19.817
15.477
10.704
12.674
44.103
15.955
19.463
8.8493
20.318
41.532
12.823
51.565
17.013
7.2356
5.8042
7.911
18.486
118.57
10.365
21.311
16.678
15.012
49.862
9.856
19.002
12.61
6.4428
19.11
33.976
34.978
3.3773
49.619
41.144
9.0581
1.3546
11.575
17.993
16.903
16.655
17.929
64.948
15.327
87.988
18.176
15.055
10.149
10.67
21.203
3.8536
8.2291
20.644
11.774
24.629
16.4
18.853
17.661
8.6916
9.8892
15.312
23.451
18.592
11.91
16.05
27.15
11.107
15.527
54.367
8.0399
43.176
33.343
6.0956
14.93
12.859
15.604
12.852
2.5018
11.725
11.518
5.2658
21.178
16.752
5.2832
15.916
31.388
23.673
7.1281
55.316
10.201
29.821
16.315
4.399
18.166
9.3399
19.411
4.993
1.6848
26.524
8.9864
18.021
14.045
7.7913
102.7
31.698
18.621
8.9932
17.048
14.256
12.804
32.983
17.994
10.072
24.873
9.3828
7.1164
9.7746
39.165
20.69
3.9535
8.961
17.474
47.265
7.7364
9.5568
1.9668
4.192
11.514
43.161
12.391
41.216
9.9906
7.4817
44.13
4.0757
9.7619
16.359
12.974
82.734
29.272
4.568
20.379
27.368
6.9708
84.053
17.542
18.769
18.325
54.714
44.339
40.246
23.51
33.862
116.61
1.7499
2.497
13.096
4.9363
9.6546
18.178
49.024
7.4885
14.242
6.1344
20.603
21.438
9.6049
26.196
66.861
45.752
47.844
8.5983
14.307
3.4795
19.433
10.029
11.67
4.5205
9.2347
17.079
4.5727
6.982
58.899
14.087
24.843
5.7286
41.112
20.458
11.216
14.226
17.147
9.0329
5.0561
8.834
6.1567
2.2416
10.932
15.319
28.287
10.014
22.778
7.1933
15.697
59.033
43.233
2.816
3.6147
4.4577
24.102
24.003
14.16
43.94
5.9657
19.591
41.192
0.8643
10.088
11.204
19.5
91.474
35.399
27.506
5.6611
8.9638
3.2535
9.8816
7.1361
7.0199
15.716
34.776
15.755
28.824
8.9393
17.394
18.595
9.9156
9.8469
8.3197
8.7205
14.717
6.4033
6.2155
42.735
40.497
21.225
8.6068
9.1282
5.215
32.952
26.409
11.56
10.581
9.5928
14.569
13.099
4.436
5.0991
19.428
14.958
15.752
5.5209
6.6198
15.95
59.295
38.206
1.7536
11.393
9.4242
64.059
14.784
11.709
13.076
18.804
50.515
11.197
47.581
9.6155
9.8825
4.4437
31.686
87.545
13.625
21.842
24.214
46.841
7.5324
12.421
15.087
5.9604
8.168
13.762
11.615
9.6355
15.794
23.936
41.937
40.908
63.118
3.0943
24.316
35.933
3.7242
6.4346
4.3172
91.166
10.279
28.977
9.7368
12.665
4.5904
40.102
3.938
70.747
14.971
18.543
8.0469
24.139
6.2427
8.8872
3.4282
36.225
2.0378
18.238
11.32
6.6128
24.456
26.593
39.415
20.414
84.451
7.0869
9.3795
23.271
28.352
3.3058
13.187
6.7835
3.4582
14.826
21.114
21.652
108.96
11.967
23.429
4.8075
15.488
8.4467
6.6236
31.25
7.0027
18.81
4.717
28.017
45.872
29.885
130.62
20.835
9.3125
36.921
7.2982
6.1844
11.84
15.415
4.8376
68.498
65.076
25.75
5.6652
7.7685
76.51
11.468
7.3857
51.227
