-0.45297
-0.42984
-0.64633
-0.81885
0.37146
-0.60027
-0.59427
-0.37209
-0.75279
-0.65709
-0.66805
-0.64283
-0.65949
-0.6565
-0.60717
-0.85384
-0.59529
-0.51556
-0.44407
-0.54674
-0.61654
-0.68708
-0.64825
-0.51541
-0.55842
-0.5954
-0.37798
-0.57444
-0.64621
-0.58929
-0.579
-0.45483
-0.71564
-0.65688
-0.41789
-0.63841
-0.55147
-0.53206
-0.2129
-0.55355
-0.62919
-0.65582
-0.70077
-0.54112
-0.48717
-0.57513
-0.66656
-0.53927
-0.55651
-0.51768
-0.30191
-0.49007
-0.68837
-0.77212
-0.41886
-0.64655
-0.55197
-0.74084
-0.5579
-0.44024
-0.43893
-0.44578
-0.60842
-0.24704
-0.60266
-0.70231
-0.85233
-0.60047
-0.56377
0.077092
-0.71816
-0.68853
-0.58582
-0.51751
-0.71054
-0.43156
-0.67894
-0.62313
-0.51119
-0.57435
-0.76909
-0.64815
-0.60008
-0.424
-0.54909
-0.40778
-0.5349
-0.63085
-0.52391
-0.68454
-0.5514
-0.38098
-0.40731
-0.6559
-0.17765
-0.62272
-0.65994
-0.59914
-0.61704
-0.48227
-0.67524
-0.92939
-0.7613
-0.70339
-0.41121
-0.36664
-0.58651
-1.0912
-0.45494
-0.68885
-0.48501
-0.6951
-0.58814
-0.40562
-0.41069
-0.60307
-0.65134
-0.50066
-0.60337
-0.71734
-0.60068
-0.38572
-0.51546
-0.36043
-0.5193
-0.48287
-0.44667
-0.43529
-0.69189
-0.58289
-0.54891
-0.60543
-0.48447
-0.66108
-0.60197
-0.30158
-0.39917
-0.39445
-0.59306
-0.4681
-0.69519
-0.54428
-0.67669
-0.51285
-0.65158
-0.56076
-0.41755
-0.58268
-0.48547
-0.40913
-0.36495
-0.67972
-0.59156
-0.58653
-0.38352
-0.7658
-0.66618
-0.60711
-0.62466
-0.31844
-0.3872
-0.54945
-0.55397
-0.27082
-0.36037
-0.49878
-0.38283
-0.57704
-0.79493
-0.2925
-0.47442
-0.52901
-0.55795
-0.69366
-0.39108
-0.42484
-0.39724
-0.595
-0.65315
-0.86808
-0.19729
-0.58697
-0.63382
-0.46476
-0.54344
-0.67697
-0.82992
-0.79268
-0.44444
-0.50459
-0.65738
-0.56329
-0.35902
-0.70261
-0.36765
-0.55478
-0.46018
-0.25886
-0.52718
-0.44935
-0.53219
-0.5342
-0.50046
-0.61298
-0.51883
-0.70427
-0.67018
-0.71431
-0.6089
-0.33645
-0.56592
-0.63606
-0.63842
-0.55247
-0.57073
-0.51972
-0.47467
-0.49854
-0.58185
-0.54869
-0.55522
-0.67014
-0.36602
-0.26861
-0.65446
-0.42826
-0.54658
-0.54701
-0.53827
-0.45238
-0.67414
-0.67478
-0.77086
-0.41961
-0.39202
-0.77186
-0.34623
-0.44906
-0.65547
-0.49118
-0.30993
-0.46345
-0.64601
-0.62177
-0.56647
-0.66481
-0.34811
-0.57808
-0.38802
-0.74679
-0.77947
-0.54941
-0.59545
-0.57171
-0.5805
-0.75895
-0.50435
-0.49842
-0.69938
-0.71724
-0.70164
-0.55767
-0.62816
-0.58159
0.16433
-0.48882
-0.27276
-0.69874
-0.53354
-0.11477
-0.56647
-0.60513
-0.87312
-0.54245
-0.51727
-0.58974
-0.25055
-0.63621
-0.42986
-0.61822
-0.29863
-0.4519
-0.43072
-0.40841
-0.69055
-0.42599
-0.36633
-0.69722
-0.37873
-0.70613
-0.47863
-0.17014
-0.57491
-0.35781
-0.56897
-0.68958
-0.65575
-0.5638
-0.61017
-0.57964
-0.77777
-0.54831
-0.5187
-0.56064
-0.47462
-0.45358
-0.23422
-0.20982
-0.49728
-0.68975
-0.70564
-0.64653
-0.44156
-0.29157
-0.48607
-0.47771
-0.68034
-0.45414
-0.69048
-0.49752
-0.62623
-0.46913
-0.38575
-0.61172
-0.56066
-0.73217
-0.4828
-0.60388
-0.60069
-0.46123
-0.85754
-0.51002
-0.71128
-0.53634
-0.54265
-0.56567
-0.50745
-0.36772
-0.59591
-0.54738
-0.63728
-0.48342
-0.52042
-0.37576
-0.47223
-0.21284
-0.727
-0.60493
-0.72024
-0.44346
-0.71025
-0.67405
-0.52124
-0.60199
-0.5839
-0.62029
-0.61614
-0.57074
-0.73811
-0.55996
-0.55431
-0.76314
-0.44223
-0.50882
-0.95542
-0.6142
-0.50809
-0.91563
-0.71251
-0.72725
-0.70534
-0.50657
-0.45288
-0.59199
-0.54621
-0.3973
-0.64563
-0.7173
-0.32097
-0.59493
-0.35362
-0.43039
-0.37905
-0.67805
-0.55782
-0.60936
-0.6666
-0.47568
-0.51829
-0.52166
-0.32481
-0.64907
-0.62603
-0.41534
-0.67877
-0.70645
-0.38551
-0.16908
-0.57192
-0.22953
-0.30976
-0.72478
-0.4741
-0.76555
-0.29531
-0.49751
-0.84709
-0.66219
-0.65371
-0.67385
-0.46885
-0.61926
-0.73516
-0.65073
-0.51833
-0.33144
-0.4714
-0.5928
-0.48383
-0.59901
-0.55814
-0.56481
-0.68779
-0.19642
-0.57798
-0.51044
-0.70272
-0.53716
-0.66637
-0.5559
-0.68093
-0.55126
-0.53286
-0.40991
-0.25854
-0.36003
-0.78051
-0.22233
-0.59446
-0.66211
-0.54407
-0.45498
-0.66436
-0.29083
-0.46916
-0.51839
-0.65627
-0.53261
-0.44744
-0.40108
-0.6534
-0.37285
0.003997
-0.71129
-0.63266
-0.77445
-0.59889
-0.36292
-0.51602
-0.54952
-0.46431
-0.52252
-0.14984
-0.67568
-0.42465
-0.53397
-0.51571
-0.41397
-0.8211
-0.62714
-0.48816
-0.41281
-0.63229
-0.55644
0.11783
-0.57989
-0.32458
-0.57484
-0.55255
-0.49741
-0.81065
-0.61504
-0.42907
-0.41804
-0.53831
-0.59981
-0.46103
-0.47416
-0.61873
-0.7081
-0.44949
-0.56246
-0.1828
-0.58389
-0.43183
-0.7052
-0.38171
-0.5774
-0.54895
-0.62641
-0.62202
-0.40749
-0.34198
-0.76081
-0.56061
-0.50348
-0.1292
-0.56802
-0.6967
-0.6818
-0.63404
-0.67877
-0.48983
-0.28245
-0.39683
-0.63393
-0.43139
-0.71923
-0.3518
-0.59156
-0.48133
-0.63432
-0.35985
-0.48405
-0.43294
-0.48986
-0.4731
-0.72272
-0.52359
-0.11161
-0.69544
-0.20253
-0.60218
-0.41503
-0.63727
-0.72931
-0.6757
-0.019754
-0.57428
-0.53956
-0.53969
-0.79559
-0.55639
-0.51813
-0.69832
-0.60239
-0.38603
-0.5498
-0.52792
-0.37689
-0.40784
-0.38111
-0.41389
-0.43252
-0.18831
-0.55953
-0.66455
-0.12943
-0.47783
-0.68207
-0.60025
-0.7747
-0.65021
-0.53051
-0.59866
-0.61771
-0.70383
-0.54166
-0.63955
-0.41393
-0.65993
-0.69776
-0.4997
-0.55456
-0.64282
-0.6237
-0.7232
-0.56005
-0.66221
-0.52668
0.31606
-0.48781
-0.80703
-0.70901
-0.43075
-0.52372
-0.54238
-0.32434
-0.57849
-0.63985
-0.49454
-0.54763
-0.33226
-0.5351
-0.474
-0.075329
-0.59436
-0.37182
-0.44569
-0.56646
-0.3185
-0.71461
-0.1537
-0.36929
-0.49856
-0.57491
-0.42876
-0.46786
-0.63
-0.59751
-0.42386
-0.6171
-0.59249
-0.67748
-0.46989
-0.72336
-0.46789
-0.2698
-0.52056
-0.51093
-0.67054
-0.48093
-0.54111
-0.71312
-0.71693
-0.54598
-0.16549
-0.5801
-0.60994
-0.68823
-0.52959
-0.56884
-0.48169
-0.35979
-0.227
-0.4861
-0.45539
-0.49304
-0.4353
-0.45902
-0.4806
-0.61695
-0.54938
-0.23787
-0.7247
-0.45067
-0.44545
-0.41858
-0.73407
-0.47864
-0.48493
-0.54323
-0.57421
-0.58158
-0.69532
-0.75114
-0.5622
-0.67434
-0.33826
-0.46913
-0.4775
-0.65218
-0.49579
-0.4248
-0.56134
-0.45228
-0.64239
-0.73804
-0.47002
-0.74174
-0.65007
-0.566
-0.62825
-0.56571
-0.43669
-0.77764
-0.38837
-0.7559
-0.58626
-0.3025
-0.40821
-0.49638
-0.80883
-0.73558
-0.53597
-0.60813
-0.55715
-0.3609
-0.5972
-0.25657
-0.7948
-0.53775
-0.51097
-0.61604
-0.69276
-0.67519
-0.66342
-0.66788
-0.56102
-0.51604
-0.48615
-0.60414
-0.66054
-0.39728
-0.55012
-0.59722
-0.27151
-0.4978
-0.47097
-0.71697
-0.56207
-0.3985
-0.55604
-0.41346
-0.49014
-0.6707
-0.49211
-0.7135
-0.40798
-0.58357
-0.41444
-0.36309
-0.52367
-0.5399
-0.64171
-0.55373
-0.53662
-0.55294
-0.47717
-0.53985
-0.41393
-0.51798
-0.84717
-0.40382
-0.46312
-0.57084
-0.60134
-0.82563
-0.49137
-0.71105
-0.61494
-0.56521
-0.73316
-0.71505
-0.51642
-0.75965
-0.70419
-0.50341
-0.53168
-0.48298
-0.54166
-0.63554
-0.51831
-0.63907
-0.34578
-0.69545
-0.69231
-0.70216
-0.67181
-0.35029
-0.52291
-0.3108
-0.35839
-0.78488
-0.45366
-0.24062
-0.47155
-0.75102
-0.53655
-0.63793
-0.61681
-0.62846
-0.43951
-0.57042
-0.69454
-0.69409
-0.42564
0.080336
-0.51343
-0.59223
-0.58115
-0.31719
-0.49357
-0.47909
-0.7037
-0.18863
-0.50333
-0.32059
-0.54668
-0.60138
-0.75129
-0.58713
-0.66662
-0.47078
-0.45943
-0.42106
-0.38518
-0.36688
-0.56339
-0.73393
-0.62277
-0.61032
-0.72163
-0.86787
-0.59825
-0.41509
0.0035979
-0.59336
-0.56888
-0.69457
-0.49562
-0.57155
-0.80667
-0.71814
-0.50596
-0.78727
-0.65981
-0.64554
-0.69571
-0.63664
-0.66509
-0.55734
-0.66198
-0.63804
-0.66084
-0.57927
-0.2377
-0.67534
-0.42188
-0.47846
-0.54633
-0.61207
-0.65634
-0.69941
-0.28992
-0.5548
-0.52146
-0.44247
-0.50667
-0.39405
-0.48432
-0.58513
-0.3205
-0.38935
-0.475
-0.43533
-0.7349
-0.41917
-0.67167
-0.38459
-0.5784
-0.48468
-0.552
-0.58394
-0.66865
-0.53072
-0.50524
-0.58388
-0.31573
-0.15222
-0.81407
-0.60264
-0.59289
-0.74412
-0.5723
-0.47794
-0.54942
-0.53558
-0.52801
-0.55878
-0.38583
-0.60709
-0.69484
-0.72097
-0.42676
-0.86228
-0.83704
-0.25143
-0.49352
-0.32215
-0.39433
-0.44395
-0.59469
-0.7278
-0.5471
-0.47412
-0.91435
-0.4842
-0.58831
-0.42018
-0.65615
-0.53881
-0.72131
-0.22447
-0.44291
-0.68
-0.19223
-0.83455
-0.53169
-0.43281
-0.36599
-0.4425
-0.60802
-0.78654
-0.74794
-0.63888
-0.73484
-0.65162
-0.55474
-0.52946
-0.49948
-0.29159
-0.1946
-0.5261
-0.46246
-0.40214
-0.64418
-0.66058
-0.26333
-0.60414
-0.63163
-0.62243
-0.48916
-0.32929
-0.5677
-0.63045
-0.28491
-0.56709
-0.63466
-0.60614
-0.81462
-0.60997
-0.36827
-0.56061
-0.65833
-0.64948
-0.61886
-0.67864
-0.72015
-0.5999
-0.32929
-0.54595
-0.57907
-0.63288
-0.69781
-0.46629
-0.48366
-0.22995
-0.6932
-0.50535
-0.69163
-0.42929
-0.60133
-0.61254
-0.741
-0.53322
-0.53788
-0.44596
-0.49041
-0.64986
-0.40198
-0.55634
-0.20047
-0.592
-0.62248
-0.84695
-0.50349
-0.40404
-0.73082
-0.81767
-0.59439
-0.46323
-0.41713
-0.50605
-0.63081
-0.5245
-0.48293
-0.37904
-0.70225
-0.3556
-0.54894
-0.46668
-0.79918
-0.64934
-0.66457
-0.33909
-0.57784
-0.86382
-0.48981
-0.61229
-0.57337
-0.77901
-0.8211
-0.51539
-0.41659
-0.43688
-0.58116
-0.5352
-0.51373
-0.60149
-0.27449
-0.49781
-0.60534
-0.61607
-0.41058
-0.80772
-0.62052
-0.66956
-0.48135
-0.55625
-0.69672
-0.64861
-0.67048
-0.31524
-0.83108
-0.61748
-0.49228
-0.54497
-0.64465
-0.49795
-0.44521
-0.43132
-0.70019
-0.4569
-0.76353
-0.69969
-0.62297
-0.76624
-0.61043
-0.46674
-0.59043
-0.34625
-0.34489
-0.59072
-0.4508
-0.61735
-0.41948
-0.48875
-0.7113
-0.54042
-0.61555
-0.49291
-0.82517
-0.29588
-0.49594
-0.85941
-0.41618
-0.26234
-0.23533
-0.4601
