-0.69323	0.046576	-0.60846	-0.17249	0.045618	0.07048	0.57364	-0.62765
-0.54429	-0.059101	-0.42295	0.16863	0.016804	-0.43121	0.0099174	-0.8308
-0.75074	-0.15	-0.19791	-1.0209	-0.34644	-0.076387	0.45857	-0.82766
-0.53174	-1.0261	-0.84392	0.98172	0.14814	0.43847	-0.49212	-1.061
-0.084377	-0.39233	-0.29916	-0.15491	0.20269	0.31616	0.064256	-0.79674
-0.96423	0.5797	-0.14995	-0.21979	-0.05555	0.10656	0.3687	-0.31123
-1.8066	-0.11187	0.28158	-0.76623	0.50315	0.68111	0.4776	-1.3068
-1.1939	0.098533	-0.17556	-0.55807	0.17656	0.1696	0.41393	-1.0646
-0.20146	-0.43886	0.54336	-0.019817	0.18599	0.0072179	0.33095	-0.21318
-0.59427	0.071809	-0.34664	-0.26332	-0.23555	-0.12587	-0.01412	-0.93332
-0.53612	0.56578	0.23537	0.28559	0.14461	0.082739	0.16118	-0.3127
-0.35573	-0.60603	-0.55262	0.14102	-0.004957	-0.0062838	0.34216	-0.76083
-0.37252	0.15189	-0.22026	-0.34655	0.1772	-0.19267	-0.011009	-0.5132
-0.36543	0.28125	-0.44266	-0.10475	-0.0063163	-0.11499	-0.019249	-0.34257
-0.22071	0.63424	0.2629	-0.11723	0.11803	0.20772	0.15047	-0.11309
-0.61121	0.28372	-0.3726	-0.076605	-0.034248	0.11857	0.30286	-0.45573
-0.17923	0.3752	0.24081	-0.44191	0.031434	-0.28742	0.27638	0.01343
-1.2948	-0.42016	0.27974	0.25333	-0.56295	0.046792	-0.034727	-0.80986
-0.6114	-0.11242	-0.2245	0.092942	-0.046985	0.20089	0.22453	-0.51202
-0.59595	0.13579	-0.1259	-0.23305	0.55592	0.032724	0.24048	-0.61846
-0.13134	-0.13508	0.21999	-0.48619	0.15979	0.03459	0.52603	-0.68692
0.19391	-0.12612	-0.073234	-0.38659	-0.046395	0.10935	0.3857	-0.29071
-0.068228	0.12518	0.19168	0.4646	0.82284	-0.2359	0.1789	-0.2789
-0.2477	-0.088364	0.052516	0.21274	-0.34339	-0.25278	0.18971	-0.12462
-0.36408	0.37919	-0.46457	-0.41269	0.28924	0.60899	0.43995	-0.40895
-0.34156	0.04886	-0.4634	-0.40708	0.31454	-0.34112	0.35206	0.15615
-0.25506	-0.24247	-0.30527	-0.18341	0.059656	-0.048959	0.07239	0.037039
-1.6909	0.077365	-0.60271	0.16368	0.45509	0.31227	1.0596	0.3712
-0.34956	-0.19707	-0.2587	-0.027602	-0.10829	0.23582	0.045648	-0.54915
-0.88391	0.096868	-0.61972	-0.17078	-0.43957	0.17016	-0.28132	-0.36916
-0.24146	0.40078	-0.0039423	0.6958	-0.30506	0.030743	1.0344	-0.25564
-0.77261	0.011679	0.24468	-0.9209	0.28866	0.027165	0.81358	-1.0184
0.68356	0.58082	0.70559	0.57074	-0.40273	-0.74853	-0.10626	0.75514
-0.76823	0.36098	-0.7376	0.22221	-0.17262	-0.024212	0.17969	-0.21371
-0.45073	0.24485	-0.43723	-0.42358	-0.038999	-0.18841	0.27732	-0.91402
-0.51516	-0.40928	-0.19327	0.0091473	0.061129	-0.049592	-0.25332	-0.30046
-0.59917	0.15429	-0.33049	-0.096206	-0.18387	0.41577	0.1044	-0.58494
-0.50564	-0.059937	-0.7029	-0.041188	-0.19329	0.23384	0.26053	-0.30759
-0.69515	-0.1622	0.063075	0.010043	0.017602	-0.01353	0.20133	-0.38943
-0.58193	-0.057126	-0.59408	-0.42658	0.050898	0.24692	0.010538	0.1004
-1.0648	-0.041349	-0.086568	-0.045246	0.33695	0.14322	0.4947	-0.51662
-1.2693	-0.17857	-0.28549	0.47198	0.18698	0.28615	0.78647	-0.47503
-0.68862	-0.046472	-0.84249	-0.32857	-0.14717	0.090197	0.20633	-0.22835
-1.3298	-0.18386	0.2968	-0.092862	-0.044584	-0.54824	-0.86931	0.0077321
-0.044915	0.70204	-0.47156	-0.2699	0.059086	0.22431	0.5375	-1.0552
-0.22935	-0.10818	-0.088818	-0.011747	-0.40362	0.86401	0.13347	-0.63773
-0.93063	0.51305	-0.71774	-0.13489	-0.19736	0.086128	0.62828	-1.5228
-0.44143	-0.27838	-0.30378	0.20488	0.004861	0.14366	-0.016698	-0.43294
-1.1803	-0.074573	-0.54807	0.0014455	0.29546	0.44093	0.21844	-0.75892
-0.84599	0.005557	-0.56355	-0.36642	0.081704	0.48204	0.080585	-0.5849
-1.3792	-0.047073	-0.28835	-0.17356	-0.36478	-0.22261	0.40978	-0.77043
-0.50381	0.2441	0.043228	-0.20901	0.12346	-0.36729	0.16256	0.34904
-1.1787	-0.30479	-0.11462	-0.75453	0.070681	0.066723	0.94198	-0.63956
-0.31894	-0.18603	0.15611	0.056802	0.15933	0.2422	0.2211	-0.75525
-0.74764	0.4184	-0.52686	-0.32609	-0.020299	0.11922	0.88193	-0.75641
-0.28733	0.055726	-0.50476	-0.058533	-0.34941	0.42457	0.2361	-1.1327
-0.34542	0.22748	0.23656	-0.11573	0.38156	0.099697	0.63024	-0.58903
0.15481	-0.083555	-0.16139	-0.26497	-0.0695	0.39025	-0.048219	0.27116
-1.3472	0.20778	-0.50926	-0.70329	-0.10464	-0.362	0.044208	0.19914
-0.50753	0.090278	-0.048318	-0.075898	0.16354	0.1671	0.15419	-0.55037
-0.18894	-0.043078	0.1341	0.13328	0.25809	0.017925	0.072276	-0.20001
-0.75259	-0.10204	-0.87716	-2.1462e-05	0.47851	-0.20293	0.18488	-1.2039
-0.79408	0.021002	0.30421	-0.11405	-0.042614	0.16609	0.13056	-1.0276
-0.39245	0.31216	0.044732	-0.39378	-0.14648	0.50625	0.31455	-0.61254
-0.061636	0.19053	-0.38756	-0.85059	-0.50874	0.37562	-0.33417	0.38115
-0.26827	0.62137	-0.037815	-0.4733	0.16683	0.72142	-0.19765	-0.76997
-0.4976	0.054019	-0.37465	-0.3183	0.061444	0.628	0.38744	-0.82793
-0.98763	-0.42245	-0.42495	-0.15249	-0.74541	0.5855	0.61354	-0.51223
-0.29952	0.008247	-0.4086	-0.13664	-0.020592	0.076078	0.29351	-0.37831
-0.72245	-0.33998	-0.70343	-0.06606	-0.27819	0.34191	0.096579	-0.39848
-0.78101	-0.018585	-0.10099	-0.045431	-0.053929	-0.018604	0.17113	-0.4799
-0.98355	-0.17122	-0.61321	0.13352	0.68638	-0.41601	0.13988	-0.6882
-0.15724	0.013172	0.3734	-0.10981	-0.076564	-0.02505	0.081126	-0.30901
-0.78091	-0.15648	-0.2455	-0.33511	-0.068753	-0.29247	0.34851	-0.68629
-0.3546	-0.37376	-0.19242	-0.41839	-0.17738	0.037416	-0.00062132	-0.72222
-0.6865	0.18618	-0.19763	-0.10948	0.10774	0.12183	0.14886	-0.8347
-0.43867	-0.25858	-0.03861	-0.11044	0.034508	0.36551	0.24893	-0.55217
-0.66253	0.24314	-0.17667	-0.215	-0.28765	0.71891	0.30456	-0.92478
-0.31732	0.18062	-0.17655	-0.21481	0.8252	0.32292	0.13534	-1.3842
-0.33257	-0.24856	-0.011643	-0.012611	0.16825	-0.038943	0.16089	-0.66184
0.25493	1.4372	-0.183	0.42376	-0.085196	0.30313	-0.26682	-0.15513
-0.10653	-0.85823	-0.067658	-0.22938	-0.11288	-0.21703	0.37507	-0.53374
-0.21011	-0.4584	-0.22006	-0.29961	0.42417	-0.15396	0.13265	-0.0046831
-0.6288	-0.47674	0.28703	0.085419	-0.085129	0.036267	0.37952	-0.2286
-0.37756	0.20568	-0.05793	0.1134	0.28164	0.23499	0.29787	-0.48717
-0.84699	-0.068339	0.26287	-0.1607	0.51847	-0.030472	-0.064141	-0.92837
-1.0841	0.27869	0.11895	0.34964	0.076053	-0.0076756	-0.30256	-0.30968
-0.7221	-0.31514	-0.34795	-0.28918	0.24809	-0.037987	0.50882	-0.61741
1.0997	0.80135	0.91174	0.061354	0.50311	-0.093497	0.2293	0.16275
-0.02224	-0.36285	-0.50248	0.21139	-0.086852	-0.049729	0.019599	-0.22366
1.0071	0.064548	-0.86172	-0.41181	-0.09991	0.19475	0.14597	0.11823
-0.3636	-0.060753	-0.52914	-0.17786	0.11044	0.40004	0.080438	-0.24669
-1.0989	0.46045	-0.21319	-0.085489	0.14994	0.28897	0.45745	-0.28373
-0.19796	-0.68228	-0.58062	-0.44962	-0.32139	0.48606	0.27371	-0.68099
0.16916	-0.3473	-1.0067	-0.035545	-0.072899	-0.15218	-0.14602	-0.61894
-0.36758	-0.16656	-1.0762	-0.4715	-0.087293	0.68514	0.40691	-1.0563
0.2631	-0.6795	0.43131	0.17309	-0.11545	-0.056952	-0.10114	-0.19619
-0.47754	0.1319	-0.44064	-0.42473	-0.18333	-0.021781	0.19667	-0.58651
-0.059965	-0.44341	-0.37946	0.13384	0.14701	0.12182	0.31971	-0.033595
-0.39826	-0.049945	0.71417	0.59536	0.085506	-0.055088	-0.2905	-1.0745
-0.87326	0.097815	-0.31404	0.10236	-0.029927	0.28657	0.4877	-0.33926
-1.7998	0.19545	-0.40269	-0.16282	-0.063189	0.26296	0.48524	-1.8346
-0.80106	0.076208	-0.42663	-0.50222	0.078605	-0.25916	0.60667	-0.88118
-1.2561	-0.25183	-0.44647	0.0076485	0.079564	0.18096	0.82869	-0.61955
-0.46595	-0.2217	-0.29426	-0.31955	0.38551	0.19525	0.20645	-0.5064
-0.68656	-0.36937	-0.51147	0.14907	0.52304	0.26521	0.30665	-0.32333
-0.6791	-0.28737	-0.22143	0.016496	-0.041997	0.020694	0.46392	-0.51984
-0.4484	0.31076	-0.0065458	0.089205	-0.019616	0.3319	0.2428	-0.19833
-0.37479	0.26252	-0.51795	0.0083965	0.050683	0.20798	0.31169	-0.42909
-0.33056	0.13634	-0.59213	-0.019304	0.2867	0.12873	0.37193	-0.75114
-0.64603	0.18082	0.077111	-0.38199	-0.078409	0.1484	0.51148	-0.68052
-0.57096	-0.32639	-0.037529	-0.08694	-0.41232	-0.35164	1.074	-0.56852
-0.34546	-0.87366	-0.085289	-0.0095938	-0.07898	-0.19829	-0.75291	-0.9101
-0.078874	0.23073	0.22779	-0.23915	-0.74198	-0.55976	0.19149	-1.1003
-0.70211	-0.33771	0.34347	-0.41668	0.044749	0.016577	-0.12443	-0.22653
-0.45288	-0.060237	-0.034014	0.18035	-0.12974	-0.10102	0.59157	-0.61908
-0.044887	-0.43728	-0.42471	-0.21289	0.0079455	0.018506	0.17342	-0.3269
-0.96271	0.066613	-0.37671	-0.3107	-0.075253	0.31696	0.16836	-0.15226
-1.3549	0.32139	-0.65779	-0.5558	0.076371	-1.1423	0.52735	-0.46182
-1.0678	0.050398	-0.2078	0.0048292	0.15947	0.34125	0.69796	-1.0956
-1.0177	0.90371	0.72284	0.20095	0.28817	0.38694	0.093475	-0.77443
-0.054508	0.048257	-0.21893	-0.2051	0.26632	0.21813	0.16905	-0.51299
-1.0641	-0.25424	-0.39293	-0.12911	-0.14624	0.1871	0.39833	-0.65424
-0.93991	-0.3446	-0.862	0.15867	0.034769	-0.43056	0.07939	-0.1659
-0.15285	-0.3257	0.07127	-0.23899	-0.1563	0.23098	0.33817	-0.52405
-1.5114	0.017281	-0.83093	-0.9153	0.2442	0.31471	0.12219	-0.6426
-0.76551	-0.36026	0.22071	0.29667	0.13481	-0.056903	0.29055	-0.4594
-0.24055	-0.45715	-0.18695	0.063082	-0.19272	-0.14124	0.067714	-0.058033
-1.2309	0.68045	-0.16945	0.069662	-0.1515	0.16	0.29467	0.19459
-0.93917	0.59198	-0.53258	-0.098145	0.10605	0.13999	0.35768	-1.2909
-1.0677	-0.0047804	-0.26822	-0.37022	-0.51638	0.27225	-0.3449	0.079986
-0.2457	0.065933	-0.044155	-0.13776	0.2183	-0.1194	0.41994	-0.37102
-0.63234	0.18845	-0.20123	-0.045894	0.18251	0.068386	0.034752	-0.52877
-0.92496	-0.45242	-0.35477	-0.088588	-0.57635	0.25767	0.38608	-0.38642
-0.39039	0.13978	-0.079325	0.22266	0.13154	0.13983	0.10431	-0.42431
-0.73388	0.22072	-0.30862	-0.019065	-0.30077	-0.079624	0.25405	-0.28882
-0.44691	-0.090374	-0.0029086	0.24951	-0.021519	-0.0349	0.33552	-0.72182
-0.68502	-0.55229	-0.40762	0.13108	-0.36009	-0.16726	0.83448	-0.88413
-0.79165	-0.35765	-0.33404	0.10699	-0.36779	0.14047	0.44888	-1.0169
-1.4819	0.11655	0.48826	0.01204	-0.25271	-0.087805	0.3262	-0.40422
-0.42319	0.17258	0.10422	-0.48296	0.50969	0.75551	0.70737	0.015104
-0.70116	-0.13007	0.037733	0.11679	0.12448	0.031028	0.49949	0.019533
-0.73534	0.40452	-0.062458	-0.38313	-0.22279	-0.19203	-0.074712	0.20835
-0.32938	-0.028186	-0.77655	0.0516	0.20751	0.014821	0.30879	-0.10128
-1.0331	0.55379	0.060136	-0.003172	0.28472	0.46265	-0.21388	-0.77617
-0.51536	-0.0332	-1.0014	-0.43661	-0.34484	0.43036	0.46493	-0.90568
-0.87968	0.1827	-0.61118	-0.3645	0.085298	0.011281	0.45116	-0.80791
-0.42172	0.22248	-0.53674	0.038758	-0.061449	0.18992	0.62816	-0.45113
-0.49953	0.032647	-0.24213	-0.13168	-0.10968	0.305	0.26412	-0.47867
-0.26031	0.57772	-0.22638	-0.90629	-0.10834	-0.1039	0.82376	-0.066654
-0.84468	-0.12691	-1.0913	-0.4631	0.72863	0.025505	-0.32161	-0.4371
-0.64111	-0.036944	-0.42728	-0.0045607	0.22381	0.10236	0.26297	-0.55491
-0.2602	0.38639	-0.2011	0.083411	-0.2764	0.04272	0.3035	-0.67302
-0.52224	-0.093661	0.028322	0.028694	-0.24305	-0.014711	0.10113	-0.71552
-1.0908	0.22822	-0.51321	0.048556	0.083174	-0.06568	0.66582	-0.95206
-0.36702	0.10049	-0.20882	-0.064415	0.13634	-0.36535	0.069483	-0.060985
-0.49096	0.22017	0.093425	-0.051117	0.25139	-0.12442	0.44139	-0.3853
-0.53226	0.25715	-0.59067	-0.0081402	-0.32194	0.11886	0.1536	-0.30717
-0.2018	-0.25724	-0.22842	-0.10109	-0.094624	-0.009559	0.22002	-0.05819
-1.2788	-0.66899	-0.20208	-0.066558	0.15757	0.08945	0.66189	-0.47607
-0.015511	0.076695	0.042789	-0.11546	0.045154	-0.0012083	0.6773	-0.53781
-0.58955	0.13194	-0.20296	0.027804	0.35605	-0.042486	0.16806	-1.2522
-0.41492	0.13506	0.054858	-0.20721	-0.13896	0.085126	0.074117	-0.28869
-0.1018	-0.54775	-0.5442	-0.023723	-0.045927	0.34643	0.79776	-0.1029
-0.51703	-0.17159	-0.65601	0.064389	0.021693	0.21854	0.9874	-0.53658
-1.1141	-0.10589	-0.41659	0.13048	-0.26922	-0.055413	0.36835	-0.57385
-0.98845	-0.22974	-0.39261	-0.12119	-0.17773	-0.040734	-0.33288	-0.69657
-1.454	-0.99359	-0.32606	-0.029065	-0.21415	-0.89448	-0.47051	-0.16168
-0.56913	-0.18141	-0.72394	-0.98966	-0.029759	0.15579	0.21096	-0.63308
0.77964	0.26738	0.15669	-0.31525	0.18152	0.17406	0.37248	0.43875
-0.10043	0.26251	-0.11398	-0.060445	-0.086782	0.22365	0.77387	-0.76749
0.46747	0.29466	-1.1209	-0.014871	-0.045456	0.089983	0.24231	-0.68247
-1.2445	0.11086	-0.3862	0.25451	0.044352	0.05128	0.29843	-0.19327
-1.1389	-0.62144	-0.61479	0.52858	-0.46174	-0.034429	0.022847	-0.95795
-0.43593	-0.004387	-0.78863	-0.29567	0.067343	-0.086609	0.23995	-0.32505
-0.2853	0.0044263	-0.34015	0.0068082	0.2958	-0.14449	0.50405	-0.5661
-0.45983	0.2319	-0.33977	-0.30164	-0.039623	0.41267	0.4512	-0.55118
-0.30163	-0.11545	-0.44448	-0.37038	-0.11177	-0.0121	0.44291	-0.23047
-0.24526	0.28037	-0.30518	-0.32909	0.0055756	0.063983	0.1112	-0.38478
-0.33258	-0.1817	-0.32143	0.16571	-0.071601	-0.12606	0.57072	-0.52787
-0.1793	-0.24984	-0.16793	-0.0054546	0.04106	0.053298	0.070229	-0.32867
-0.28779	-0.32686	-1.4098	0.021901	0.81754	0.087514	0.58074	-0.15162
-0.57398	-0.32201	-0.13003	0.063015	0.13839	0.17962	0.18896	-0.26639
-0.78843	-0.19224	-0.79592	0.017557	-0.027079	0.21298	0.65391	-0.79
-0.27312	0.10388	-0.40721	-0.23645	-0.12911	0.52236	0.10445	-1.2045
-0.91978	0.079502	-0.51802	-0.7741	-0.50441	-0.23197	0.25666	-0.84179
-0.18922	0.097723	0.4083	-0.11244	0.25538	0.070192	0.30699	-0.11774
-0.86716	0.39017	-0.76499	0.19815	-0.5193	-0.36747	0.19236	-0.46753
-0.44879	-1.0397	-0.89265	-0.074685	-0.12504	-0.017273	0.47002	-0.10661
-0.51553	-0.19268	-0.27978	-0.007591	0.047191	0.48126	0.42633	-0.27531
-0.44516	0.46919	0.44373	-0.79338	0.0091057	0.1274	0.14924	-0.60819
-0.31053	0.038506	-0.19168	-0.17259	-0.064159	0.53879	0.40975	-0.35572
-0.13844	-0.29625	-0.21345	-0.18823	0.15295	-0.0041015	0.28554	-0.0033616
-0.30885	-0.16211	0.020643	-0.087021	-0.25031	0.14641	-0.39635	-0.078694
-0.44342	-0.8777	-0.26921	-0.12369	0.36834	0.96374	0.65611	-0.53227
-0.10835	-0.21391	-0.77794	-0.24432	0.0025139	-0.13896	0.12175	-0.16183
-0.66246	-0.058398	-0.49254	-0.046187	0.11861	0.5515	0.05002	-0.46612
-0.65701	0.068136	-0.041475	-0.59069	-0.21946	-0.17456	0.14547	-0.39537
-0.1744	0.055917	-0.38412	-0.24642	0.11848	-0.029842	0.14057	0.12586
-1.0682	0.12354	-0.33532	-0.43553	-0.29573	-0.029348	0.9383	-1.137
-0.81941	-0.32706	-0.32002	-0.048627	-0.30276	0.19859	0.2668	-0.51344
-0.50424	-0.16441	-0.21293	-0.0056029	0.022399	0.19036	0.36166	-0.49015
-0.20914	-0.56148	-0.041721	0.34804	-0.23977	-0.059648	-0.2262	-0.43318
-0.53172	0.040028	0.17266	-0.4405	0.64486	-0.36234	1.2344	-0.88932
-0.79994	-0.40811	-0.43011	-0.34562	0.18583	0.31485	0.45614	-1.0625
-0.72103	0.066319	-0.80887	-0.052411	0.024963	0.18697	0.19761	-0.41546
-0.86893	0.30976	-0.70011	-0.062212	0.40697	0.3082	0.56685	-0.80759
-0.65598	-0.10106	-0.23906	0.26332	0.57403	0.33	0.62134	-0.44465
-0.49667	-0.64215	0.01278	0.056972	0.33217	0.022815	0.35001	-0.64442
-0.69206	-0.0084295	0.58402	-0.01966	-0.70258	-0.20875	0.48386	-0.85583
-0.3672	0.29415	0.00034347	0.079157	-0.40704	-0.099849	0.66892	-0.28151
-0.59729	-0.013447	-0.53768	0.15209	-0.036758	-0.14364	0.72926	-0.26334
-0.53971	0.39337	-0.60312	0.55747	-0.12692	0.29614	0.29669	-0.5275
-0.63109	0.57287	-0.29383	-0.18512	0.21275	0.38746	0.82212	-0.87463
-0.98694	-0.34064	-0.18251	0.12014	0.011519	0.14249	0.36083	-0.45847
0.038373	0.017711	-0.50281	0.42706	0.16463	0.47854	-0.027683	0.049606
-0.097832	-0.16531	0.03462	-0.13753	0.10488	0.20102	-0.05517	-0.8581
-0.90235	-0.27276	-0.59238	-0.53979	-0.33607	-0.044373	0.039257	-0.93309
-0.30146	0.3516	-0.050481	-0.39453	-0.22819	0.025835	-0.33639	-0.39544
-0.81027	-0.15077	0.20463	-0.51787	-0.20512	0.20792	0.54628	-0.81125
-0.33321	0.34942	0.03073	-0.25908	0.15078	0.09417	0.49023	-0.786
-0.43439	-0.065363	-0.15966	0.090179	-0.013863	0.071147	0.051346	-0.61409
-0.40579	0.33709	0.019428	0.060922	-0.083804	0.2232	-0.026188	-0.29434
0.094032	-0.0011981	-0.24112	-0.37922	0.49278	0.066425	-0.45677	-0.88162
-1.5669	0.16198	-0.15727	-0.59852	0.54208	0.49374	1.1098	-0.60896
0.045464	-0.3112	-0.81865	0.25203	-0.15506	0.022684	-0.45892	0.2893
-0.094413	-0.38274	-0.29347	-0.16025	-0.65191	0.34077	-0.24573	-0.3061
-0.35911	0.097357	0.088376	-0.18768	0.2283	0.22538	0.59017	-0.12067
-0.34254	0.61912	-0.77416	-0.10308	-0.25673	0.11318	0.47189	-0.65773
-0.36016	-0.12249	-0.26158	0.04423	0.32212	0.033663	0.35162	-0.67166
-0.49466	0.10628	-0.23329	0.063159	0.18138	0.27004	-0.051178	0.065173
-0.63117	-0.38844	-0.17753	-0.25385	-0.0090629	-0.12945	0.38812	-0.66704
-0.75508	0.41553	-0.61004	-0.063487	0.27339	0.15006	0.26511	-0.43222
-0.77331	-0.044731	-0.45128	-0.1241	-0.97444	-0.31871	0.96265	-0.64055
-0.94843	-0.075214	-1.2415	0.24238	0.33722	0.31568	0.29129	-0.87818
0.066865	-0.24545	0.12817	-0.19491	0.055924	-0.13749	0.062859	-0.020409
-0.49094	-0.39696	-0.88265	0.45082	-0.10386	0.20359	0.5219	-0.44918
0.12661	0.28064	-0.078632	-0.4312	-0.0014659	0.22044	-0.033567	0.0012465
-0.71478	-0.55294	0.42758	-0.34453	-0.077299	-0.23407	0.63288	-0.4485
-0.1293	-0.086193	0.073287	-0.19245	0.034048	-0.25912	0.41132	-0.079788
-0.74745	-0.45788	-0.57612	0.13079	-0.59518	0.26647	0.007445	-0.24316
-0.77358	0.051412	-0.30928	0.19299	-0.17651	-0.209	0.93469	-0.52611
-1.1991	-0.39821	-0.21506	0.78585	-0.68015	-0.13727	-0.65746	-0.1083
-0.66724	0.16712	-0.28974	-0.34659	0.27001	0.28546	0.14704	-0.52699
0.0077149	-0.047351	-0.14802	-0.05842	0.36007	0.30142	-0.029063	-0.42212
-0.77788	-0.29567	-0.51297	0.022828	-0.3705	0.17573	0.061215	-1.0613
-0.43175	0.025147	-0.58765	0.046431	-0.36977	-0.14903	-0.056609	-0.31786
-1.3124	0.53329	-0.42781	-0.32115	0.24838	0.16518	0.35676	-0.76137
-0.66161	0.72415	-0.077674	-0.024216	-0.13701	0.19018	1.0522	-0.58248
-1.1633	-0.26328	-0.6644	0.015407	-0.21224	0.28844	0.62866	-0.41415
-0.55786	0.25114	-0.10042	-0.22348	-0.18062	0.47022	0.33103	-1.0323
-0.75367	0.19975	0.44196	-0.19883	0.29528	0.053959	0.36782	0.095601
-0.54866	0.58199	0.11506	-0.50673	0.41299	0.048049	0.67742	-0.66706
-0.3523	0.23592	-0.49264	-0.41645	-0.092537	0.20097	-0.12379	-0.28379
-0.54986	0.24596	-0.22693	0.10549	0.28279	-0.20946	0.26697	-0.33999
-0.19108	0.014546	-0.34593	-0.2383	-0.19513	0.161	0.11135	-0.37046
-0.28468	-0.16469	-0.43947	-0.069223	0.15985	-0.22995	0.4575	-1.1703
-0.86781	0.0056823	-0.38097	-0.052462	-0.025802	-0.012873	0.64893	-0.3459
0.52154	-0.47323	-1.3829	0.27524	-0.45174	-0.38571	-0.091665	-0.43985
-0.58042	0.74825	-0.83193	-0.42083	-0.35768	-0.10163	0.13157	-0.91126
-0.26531	0.38221	-0.42142	-0.13085	-0.12881	0.16672	0.15709	-0.4538
-0.36009	-0.061061	-0.53466	0.076905	-0.16154	0.25087	0.31986	-0.20758
-0.58642	0.10165	0.29847	-0.80797	0.44282	0.57269	-0.17488	0.7181
-0.68285	0.1253	-0.38318	0.13864	-0.40771	-0.033402	0.15394	-0.60893
-0.9927	-0.18955	-0.28243	-0.20801	0.12083	-0.05508	0.47696	-0.31467
-0.84063	0.38476	-0.55042	-0.56972	-0.051891	-0.16094	0.41976	-1.0527
-0.19954	-0.22	-0.61542	0.059707	0.030671	0.22009	0.12461	-0.14512
-0.95587	-0.59233	0.29158	-0.094535	-0.25184	0.35562	0.36279	-0.40577
-0.99569	-0.053293	0.4623	-0.18891	0.24819	0.14435	0.59688	-0.03085
-0.42845	-0.10178	-0.1294	0.28845	-0.18861	0.092053	-0.092703	-1.01
-0.63134	0.22143	-0.021149	0.063482	0.050746	0.10396	0.11918	-0.89327
-0.26457	0.51736	-0.31802	0.045587	0.19669	0.049679	0.43398	-0.031931
-0.4726	-0.10877	0.18325	-0.070134	0.16672	-0.27328	0.70537	-1.038
-0.34742	-0.5585	-0.23854	-0.047835	0.1177	0.087152	0.29999	-0.35781
-0.43876	-0.17421	-0.23175	0.66347	0.10018	0.054888	-0.20954	-0.77405
-0.69039	0.10328	-0.50671	-0.28015	-0.22694	0.37868	0.33597	-0.7327
-0.33559	-0.42652	-0.33949	-0.022387	-0.29342	0.090761	0.15171	-0.53822
-0.19812	0.48658	-0.45393	-0.087036	0.1033	0.14119	0.13124	-0.45999
-0.6575	0.46784	0.1146	0.079961	0.033107	-0.035971	-0.06706	-0.71477
-0.42421	0.31455	-0.72519	-0.081229	-0.10262	0.18754	0.31074	0.016453
-0.96293	-0.42176	0.13043	-0.68089	0.096943	0.66337	-0.24431	-0.58034
-0.73786	-0.55223	-0.049415	0.049317	0.11707	0.1027	0.26448	-0.53641
-1.4831	0.60351	-0.43666	-0.99507	0.41532	0.01686	0.32556	-0.72506
-0.69052	-0.070033	-0.62673	-0.054491	0.071059	-0.052614	0.10879	-0.43988
-0.58188	0.13527	-0.52649	-0.28933	-0.27002	0.19247	0.20132	-0.40478
-1.5824	-0.81955	-0.33617	-0.56426	-0.23862	0.13213	0.46758	-0.65187
0.054132	-0.3807	0.21618	-0.32632	-0.31008	0.44713	0.029925	-1.4669
-1.8755	-1.895	-0.31079	-0.18063	-0.82759	0.16713	-0.39061	-0.58542
-0.79658	0.44694	-0.15623	0.0010837	-0.15679	0.034733	0.31968	-0.3091
-0.8484	-0.21903	-0.51389	0.020704	-0.32154	-0.13903	0.83414	-0.33461
-0.48126	-0.38019	-0.32601	0.015029	1.0199	0.35336	0.56925	-0.8108
-1.3359	0.26581	-0.53428	-0.46386	-0.5656	0.0319	0.47457	-0.55569
-1.3755	0.28378	-0.26004	-0.49175	-0.20869	0.67777	0.68612	-0.41594
0.19527	-0.6008	0.29484	-0.11937	0.19289	-0.32689	0.14371	0.7715
-0.45194	0.43389	-0.17376	-0.24337	0.038319	0.27337	0.02261	-1.0405
-0.45314	0.41489	-0.3073	-0.17045	-0.10282	-0.16036	0.41136	-0.36554
-0.62195	0.62381	0.30601	-0.25684	0.092188	0.018262	0.9379	-0.63113
-0.50585	0.11426	-0.66412	0.083198	0.053784	0.25907	0.46121	-0.71185
-1.2976	0.11824	0.21079	-0.69171	0.13925	-0.12963	0.39077	0.104
-0.6306	-0.33972	-0.13285	0.050007	0.25721	-0.14261	0.20288	-0.31286
-0.43537	0.038438	0.35238	-0.69142	-0.59984	0.8357	0.53091	0.090078
-0.16095	0.19415	-0.23991	-0.14213	0.26486	0.18362	0.58079	-0.19213
-1.2928	0.22391	-0.80449	-0.45807	-0.23991	0.00096011	-0.030921	-0.7358
-0.99774	-0.36706	0.16787	-0.23181	0.25185	-0.072766	0.65798	-0.60215
-0.9378	-0.52474	0.15369	0.073419	0.47018	0.25405	0.45007	-0.12506
-1.0771	0.23437	-0.55944	0.309	0.079038	0.33902	-0.13544	-1.2972
-0.4491	0.076907	-0.22572	-0.16861	-0.05069	0.17951	0.38341	-0.57471
-0.56676	0.059686	-0.14609	0.29005	-0.28303	0.16988	0.16625	-0.46955
-0.92548	0.13741	-0.056287	-0.16237	-0.30849	0.19772	0.060767	-0.61229
-0.48797	0.0015934	-0.042665	-0.29983	-0.29062	0.05502	0.42081	-0.44537
-1.1202	0.42443	-0.064523	-0.72578	-0.76994	0.067847	-0.20784	-0.53179
-1.1465	0.5271	-0.9035	-0.41893	0.39964	0.55969	0.10575	-0.95439
-0.32249	0.12072	-1.1288	-0.10913	-0.19751	0.086845	0.27453	-0.45267
0.012462	-0.073078	0.3034	0.19148	-0.46348	0.33919	0.58505	-0.50157
-0.44704	-0.53026	-0.45546	-0.011535	-0.06029	0.75304	0.73068	-0.40923
-0.648	0.1745	-0.62435	0.10206	0.088511	0.019008	0.37174	-1.0449
-0.8915	-0.21115	-0.69831	0.13538	-0.030609	0.78603	0.53386	-0.82742
-0.70626	-0.039981	-0.42451	0.066011	0.28649	-0.35965	-0.30739	-0.46342
-0.49699	-0.30883	-0.10414	-0.34299	0.27883	-0.31968	-0.09838	-0.38964
-0.37006	-0.078038	-0.25868	0.087403	0.21431	0.40154	0.16416	-0.56193
0.27512	0.66971	0.082278	0.025055	-0.063757	0.20458	-0.09814	-0.21467
-0.74102	0.17505	-0.25531	-0.17813	-0.26255	-0.40181	0.40945	-0.48073
-0.16855	-0.081263	0.97125	-0.018735	0.31214	0.055411	-0.088407	0.25909
-0.21836	0.094007	-0.00034187	-0.020551	-0.0045067	0.23416	0.046943	-0.069706
-0.73113	-0.24974	-0.37964	-0.13565	0.061058	0.12745	0.89196	-0.64054
-0.79297	-0.16342	0.085676	0.34629	-0.65126	-0.18362	0.19047	-1.9479
-0.34307	-0.26296	-0.49595	0.01542	-0.34942	-0.3181	0.62925	-0.68996
-0.87496	-0.89391	-0.4234	-0.19943	-0.2119	0.058568	0.63196	-0.92616
-0.79923	-0.33941	-0.20469	-0.030848	-0.22975	0.091327	0.32089	-0.46595
-0.61673	-0.37986	0.069008	-0.15334	0.16613	0.17087	0.22454	-0.4488
-0.38493	-0.30722	-0.1297	-0.013715	0.036696	0.040077	0.26832	-0.34692
-0.57377	0.11288	-0.37994	0.17036	-0.084409	-0.03069	0.20233	-0.68918
-0.5898	-0.16762	-0.22379	-0.14314	-0.01017	0.04028	0.26013	-0.41779
-0.54221	0.68683	-0.0012377	-0.44522	0.2396	0.10974	0.25565	-1.4432
-1.197	-0.097176	-0.14883	-0.3449	-0.020886	0.79035	0.65122	-1.0314
-0.58017	0.022674	-0.50392	-0.21313	0.16719	0.061912	0.44908	-0.89181
-0.56059	-0.2236	-0.3934	0.20304	0.022251	0.26622	0.12008	-0.71984
-1.3981	0.29134	-0.69908	-0.59034	0.018609	0.62331	0.70894	-0.88246
-0.15141	0.29621	-0.21394	-0.40246	0.24524	0.33388	0.64117	-0.33758
-0.92056	-0.47776	-0.58511	-0.38953	-0.47395	0.11319	0.38547	-1.0934
-0.14689	-0.0013429	0.70534	0.00017899	-0.29997	-0.15114	0.82445	-0.54667
-0.51479	-0.054561	-0.2607	0.07649	0.0070472	0.16978	0.067238	-0.65667
-0.40589	-0.33453	-0.81631	-0.1054	0.38287	0.39191	0.56332	-0.54204
-1.3454	0.41264	-1.0059	0.12758	-0.21537	0.20897	0.061678	-0.7804
-0.35399	-0.15611	-0.22998	-0.097409	-0.44501	0.67105	-0.070068	-0.035166
-1.412	0.3127	-0.11253	0.25881	-0.16763	0.12884	0.40042	-0.5736
-0.38101	0.23325	-0.27888	-0.27373	-0.26355	0.24652	0.35666	-0.86295
-0.55931	0.28755	0.11016	-0.15453	0.0085251	-0.3004	0.4681	-0.011239
-0.37569	0.14189	-0.29006	0.13101	-0.0081171	0.15476	0.034519	-0.4916
-0.40924	-0.47243	-0.24678	-0.15637	-0.023223	-0.068082	0.28364	-0.37307
-0.2591	-0.28268	-0.39179	-0.0056356	0.3567	0.08869	0.32808	-0.50522
-0.092633	-0.41147	-0.30244	0.16906	-0.056004	-0.11337	-0.094381	0.074424
-0.71387	-0.0036993	-0.30033	-0.15691	-0.20115	-0.17318	0.51564	-0.44302
-1.3006	0.28021	0.30666	0.0053565	-0.40924	0.56824	0.14384	-0.25118
-1.0168	0.16337	-0.68553	-0.39537	0.38526	-0.059013	-0.27587	-1.6512
-0.75086	-0.013611	-0.0097936	0.1159	0.02223	0.18487	0.26016	-0.47188
-0.12995	-0.34187	-0.174	-0.20395	-0.0048848	-0.11847	0.041469	-0.15184
-0.51299	-0.0074955	0.15251	0.17487	0.30304	0.01022	0.19698	-0.3484
-0.86419	0.072058	0.017284	0.53789	-0.24353	0.47011	0.15069	-1.5356
-0.36952	0.13992	-0.30807	0.018473	-0.37841	0.18529	0.22707	-0.40734
-0.77445	-0.58909	-0.48428	-0.027024	-0.090211	-0.073519	0.061872	0.058631
-0.46069	-0.37532	-0.13261	-0.7052	-1.0493	0.14356	-0.052865	0.57229
-0.15915	-0.20259	-0.0061452	-0.16374	-0.13142	0.35794	0.39544	-0.28492
0.15376	0.36387	-0.2082	-0.051968	-0.0038376	-0.18878	-0.16059	0.0024638
-0.30109	-0.72308	-0.44385	-0.29903	-0.44108	0.14138	0.47412	-0.84893
-0.16491	0.1523	0.52966	0.09	0.010814	-0.017439	0.70963	-0.22535
-1.234	-0.55153	-0.68473	-0.6408	-0.4295	0.18585	0.62218	-1.1559
-0.59423	0.37039	0.4923	-0.38202	-0.19333	0.099728	0.61463	0.21261
-0.05435	-0.46327	-0.17133	-0.1141	-0.013011	-0.013664	-0.010932	-0.32875
-0.40969	0.22799	-0.40313	0.018839	-0.016105	-0.08476	0.25759	-0.51276
-0.33624	-0.0083145	-0.35449	-0.41772	-0.088779	0.32953	0.22621	-0.034192
-1.1774	-0.595	0.12385	-0.26333	-0.32353	0.55012	0.1613	-0.38198
-0.50868	0.45596	-0.1325	0.33098	0.0054107	0.031497	0.033984	-0.59793
-0.78745	-0.046536	0.48821	0.20162	0.0944	-0.18078	-0.1738	-0.29811
-0.70674	0.033642	-0.20085	0.033426	0.037975	-0.066875	0.26661	-0.050381
-0.40218	-0.10706	-0.033148	-0.27205	-0.50602	0.10051	0.45185	-0.88652
-0.35871	-0.16062	-0.30013	-0.40494	-0.28176	-0.09426	0.8173	-0.36754
-0.01118	-0.2404	0.12022	-0.10412	-0.4405	0.06024	0.72362	-0.30011
-0.30325	0.13454	0.092029	0.017194	-0.022618	-0.037753	0.50936	-0.517
0.022527	-0.30756	0.0082863	0.18358	-0.81539	-0.35302	0.024215	0.84645
-0.30516	0.32255	-0.18604	0.16326	0.099747	0.082819	0.38525	-0.68375
-0.12431	-0.012188	0.049922	-0.33344	0.099036	-0.096112	0.32159	-0.6692
-0.16676	-0.48579	-0.22769	-0.36816	-0.016235	0.38596	-0.2938	0.022348
-0.042789	0.21539	-0.77708	0.017013	0.40595	-0.39815	0.28113	-0.61465
-0.31888	-0.075657	-0.15812	-0.46962	-0.041294	0.39176	0.36732	-0.95607
-1.0775	0.092732	-0.92457	-0.23428	0.16139	0.27747	0.47672	-0.60567
-0.75767	-0.046316	-0.48534	-0.064028	-0.14614	0.028694	0.44188	-0.23238
-0.78793	-0.25896	-0.28848	0.014938	-0.35509	0.44657	0.27677	-1.1316
-1.3299	-0.37871	-1.6628	0.23578	0.76211	0.064867	-0.32736	-0.91894
-1.0297	0.13963	-0.62006	0.27859	0.20579	0.017942	0.71349	-0.50552
-0.62873	-0.018255	-0.55729	-0.21997	-0.21365	-0.0080193	0.50513	-1.1419
-0.61323	-0.62198	-0.080655	-0.43264	0.43762	-0.069664	0.70428	-0.55758
-0.44569	-0.046621	-0.055204	-0.24225	-0.1214	-0.019151	0.10723	-0.4012
0.037879	-0.77103	-0.09532	0.26687	0.14698	0.37676	-0.74424	0.029901
-1.6763	-0.36309	-0.48146	-0.60844	-0.49043	0.15506	0.25169	-1.0506
-0.48619	-0.14014	-0.355	-0.34012	0.10017	0.40683	0.19372	-0.33908
-0.67775	0.30538	-0.45428	0.056845	0.083549	0.21851	0.22963	-0.59727
-0.58084	0.16142	-0.048742	-0.056594	0.26264	0.48985	0.74685	-0.46082
-0.56788	-0.35022	-0.30317	0.13245	0.19571	-0.95549	-0.12784	-0.31009
-0.77707	-0.16969	-0.097061	-0.44519	5.128e-05	0.28492	0.60183	-0.44288
-0.416	-0.053508	0.26752	0.088145	-0.14315	0.010708	0.22196	-0.3148
-0.5362	-0.37714	-0.58242	0.22906	-0.61984	0.59294	-0.57108	-1.2921
-0.12278	0.12267	-0.41977	-0.14416	-0.0090516	0.64278	0.24808	-0.49181
-0.4817	-0.029159	-0.1469	-0.44624	-0.35614	0.39431	0.37125	-0.43697
-0.54508	-0.14791	-0.92445	-0.068681	0.026286	0.21603	0.43554	-0.40437
-0.63776	0.33165	-0.63172	0.26807	0.070981	-0.24643	0.29809	-0.27913
-0.9411	0.15533	-0.31637	-0.0029629	-0.039699	0.21554	0.38748	-0.1916
-0.55181	-0.29817	-0.63353	0.011872	0.1642	0.068262	0.30271	-0.39792
-0.84302	-0.39142	0.016138	-0.64429	-0.1047	0.18304	0.19017	-0.36792
-0.51816	-0.3056	-0.76848	0.011472	0.1965	0.19844	-0.009606	-0.34026
-0.97586	-0.43241	0.094467	0.034998	-0.33191	0.26206	0.40346	-0.76949
-0.91576	-0.34956	0.081853	-0.66426	-0.70215	-0.4264	0.23526	-0.67014
-1.3661	0.13317	-0.023151	-0.038045	-0.033689	0.2835	-0.098382	-0.11482
-0.34512	-0.25929	-0.3771	-0.022618	0.12347	0.15392	0.28666	-0.21064
-0.29332	0.048826	-0.49929	-0.026658	-0.090447	0.38205	0.34203	-0.15361
-0.94852	0.50729	-0.30104	-0.057208	-0.25809	0.07222	0.47307	-0.91178
-0.55126	-0.2619	-0.20218	-0.3636	0.15963	0.2829	0.50043	-1.1535
-1.0617	-0.36933	-0.18828	0.064629	0.27326	-0.21405	0.27045	-0.57213
-0.8277	0.074923	0.27418	-0.16305	-0.26452	-0.062832	-0.048429	-0.37335
-0.15652	-0.20035	-0.9905	-0.34397	0.26035	-0.079506	0.33897	-0.3969
-0.77265	-0.027238	-0.25248	-0.34911	-0.42404	0.073583	0.79963	-0.44125
-0.64807	-0.23283	-0.20419	-0.065287	0.37402	0.13861	0.511	-0.65372
-0.58187	-0.76288	-0.019398	-0.11503	-0.084922	-0.27334	0.77159	-0.38215
-0.51043	0.20925	-1.0721	-0.80243	-0.13025	-1.0005	0.74167	-0.97759
-0.72415	-0.28308	-0.31519	-0.075925	-0.0010877	0.25131	0.18451	-0.71263
-0.81972	-0.61589	-0.61687	0.27274	-0.11721	0.22017	0.72913	-1.036
-0.22905	0.29042	0.23056	-0.37456	-0.12957	0.13955	0.093193	-0.16601
-0.54684	-0.42877	-0.33829	-0.26839	-0.21767	0.039716	0.040521	-0.44772
-1.0732	-0.077727	-0.24866	-0.5315	0.1684	-0.054487	0.12894	-0.71773
0.5147	0.71724	0.13983	-0.19741	-0.0084837	-0.51555	0.95901	0.69918
-0.43934	0.23379	-1.0987	-0.36074	-0.058322	0.30652	1.525	-1.0622
-0.7358	-0.18162	0.0052891	-0.42555	-0.12081	0.54002	0.42344	0.65384
-0.19392	0.43202	-0.64413	-0.34298	-0.19499	-0.026689	0.25277	-0.71596
-0.7824	0.10906	0.38659	0.23858	0.66747	0.32449	0.024763	-0.87278
0.26226	-0.40029	1.3752	-0.14751	0.50543	-0.20681	-0.059143	0.14845
0.59266	-0.080613	0.61865	-0.050117	-0.13101	-0.41853	0.05725	0.96715
-0.65942	0.31243	-0.27473	-0.55598	0.086182	0.40472	-0.027241	-1.2939
-0.51998	-0.48931	-0.34424	-0.36864	0.068959	-0.35876	0.53809	-0.92714
-0.48547	0.38506	-0.41756	0.010519	0.30112	-0.060495	-0.23414	0.11374
-0.20797	0.17838	-0.11888	-0.42865	0.13437	0.07713	0.025153	-0.51876
0.023717	-0.0088273	-0.51867	-0.54027	-0.33357	0.21601	-0.24326	-1.1337
-0.68164	-0.2146	-0.4655	-0.1631	0.4317	-0.044106	0.35604	-0.89275
-1.2712	-0.71874	-0.53487	0.33278	-0.034161	0.3693	0.30321	-1.224
0.044785	0.70176	-0.68575	-0.32896	-0.22849	-0.24189	-0.47292	-0.059995
-0.49123	-0.95498	0.33974	0.14093	-0.11555	-0.080191	0.31952	-0.24653
-0.62997	-0.098245	-0.90811	-0.059145	0.12406	0.035851	-0.073198	-0.014445
-0.4832	-0.21756	-0.35861	0.14783	-5.2732e-05	0.065749	0.3938	-0.48022
-0.55691	0.019024	-0.62424	-0.38406	-0.17592	0.13931	0.46307	-0.44541
-0.55745	0.11753	0.03627	-0.17759	0.089921	-0.01287	0.22143	-0.14
-0.95202	-0.0089578	-0.58599	0.28863	0.2317	0.37118	0.52441	-0.3724
-1.2613	-0.031729	-0.21619	0.35139	-0.55675	0.72793	-0.15766	-1.0256
-0.4621	0.76516	-0.21234	-0.3001	0.028891	0.45473	0.53269	-0.46393
-1.9721	1.0417	-0.29193	-0.73371	0.064973	-0.26605	0.74329	-0.59513
-0.41451	0.045767	-0.2943	-0.057611	0.05184	-0.054867	0.058232	-0.58171
-1.0909	0.50199	-0.067207	-0.15379	0.113	-0.37988	1.1935	-0.60625
-0.34628	0.68511	1.1661	-0.18688	-0.72318	0.21985	-0.021524	0.027344
0.037264	-0.0033296	0.64578	-0.98217	-0.093765	-0.053	-0.006867	-0.30466
-0.15579	-0.18478	-0.11189	0.038073	-0.079425	-0.018039	0.043179	-0.13878
-0.38741	0.12065	0.26063	0.020015	0.32059	-0.41319	0.11991	-0.15485
-0.22013	-0.76897	-0.84422	-0.10395	-0.089745	-0.083463	0.32011	-0.47469
-0.24807	0.58016	-0.34866	-0.10902	0.026599	0.068492	0.24218	-0.48235
-0.77815	0.31952	0.63601	-0.11961	-0.33709	0.1605	0.52936	-0.41677
-0.2418	-0.61383	-0.090236	0.52819	0.046799	0.020162	0.31683	-0.48096
-0.89324	-0.49194	0.061915	-0.13231	-0.068211	0.073466	0.58589	-0.31536
-0.49922	-0.35105	-0.097823	0.040207	0.58795	-0.44891	-0.21469	0.26459
-0.67569	0.21459	-0.14229	-0.31952	-0.32839	0.10601	0.81795	-0.079088
0.16772	0.73476	0.099979	-0.51116	-0.18304	0.18306	0.19094	0.029324
-0.76173	0.04203	-0.48622	0.30073	0.44089	-0.075365	0.32511	-0.49689
-1.7782	-0.080697	-0.24293	-0.63826	-0.11944	1.0595	0.80913	0.21335
-0.053827	-0.65767	-0.22984	0.28419	-0.21038	0.29711	0.39057	-0.1773
-0.49158	0.086797	-0.33117	-0.010516	0.055346	-0.30212	0.88454	-0.44989
0.10241	0.37233	-0.15458	0.054116	-0.24605	0.21721	-0.10029	0.046516
-0.91377	-0.1623	-0.42039	-0.61072	0.15934	-0.071126	0.29806	-0.56448
-0.27588	-0.32655	0.12862	0.10999	0.09983	0.056431	-0.0033068	-0.028383
-0.47544	-0.21446	0.62923	-0.4566	-0.028284	0.27711	0.10802	-0.23622
-0.76735	0.4323	-0.11847	-0.3597	0.37122	0.024466	-0.18371	-0.53496
-0.27784	-0.10998	0.098647	0.16589	0.022737	0.044465	0.41113	-0.25024
-0.52216	-0.11592	-0.34485	-0.099406	-0.35543	0.81866	0.057175	-0.63677
-0.35636	0.037187	-0.49604	0.1494	0.076475	-0.25335	-0.1348	-0.40212
-0.43666	-0.21142	-0.64526	0.02222	0.073106	-0.11972	0.39664	-0.48343
-0.50271	0.019598	0.18776	0.076729	0.25615	0.19939	0.41731	-0.31709
-1.0084	0.16131	-0.41182	-0.018908	-0.04675	-0.24771	0.41954	-0.11034
-0.65296	-0.38017	-0.052727	-0.41533	0.0411	0.17546	-0.038158	-0.38945
-0.74095	-1.5971	-0.014289	0.43163	-0.37093	0.66133	0.31423	-0.76967
-0.57014	0.22902	-0.72084	-0.1647	0.53198	-0.13604	0.044047	-0.57933
-1.0699	0.36089	-0.5088	-0.16854	-0.89781	0.11607	0.0031042	-0.72422
-0.45063	0.36598	-0.27695	-0.031944	-0.07583	-0.17324	0.379	-0.30941
-1.3872	-0.10953	-0.78029	-0.57486	-0.43682	0.18107	0.55396	-0.54612
-0.57502	0.29902	-0.86351	0.11736	-0.36107	-0.34237	-0.28041	-1.2168
-0.35396	0.27081	-0.069958	-0.0070567	0.088666	0.23166	0.12411	-0.22548
-0.48372	0.17469	-0.41467	-0.32035	-0.18208	-0.023765	0.63149	-0.84453
-0.203	0.24994	0.00077827	-0.0089183	-0.17625	-0.15318	0.31649	-0.10459
-0.58958	0.1541	-0.13795	-0.404	0.60577	-0.65005	0.085263	-0.59765
-0.16981	0.35808	-0.16773	0.42667	0.18839	0.010519	0.30177	-0.46625
-0.11146	-0.66075	0.43954	0.18482	0.25798	0.71473	0.97969	-0.78829
-0.8957	0.11045	-0.6557	-0.39648	0.21626	0.58904	0.3651	-0.98206
-0.00085902	-0.73894	0.11666	0.53743	0.29225	0.11305	0.3795	-0.12147
-0.99153	-0.32673	-0.3315	-0.32509	0.33712	0.026196	-0.69988	-0.92599
-0.81694	-0.62079	-0.48145	-0.17572	0.072149	-0.17191	0.040055	-0.51006
-0.13086	-0.2904	0.071819	-0.05156	0.29498	-0.040748	0.12961	-0.2588
-1.0307	0.098904	-0.46352	0.50475	0.67893	0.28702	0.97487	-0.68818
-0.22763	-0.43023	-0.45213	-0.074842	-0.039265	0.076437	-0.029676	0.15518
-0.5927	0.32044	0.080217	-0.32422	-0.28793	0.41872	0.39573	-0.46257
-0.47513	0.29322	-0.766	0.052077	0.040073	0.076284	0.40224	-0.17581
-0.31534	-0.92491	-0.42042	0.15798	0.8084	0.23086	-0.32324	-0.20165
-1.1737	0.33995	-0.50058	0.029077	0.19659	0.54211	0.3611	-0.16412
-1.5085	-0.17265	-0.58175	-0.28459	0.34695	0.45295	0.78262	-0.7519
-0.33382	0.25097	-0.84303	-0.015516	0.14494	0.46228	0.36366	-0.49447
-0.73935	0.15708	-0.3481	0.071807	-0.10017	0.0082022	0.32654	-0.98172
-0.68797	-0.42874	-0.073126	-0.18794	0.18265	-0.42798	1.0969	-0.29256
0.20479	0.076646	-0.42598	0.092113	-0.020208	0.14825	-0.021587	0.17611
-1.3353	-0.094396	-0.13821	-0.11036	0.14661	0.48205	0.64939	-0.20276
-0.3055	-0.14205	-0.55551	-0.33145	0.0062115	0.00080356	0.3702	-0.34389
-0.78492	-0.25278	-0.44267	-0.13423	-0.24319	-0.075132	-0.12497	-0.081658
0.13006	0.56292	-0.36862	0.16347	0.3196	-0.2706	-0.12191	0.29642
-0.82619	0.10913	-0.045122	-0.0060528	-0.071802	0.023942	0.031601	0.066429
-0.93143	0.34834	-0.30569	-0.039757	0.52441	0.10562	-0.029924	-0.50322
-0.38393	0.20401	-0.7744	0.11259	0.046224	0.17006	0.45209	-0.65857
-0.28073	0.3253	-0.479	-0.6464	0.3705	-0.35785	0.39596	-0.20421
-0.24099	-0.043221	-0.30864	-0.65791	-0.053194	0.088584	-0.31082	-0.62193
-0.097483	-0.84015	-0.64071	-0.35301	-0.0080131	0.026908	0.35641	-0.38272
-0.77374	0.19161	-0.68496	-0.44811	-0.0052535	0.45272	0.75881	-0.79508
-0.6192	0.18045	-0.30339	0.041093	-0.16715	0.17262	0.27622	-0.29971
0.86224	0.50542	-0.34616	-0.02409	0.27508	0.19038	0.055748	0.34451
-0.44711	0.20259	-0.02907	0.12448	-0.023597	-0.19153	0.029098	-0.4596
-0.14529	0.5402	-0.33366	-0.21347	-0.67587	0.462	-0.074583	0.4602
-0.79091	-0.39368	-0.27807	0.027518	-0.11574	-0.05851	0.73187	-0.62725
-0.31575	-0.011551	-0.18541	-0.071477	0.024602	0.040001	0.23817	-0.39871
-1.0587	-0.42847	-0.10883	-0.1196	0.11304	0.33178	0.10553	-0.68153
-0.20519	0.0011231	-0.30749	-0.39011	-0.55581	0.31254	0.058415	-0.9741
-0.4896	-0.077399	-0.34082	0.29195	0.81568	-0.16857	0.50086	-0.39571
-0.62205	0.38605	0.12242	0.29738	-0.58306	-0.29065	0.54613	-0.01063
-0.78442	0.39396	-0.65016	0.15636	-0.16176	0.12145	0.17016	-0.95225
-0.79731	-0.11155	-0.73105	-0.31888	-0.030143	0.50739	0.67124	-0.3246
-0.31696	-0.58851	0.061096	0.34958	0.15823	0.51671	0.31597	0.11151
-0.47417	0.24446	-0.26136	-0.24484	0.36378	-0.27482	-0.05711	-0.73072
-0.70917	-0.85842	-0.57512	0.12215	-0.38785	0.58487	0.65359	-0.96382
0.42745	-0.13001	-0.85953	-0.085153	0.21597	0.81245	-0.5693	0.75392
-0.70568	-0.058108	-0.48142	-0.39514	-0.13027	0.1757	0.18249	-0.74463
-0.69196	0.31237	-1.0122	-0.45199	0.29868	-0.016493	0.38029	-0.19949
-1.022	-0.65638	-0.60137	-0.28129	-0.07302	0.52022	0.21699	-0.53039
-0.35256	-0.30236	-0.98531	-0.13062	0.19451	0.48828	0.13014	-0.40895
-0.65289	0.076177	0.056748	-0.15189	-0.0086927	-0.073649	0.31806	-0.27344
-0.35947	-0.21536	-0.86584	-0.19309	0.52404	-0.13717	0.12674	-0.3898
-0.3831	0.50958	-0.14197	0.10046	-0.47726	-0.38242	-0.17614	-0.73084
-0.65209	-0.20652	-0.49697	-0.11259	0.12184	-0.001629	-0.19198	-0.96631
-0.40524	0.54225	-0.16716	0.28303	-0.27715	0.26287	0.72187	-0.11543
-0.20955	-0.30701	-0.34788	-0.013301	0.024264	-0.042471	-0.052357	-0.55418
-0.61753	0.3151	-0.28549	-0.5276	-0.34215	-0.15583	0.23603	-0.15822
-0.050666	0.059465	-0.34413	-0.26272	-0.013977	0.02151	-0.026027	-0.27223
-0.57771	-0.21767	-0.69027	-0.29741	0.0234	0.10966	0.42761	-0.41874
-0.42322	0.46899	0.15224	0.029349	0.25575	0.051889	1.2505	-0.62959
-0.46535	-0.19928	0.054251	-0.39143	-0.30459	-0.056955	0.28185	-0.13472
0.18122	0.087686	0.40253	0.54143	-0.47706	-0.10254	0.62064	-0.5027
-0.24435	-0.41893	-0.26037	-0.15182	-0.31029	0.054663	0.85534	-0.8468
-1.2931	0.21229	-0.82344	-0.41393	-0.46881	-0.40889	0.40896	0.60189
-1.0981	-0.26112	-0.62679	0.58148	-0.22698	0.69856	0.49923	-0.93267
-0.38642	0.27691	-0.33298	0.086698	-0.4433	-0.0045846	0.2594	-0.57033
-0.13688	-0.41868	-0.52503	-0.23429	-0.13737	0.16639	0.41822	-0.82544
0.48414	-0.47598	-0.34428	-0.67623	0.52635	-0.84359	0.55168	-0.49371
-1.0821	0.18635	-0.49433	-0.11334	-0.10662	0.19952	0.84467	-0.59459
-0.36643	-0.61185	-0.22661	-0.056779	-0.099214	0.63542	0.72752	-0.31083
-0.67972	-0.2208	-0.31154	-0.50699	-0.26525	0.022041	0.81482	-0.69732
-0.31732	-0.015787	-0.2419	-0.19523	-0.021218	0.19368	0.32383	-0.41376
-0.82716	0.084698	-0.11937	-0.16228	0.22781	-0.06024	0.7229	-0.33758
-1.0837	0.97437	0.26093	0.14949	-0.27003	0.4441	0.8819	-0.51307
-0.42031	-0.66561	-0.77582	-0.75878	0.11275	0.11144	0.60876	-0.57828
-0.45509	0.064109	-0.69737	-0.20369	-0.13827	0.091334	0.23111	-0.034008
-0.69237	-0.32092	-0.14022	-0.34386	0.14701	-0.15264	0.38573	-0.16328
-0.33892	-0.27614	-0.012258	-0.30868	0.023299	0.31834	0.3494	-0.59417
-0.31817	-0.24772	0.28687	-0.42916	0.3088	-0.25787	-0.0081308	-0.78238
-0.74627	0.022371	-0.19075	-0.11445	-0.21745	0.13616	0.43343	-0.82584
-0.87594	-0.23848	-0.25078	-0.017742	-0.17554	0.39633	0.47861	-1.3737
-0.42329	-0.35683	0.29548	-0.2987	0.14316	0.017442	0.33064	-1.0061
-0.70537	-0.58849	0.53702	0.10298	-0.085358	0.38152	1.8111	-1.2573
-0.87975	0.74835	-0.39146	-0.4512	-0.28311	-0.37058	0.5627	-0.09798
-0.75491	-0.48474	-0.49277	0.21208	0.58252	0.28839	0.67275	-0.93159
0.071745	0.05386	-0.10599	-0.065563	-0.26557	-0.34157	0.3816	-0.80508
-0.17068	0.25355	-1.1115	-0.60759	0.71635	-0.19188	0.00018344	-0.2778
-0.58342	0.066904	-0.81995	-0.40283	0.017182	-0.074969	0.049676	-0.46732
-0.70581	-0.32014	-0.11021	-0.20901	-0.27024	0.45211	0.69543	-0.53351
-1.6615	-0.3453	-0.90344	-0.59388	-0.32007	-0.43845	0.46359	-0.48501
-0.942	0.20341	-0.22474	0.33768	-0.029139	0.1888	0.48863	0.23806
-0.93147	0.066652	-0.2026	0.6805	1.2931	0.049938	0.41568	-1.4224
-0.80973	-0.22362	-0.27421	-0.070633	0.14754	0.22295	0.61074	-0.73709
0.053741	0.45609	-1.1484	-0.15601	-0.0035214	-0.064228	0.30544	-0.71604
-0.25847	-0.71854	-0.018137	0.15674	0.68805	0.13305	0.28705	-0.35989
0.18234	0.49795	-0.10927	-0.085834	-0.31796	-0.52571	-0.2729	-0.20545
-0.81337	0.84246	-0.31389	-0.35387	0.11009	0.18444	0.29236	-0.99143
0.44851	0.28883	0.21105	-0.027053	-0.12088	-0.0004268	0.97231	0.11548
-0.32673	0.81309	0.38201	0.23276	-0.19248	-0.042385	0.1789	-1.3426
-0.43965	0.14717	-0.63767	-0.61599	-0.48296	0.38696	0.2112	-0.55967
-0.17126	-0.045868	-0.26097	-0.2319	-0.13044	0.44223	-0.065393	-0.38933
-1.0509	0.38959	-0.70689	-0.059025	-0.032375	-0.027249	-0.17772	-0.20989
-0.46465	-0.37298	-0.14836	-0.12074	0.12953	0.26292	0.24529	-0.58405
-0.38702	-0.2404	-0.030724	0.30064	0.15571	1.2328	-0.016203	-1.2427
-1.9131	0.55657	-1.2731	0.61871	0.91928	0.53542	-0.86816	0.34603
-0.1775	0.47936	0.019322	0.26402	0.067691	-0.030791	0.062901	0.05901
-0.16927	0.30898	-0.99192	-0.42388	-0.086696	0.16359	0.5816	-1.1396
-1.082	-0.61704	-0.25418	-0.75621	0.062981	-0.24936	0.49673	-0.45215
-0.4412	-0.55762	-0.63177	-0.68153	0.5315	0.48626	0.19767	0.2144
-0.78011	-0.44013	1.0204	0.11399	0.19288	-0.08107	-0.051521	-1.0387
-0.43559	0.093839	-0.58819	0.15705	0.13351	0.30475	0.014474	-0.64769
0.07562	0.199	0.47325	-0.084885	0.0082061	-0.04813	0.07899	0.026134
-0.32247	0.07705	-0.096455	-0.034936	0.089458	0.099131	0.29325	-0.39969
-0.64728	-0.24744	-0.43976	0.16592	0.46912	-0.31157	-0.085772	-0.29545
-0.5665	-0.56505	-0.67024	-0.26616	-0.48648	0.17317	0.40947	-0.81272
-1.0405	-0.13711	-0.12739	-0.3259	0.28718	-0.046372	-0.88713	-0.52378
-0.65098	-0.40928	0.2885	-0.41411	-0.12005	-0.51804	0.76947	-0.75535
0.45441	-0.71508	0.50417	-0.15377	0.13952	-0.21886	-1.2207	0.53942
-0.33453	-0.036303	-0.163	0.03139	0.035485	0.2298	0.31129	-0.40164
-0.34315	0.19006	-0.42383	-0.39161	-0.085093	-0.36431	0.10001	-0.0943
0.081291	-0.6147	0.65553	-0.18404	0.69943	0.34368	0.79319	-0.50947
-0.99863	0.52222	0.0084763	-0.034766	0.16391	-0.37757	0.59204	-1.323
-0.35305	0.050041	-0.67963	-0.22975	-0.35023	0.012841	0.15577	-0.37501
-0.10311	0.13271	0.078406	0.13006	-0.12495	0.033631	0.2991	-0.45283
-0.083561	-0.43502	0.062112	0.043641	0.13055	-0.10126	0.49	-0.45374
-0.16429	-0.21738	-0.25873	-0.55959	0.17238	-0.087669	0.8564	-0.86101
-0.38967	-0.02271	-0.29766	-0.25692	0.19278	-0.065627	0.24789	-0.65766
-0.25142	-0.060409	-0.30051	0.42435	-0.11322	0.13304	-0.16157	-0.33184
-0.22385	-0.18742	-0.20948	0.016263	-0.19435	0.033946	0.25102	0.077415
-0.67053	-0.15258	-0.074577	-0.46651	0.033966	0.048886	0.032974	-0.76998
-1.582	-0.031931	-0.52072	-0.17081	0.11716	0.38171	0.21311	-1.0957
-1.5878	-0.068068	-0.99287	-0.97228	-0.28243	-0.0019544	0.5948	0.39935
-1.2454	-0.50189	0.26072	-0.36586	-0.084028	0.2871	0.99636	-0.68557
-0.61641	0.23413	-0.0032963	0.32003	0.10048	0.08551	0.3363	-0.14018
-0.61912	-0.41185	-0.045732	-0.078546	0.19272	0.068908	0.74998	-0.53501
-0.2228	-0.20597	0.52038	-0.72464	-0.41868	0.92456	0.35613	0.1293
-0.24563	-0.11216	-0.044748	-0.29386	0.10961	-0.10678	0.30028	-0.58617
-0.9954	0.28147	-0.33059	-0.44301	-0.51623	0.17227	-0.03846	-0.1658
-0.62514	-0.20661	-0.10346	-0.18859	-0.23262	0.29126	0.029695	-0.37596
-0.35002	0.07015	-0.48271	0.018915	-0.57728	0.026563	0.2666	-0.087431
-0.40799	-0.18216	-0.25488	-0.46586	-0.051057	0.21906	-0.024295	-0.14355
-0.80566	-0.24114	-0.39586	-1.0002	0.66847	-0.031507	0.61885	0.238
-0.058696	-0.31899	-0.32712	-0.42497	0.35338	0.24057	0.62153	-0.80337
-0.5808	0.16114	-0.93621	-0.01948	0.21708	-0.11696	0.5237	-0.4465
-0.9396	-0.085733	-0.56804	-0.3823	-0.59843	0.53461	-0.34942	-1.1594
-0.18572	0.092256	0.063489	-0.091374	-0.14498	-0.051222	-0.10624	-0.10505
-0.53684	0.55357	0.44791	-0.082873	-0.067268	-0.064031	1.141	-0.71298
-0.21227	0.2829	-0.63013	-1.088	0.55807	-0.50314	-0.39149	-0.45419
-0.62169	0.012927	0.24364	0.24398	-0.29737	-0.061594	-0.16463	0.0045159
-0.66867	0.15763	-0.51779	-0.24552	-0.11108	0.44423	0.41138	-0.37022
-0.52607	0.534	-0.5034	0.10067	-0.05005	-0.14494	0.17954	-0.66616
-0.31155	0.061099	0.0039648	-0.31697	0.15731	-0.47223	-0.10979	-1.1745
-0.28203	-0.15479	0.047928	0.081843	-0.64115	-0.41079	0.068953	-1.0079
-0.15026	-0.21002	-1.2142	0.10922	-0.26018	0.24903	0.18797	-1.0154
-0.60817	-0.035543	-0.35829	-0.49692	0.016087	0.15357	-0.060539	-0.96143
-0.98464	-0.44583	-0.59311	0.38185	-0.40704	-0.2854	0.69849	-0.074558
-0.51441	0.076772	-0.77387	-0.2218	0.39931	-0.18834	0.59794	-0.74713
-0.45736	0.83237	-0.15613	-0.00095021	0.23092	0.070369	-0.18671	-0.085418
-0.46594	0.34968	-0.11211	-0.20982	0.12852	-0.18971	0.068163	0.20176
-0.63063	0.020165	0.71047	-0.071409	0.47058	-0.84331	0.31072	-0.97492
-0.72787	-1.0797	-0.10125	-0.28829	0.093396	-0.16846	-0.21597	-0.51071
-0.095097	-0.096235	0.51755	-0.24863	-0.15423	0.23215	0.0093714	-1.1815
-1.5566	-0.22254	-0.59622	-0.099759	0.43092	0.27522	-0.21762	-0.83476
-0.076379	-0.47415	-0.19741	0.090362	-0.25813	-0.037047	0.32813	-0.87346
-0.30493	0.042198	0.24029	-0.411	0.21879	0.12124	0.22483	0.75369
-0.35571	-0.23569	-0.54888	-0.19618	-0.71745	0.35567	0.66773	-0.76201
0.18268	-0.033445	-0.35861	0.25142	0.06319	-0.19186	0.12985	0.49694
-1.317	0.45045	-0.12174	-0.18355	-0.40995	0.35963	0.76149	-1.6912
-0.17233	0.025792	0.12593	-0.016607	0.088808	-0.1177	-0.1245	-0.26571
-0.009881	0.19288	-0.6607	-0.60102	-0.10005	0.32227	0.038877	-0.42842
-0.33196	-0.094109	0.19448	0.043096	-0.21601	-0.092861	0.78829	-0.59747
-0.25943	-0.11216	0.18309	-0.80779	-0.037593	-0.75703	0.88674	-1.6906
-0.47525	-0.021347	-0.54977	0.04553	-0.32264	0.07275	0.39787	-0.58774
-0.066876	0.36044	-0.40612	-0.038659	0.42494	-0.13875	0.0088379	-0.17527
-1.2538	-0.002292	-0.38276	-0.0082942	0.056228	0.34628	0.054471	-1.0496
-0.27191	0.90376	-1.1796	-0.94196	-0.44779	0.4521	0.50218	-0.16234
-0.79328	0.35383	0.042189	0.025882	-0.22643	-0.041087	0.26278	-0.45999
-0.69136	0.028338	-0.16736	-0.44985	0.4897	0.088511	0.42104	-0.27334
-1.1073	0.21402	-0.82533	0.28608	0.3546	0.46781	0.31175	-0.98786
-0.93883	0.056778	-0.22643	-0.26746	0.0069927	0.034733	0.89454	-0.41146
-0.61438	0.15823	-0.5544	-0.48636	-0.3939	0.16044	0.22799	-0.6047
0.17849	0.59069	0.47644	-0.072482	0.12137	0.035932	0.019211	0.28479
-0.41766	0.015553	-0.11087	-0.11129	-0.15674	0.082013	0.36947	-0.26685
-0.19015	0.19323	-0.23138	0.13783	0.034918	-0.038306	0.092963	-0.2215
-0.51029	-0.19493	0.11061	0.21532	0.42011	-0.054264	0.15227	-0.19885
-0.37024	0.84565	-0.30528	0.39409	0.078678	0.20979	0.20173	-0.022055
-0.68407	0.12318	-0.035471	0.10813	0.74189	0.12701	-0.054113	-0.57883
-0.83206	0.12938	-0.29027	-0.82411	-0.88663	0.027264	0.27005	-0.89151
0.62315	-0.16893	0.0013259	-0.23024	0.04417	-0.30546	0.28871	0.62749
-1.4998	0.019171	-0.23243	-0.092034	0.41589	0.020054	0.43064	-1.1089
0.30353	-0.049447	-0.39332	0.029837	0.27679	0.055007	0.57234	-0.53953
-1.2918	0.13513	-0.60239	0.42861	0.049566	-0.16371	1.0958	-1.1658
0.085053	0.59041	-0.35388	-0.18111	0.22352	-0.13713	0.060109	-0.32808
-0.19765	0.44252	-0.29454	0.089138	-0.21032	0.099242	0.59625	-0.51406
-1.1373	-0.54072	-0.31047	-0.54118	0.037445	0.038638	0.56796	-0.25087
-0.42162	-0.18667	-0.3221	-0.26796	0.17515	0.13108	0.1321	-0.43408
-0.54624	-0.56674	-0.93351	0.32108	0.12653	-0.034586	0.10785	-0.014901
-0.64577	-0.0014349	0.1064	0.26714	-0.31737	0.26809	0.55069	0.052899
-0.52704	0.20081	-0.28824	-0.054094	-0.020899	0.12732	0.33391	-0.25562
-0.76613	0.15954	-0.21951	-0.41388	0.30222	0.66765	0.10732	0.19438
-0.032195	-0.86451	-0.58786	0.081279	-0.82703	-0.046977	0.49805	-0.55781
-0.30913	-0.41339	-0.40222	0.0075722	-0.27777	0.011267	0.41781	-0.51273
-0.60442	0.21749	-0.073516	0.0025045	0.37679	-0.22625	0.44206	-0.27523
-0.70567	-0.31145	-0.48122	0.16236	-0.38593	-0.36047	0.42807	-0.61096
-1.128	0.30764	-0.51394	-0.47203	0.16443	0.28328	-0.089569	-0.83642
-0.072473	-0.5702	-0.69214	-0.21947	-0.23005	0.94146	-0.92488	-0.66684
-0.49472	0.21997	-1.1727	0.10128	0.27923	0.37529	0.19487	-0.47985
-0.75697	0.079123	-0.31344	-0.054135	0.48833	0.61637	0.10522	-1.182
-0.23054	-0.29981	-0.21974	-0.36052	-0.31517	0.0391	0.56508	-0.76978
-0.34581	0.2133	-0.01739	0.089281	-0.038437	0.018771	0.047279	-0.64431
-0.40897	0.1073	-0.6453	-0.89214	-0.19267	0.50911	0.86443	-0.76071
-0.54805	-0.15153	0.68483	-0.47621	-0.10103	0.15408	0.085948	-0.93259
-0.60254	0.3114	-0.69153	0.081499	0.013347	0.0914	0.59719	-0.13267
-0.62013	-0.39637	-0.054722	-0.31442	0.19616	0.11428	0.25892	-0.62384
-0.48793	-0.4269	-0.15534	-0.25304	-0.20515	0.22386	0.76382	-0.43881
-0.88257	0.1629	-0.24503	-0.0011569	-0.014716	0.15339	-0.15568	-0.96742
-0.31298	-0.036107	-0.54275	-0.089455	-0.029313	0.14969	0.37668	-0.42012
-0.026768	0.55408	0.24943	-0.051602	0.109	0.28908	0.72355	-0.12487
-0.65021	0.28079	-0.57664	-0.42324	-0.12451	-0.17098	0.28487	-0.81151
-1.1573	0.15309	-0.12059	0.10684	-0.29961	0.38783	0.22251	-1.7113
-0.17514	-0.046474	-0.069206	0.066126	-0.16555	0.377	0.30847	-0.59997
-0.76125	-0.77313	-0.079666	-0.28172	-0.066976	-0.22307	0.19751	-0.75573
-0.89975	-0.057376	0.044532	0.45549	0.20418	0.22806	0.74235	0.10656
-1.0715	-0.1921	-0.081462	-0.081962	0.0083225	-0.29729	0.13043	-0.30241
-0.19083	-0.090385	-0.26622	-0.054871	-0.07953	-0.005303	-0.066903	-0.060372
-0.97858	-0.65107	-0.31702	0.25185	-0.30214	-0.17389	0.54803	-0.38226
-0.24272	0.13924	-0.25011	0.028958	-0.15663	0.11347	0.36003	-0.26508
0.46183	0.010822	-0.33285	-0.21803	0.18172	0.16229	0.62287	-0.44483
-0.030888	0.8096	0.27301	0.15267	0.014831	-0.098881	-0.45499	-0.02274
-0.55057	-0.16178	-0.25545	0.12658	0.11313	0.13365	0.36312	-0.37021
-0.25813	-0.53068	0.5373	-0.12917	0.091839	0.024947	0.25848	0.15337
-0.70406	-0.015701	-0.51669	0.60146	-1.0597	0.35242	0.20181	-0.72682
-0.71179	-0.12726	-0.1692	-0.53987	-0.045081	-0.081403	-0.16637	-0.63092
-0.36476	-0.19663	-0.61663	0.036976	0.067974	-0.00071168	0.64174	-0.35291
-0.17987	-0.076751	-0.19503	0.16985	0.4338	0.086401	0.19902	-0.53269
-0.49659	0.16128	-0.40951	0.47581	0.27905	0.24991	-0.20639	0.055451
-0.73925	0.17847	-0.30637	-0.25165	-0.59456	-0.59931	0.29531	-0.0070836
-0.57613	-0.1476	0.027399	-0.052502	0.59591	-0.015074	0.39173	-0.52096
0.35653	0.11121	0.24686	-0.3242	0.15578	0.13095	-0.13725	0.063002
-0.78878	0.28607	-0.088171	-0.15932	0.066921	0.23847	0.71432	-0.40789
-1.3852	-0.013858	-0.11213	-0.43647	-0.20332	0.23406	-0.24063	-0.82588
-0.57901	-0.076272	0.046184	-0.054615	0.018153	0.034998	0.11758	-0.42134
-1.6378	-0.59144	-0.618	0.32463	0.104	-0.19101	0.18228	-0.19988
0.23221	-0.23849	0.19837	-0.13016	-0.24713	-0.19785	0.64405	-0.20067
-1.743	0.20217	0.13653	0.063397	0.4134	0.029233	-0.098615	-0.85214
-0.4897	-0.71659	-0.13033	-0.13714	-0.12794	0.50582	0.22027	-1.2601
-0.38111	0.38633	-0.86129	0.37435	0.30566	-0.34729	0.91702	-0.758
-0.41248	-0.26617	-0.60048	-1.0549	-0.23755	0.15226	0.24952	-0.58471
-0.60095	0.28615	-0.41217	-0.0155	0.43612	0.38361	-0.098595	-0.14168
-0.3172	0.35809	-0.24569	-0.070019	-0.010362	0.13551	0.11216	-0.03117
-0.48492	-0.21982	-0.91845	-0.34271	-0.29795	-0.020349	0.5376	-0.92862
-0.18577	0.068941	0.048986	-0.44155	0.19977	-0.10155	0.22496	-0.60393
-0.79615	-0.6133	0.29027	0.35498	0.051621	0.16878	0.73709	-0.73227
-0.99096	0.0012342	-0.43367	-0.6525	-0.12047	0.39332	0.72781	-0.38814
-0.62007	-0.35656	-0.1514	-0.20529	0.23556	0.16323	0.6383	-0.79346
-0.60962	-0.29009	-0.23717	-0.11741	-0.055067	0.29811	0.78851	-0.19514
-0.5124	-0.032063	-0.40011	-0.25513	-0.066497	0.4302	-0.38106	-0.49701
-0.48748	0.37667	-0.39671	-0.3204	-0.014686	-0.10982	-0.17668	-0.52142
-0.27922	-0.13803	0.20005	-0.37193	-0.084875	-0.17047	0.65672	-0.30781
-0.52761	-0.25377	-0.3373	0.092957	-0.32062	-0.25545	0.28397	-0.14614
-0.47635	0.206	0.41481	-0.10796	0.11216	0.099358	0.54363	-1.3199
-0.5918	-0.11045	-0.09338	-0.22123	0.10756	0.19593	0.018883	-0.81867
-1.0358	-0.3491	0.22854	-0.23296	0.11406	0.20478	0.62999	-0.75039
-2.0495	-0.29586	-0.4307	0.31452	-0.15392	-0.39568	-0.13036	-0.6984
-0.9804	-0.03104	-0.0029936	-0.077867	-0.10271	-0.032914	0.18331	-0.52513
-1.4425	-0.19508	-1.2583	-0.70951	-0.18151	-0.13662	-0.08502	-0.99729
-0.2933	0.36685	-0.23096	-0.2019	-0.062022	-0.16995	0.11867	-0.31962
-0.74743	-0.055215	-0.11009	0.023735	-0.0092464	0.29622	0.18711	-0.73491
-0.56062	-0.099318	-0.44326	-0.18926	-0.15817	0.18571	0.60577	-0.13209
-0.1927	0.59403	0.014534	0.13003	-0.093552	-0.031148	0.18894	-0.12774
-0.62961	0.17008	-0.11786	-0.15334	0.37736	0.21008	0.31715	-0.7151
-0.6931	-0.59418	-0.32895	-0.23617	-0.27005	0.11079	0.49691	-0.47357
0.056475	-0.37453	-0.39599	0.30661	0.33227	-0.045186	-0.43132	0.097187
0.44352	1.0087	-0.31818	0.3331	0.52622	0.032882	-0.58141	-0.051919
-0.43178	-0.16802	-0.33476	-0.38145	-0.00039286	0.02128	0.31012	-0.61553
-0.11764	-0.19462	-0.22213	-0.21066	-0.020374	0.13268	0.039686	0.18416
-0.69674	0.60523	0.54661	-0.33893	-0.081492	0.13886	0.34528	-0.33848
-0.3774	0.012571	0.0095937	-0.20909	0.18532	-0.36309	0.64586	0.03312
-0.74465	0.072996	-0.59142	-0.42756	0.39555	0.037348	0.17337	-1.1173
0.77652	0.094522	0.18014	-0.50478	-0.88684	0.14825	0.13105	-0.10452
-0.63417	0.087224	-0.11875	-0.357	-0.26597	-0.34217	0.31876	-0.81979
-0.49598	0.45722	-0.59234	0.10095	0.011194	0.013773	0.25986	-0.43391
-0.76881	0.39205	-0.23459	-0.25643	0.2703	-0.35452	0.47203	-0.68368
-0.72027	-0.1718	-0.30709	-0.054229	0.012696	0.0027365	0.20679	-0.1532
-0.54131	-0.36807	0.3696	0.20652	-0.34758	-0.37331	0.37481	-0.90839
-0.89896	0.5276	-0.63754	-0.52322	0.32651	0.30299	0.16391	-0.28038
-0.3768	-0.14408	0.21488	0.38638	0.79152	-0.20142	-1.0896	-0.59783
-0.82464	-0.34005	-0.70296	-0.20849	-0.31588	-0.054351	0.28278	-0.19082
0.79124	0.48627	0.066927	-0.82326	0.87621	0.0037643	0.20106	0.63066
-0.19597	-0.61176	0.37538	-0.33305	-0.064852	-0.078878	0.015822	-0.23056
-1.8097	0.083995	0.50957	-0.45447	0.10946	0.0069873	0.81234	-0.49343
-0.95404	-0.049187	-0.75262	-0.24179	-0.06208	0.33479	0.55974	-0.1956
-0.74557	-0.77791	0.2038	0.22752	-0.58255	-0.20769	0.0030181	-0.90719
-0.00076916	-0.77306	-0.19002	0.0016628	-0.10974	0.16779	-0.42187	0.66237
-1.2729	0.47792	-0.33421	-0.74051	-0.34334	0.076705	0.020416	-0.2084
-0.26049	-0.60454	0.29937	-0.27848	0.090353	-0.07812	0.1673	0.23659
0.22891	1.2902	0.29732	-0.23391	1.1438	-0.54039	0.27135	-0.10581
-0.060881	-1.1423	-0.30675	0.6892	0.22668	-0.71138	0.56597	-0.96895
-0.33757	-0.023936	-0.31708	-0.13204	0.09113	0.060257	0.32253	-0.30582
-0.31211	-0.09585	-0.55012	-0.018053	-0.19816	0.28111	0.68997	-0.14263
-1.3112	0.35767	-0.10266	0.47848	0.078588	0.16462	-0.026116	-0.23966
-0.94256	0.11947	-0.64543	0.25522	-0.26386	0.22898	0.24016	-1.055
-0.29338	0.047226	-0.29401	0.25427	0.27845	-0.065512	0.22143	-0.54378
-0.78978	0.093986	-0.62135	-0.095756	0.15937	0.64512	-0.34633	-0.98377
-1.3865	-0.39413	-0.096501	0.45583	-0.085333	-0.025002	-0.27001	-1.0064
-1.2442	0.48676	-0.1201	-0.1178	-0.22508	0.35412	0.68188	-0.45196
-0.1126	-0.21747	-0.82854	0.13119	0.10078	-0.632	0.30328	-0.8636
-0.26255	1.0541	0.059797	0.0048283	0.42614	0.15458	0.029967	0.39026
0.60721	-0.71948	-1.2902	0.25275	-0.27924	0.003239	0.17623	0.58738
0.25297	-0.22613	0.29539	-0.1439	0.32337	0.26886	0.10264	0.098866
-0.50437	0.051327	0.10707	-0.41383	-0.05853	0.35879	0.34645	-0.29641
0.17585	-0.14621	-0.44616	0.62975	0.049171	0.41789	0.76649	-1.2226
-0.64824	-0.38433	-0.48743	-0.0096281	-0.025018	0.2496	0.22494	-0.70912
-0.21576	-0.36572	-0.29502	0.16432	-0.14466	0.0039157	0.3041	-0.46602
-0.38799	-0.38741	0.062461	-0.01077	0.027499	0.15768	0.2384	-0.25911
-1.1337	-0.28346	-1.0038	-0.28589	0.27	0.48405	0.88739	-0.90421
-0.65515	0.011069	0.21144	-0.17314	0.019906	0.14732	-0.010869	-0.66661
-0.53456	0.043556	-0.036289	-0.60571	-0.38137	0.12009	0.40988	-0.30308
-1.0511	0.20203	0.27624	-0.22241	-0.026204	0.17096	0.1427	-0.3529
-1.0344	-0.70616	0.21597	0.11652	0.14787	-0.21536	0.49623	-1.0466
0.37343	0.43946	0.18176	-0.27468	0.17105	0.011647	0.45568	0.3571
-0.37845	-0.15551	-0.030635	0.003486	-0.16173	0.26503	0.050627	-0.36797
-0.72003	-0.01534	-0.34383	0.025986	-0.080906	0.10342	0.044034	-0.4816
-1.0745	0.54175	0.75218	0.73842	-0.35354	0.41197	0.21389	0.14734
-0.42636	-0.27198	-1.2273	-0.45148	0.29866	-0.18102	-0.031955	0.025205
-0.1935	-0.45293	-0.48115	-0.13672	0.11761	-0.055118	-0.056314	-0.34255
-0.72439	0.048214	-0.066911	-0.25017	-0.27114	0.048649	0.23965	-0.46371
-0.30853	-0.12698	-0.16685	-0.087896	-0.028384	0.058707	0.091673	-0.25186
-0.418	-0.083205	-0.2721	-0.02807	-0.051969	-0.010627	0.32588	-0.17305
0.96478	0.77685	0.67048	0.15899	-0.31156	0.58417	-1.5921	-0.69513
-0.37761	-0.55382	-0.55686	-0.25374	0.086774	0.079706	0.35713	-0.99212
-0.6363	0.52183	-0.37845	-0.65638	0.012797	0.12278	0.62239	-0.53318
-0.50461	0.09002	-0.29705	0.16308	-0.10211	0.29041	0.44766	-0.33238
-1.1969	-0.92909	-0.69532	-0.53515	0.161	0.90811	0.78517	-0.55688
-0.65745	-0.26687	-0.062419	0.069868	0.1665	0.33614	-0.2042	-0.7724
0.45898	0.4967	-0.25452	-0.22763	-0.23456	0.59393	0.38473	-0.90362
-0.43404	0.54205	-0.60531	-0.14653	-0.062315	-0.25399	-0.004967	-0.085561
-0.33934	0.15344	0.96841	-0.44231	1.0286	-0.019282	0.54554	0.35489
-0.93807	-0.032137	0.28432	-0.2002	-0.34041	0.13938	0.44194	-0.49048
-0.78416	-0.089491	-0.65749	-0.047462	0.020127	0.40009	0.16763	-0.25329
-0.28054	0.13497	0.33922	-0.20864	0.084667	0.0011776	0.12049	-0.049691
-0.41787	-0.65417	0.22577	-0.30024	-0.17163	0.68578	0.063999	-0.69736
-0.42923	0.0028757	-0.36611	-0.32819	-0.06264	-0.027965	0.12471	-0.46189
-0.34103	-0.025769	-0.26798	0.28755	0.059638	0.35363	0.030064	-0.5655
-1.0381	-0.71327	-0.37683	0.47162	0.093674	0.06852	0.44132	-0.55409
-0.66114	-0.043041	-0.80488	0.2935	0.57452	0.24012	0.35581	-0.66015
1.0352	-0.029945	-0.20468	0.41564	0.5247	-0.012882	-0.29209	0.54754
-0.18871	0.19526	-0.39493	0.053356	-0.20468	0.25869	0.54764	-0.43651
-0.82166	0.34594	0.27334	0.66275	-0.17231	0.32074	0.49658	-1.0968
-0.58681	-0.20028	-0.55331	0.14371	0.016086	0.23665	0.14576	-0.44574
-0.23963	0.16191	0.60476	-0.15243	-0.25038	-0.071541	0.022641	-0.13318
-0.75803	-0.17864	0.23864	-0.1229	0.20718	-0.1494	0.37023	-0.29072
0.0068772	-0.099925	0.062055	0.069615	-0.12936	-0.099009	-0.019821	-0.15625
-0.30863	-0.041934	-0.23361	-0.19505	-0.0079801	-0.033948	0.20339	-0.34937
-0.20572	-0.03113	-0.63417	0.21378	-0.17836	0.032172	0.52685	-0.56417
-0.92034	-0.80785	-0.89957	0.048237	-0.90449	0.3446	-0.18333	-1.2384
0.21424	0.086348	-0.94955	0.68698	-0.26835	-0.59095	-0.40844	0.18587
-0.49424	0.37816	-0.376	-0.41417	0.048746	-0.039943	0.52956	-0.81802
-0.53838	-0.069659	-0.64482	0.050612	0.7123	0.29929	0.50768	-0.17904
-0.98345	0.36769	-0.45843	-0.2995	-0.70472	0.192	0.2604	-0.58163
-0.78163	0.033066	-0.15121	0.17822	0.1063	-0.40208	0.31054	-0.28284
-0.093083	-0.060954	-0.38457	0.066782	0.36698	0.011752	0.16916	-0.37763
-0.76834	-0.051259	-0.46439	0.26766	-0.11521	-0.13467	0.69771	-0.814
-0.3214	-0.34899	-0.76109	0.26236	0.41515	-0.68703	0.66488	-1.1105
-0.91009	0.36105	0.077559	-0.029736	-0.034405	0.10713	0.4898	-0.51016
-0.4201	-0.37435	-0.23873	0.017207	-0.027182	-0.15637	-0.09488	-0.92708
-0.6652	-0.4265	-0.90744	-0.25386	0.35771	0.080943	0.46584	-0.44155
-0.19107	-0.22305	-0.61776	-0.16637	-0.24714	0.21139	0.25377	-0.63916
-0.25832	0.023567	-0.21057	-0.021171	-0.008744	-0.14951	0.16984	-0.43369
-0.81523	0.2642	-0.40175	-0.44254	0.49286	0.39259	0.28528	-0.65079
-1.1024	-0.11666	-0.69435	0.48877	0.96659	0.16323	0.42672	-0.919
-1.2124	-0.055149	-1.4153	-0.76901	-0.64519	0.19547	0.94069	-0.9139
-0.64549	0.08713	-0.62629	0.28318	0.4356	0.3456	0.15102	-0.77633
-0.82243	-0.1325	0.07567	-1.094	0.13633	0.044411	0.10444	-0.6653
-0.30526	0.56196	-0.23839	-0.029586	0.11496	-0.041453	-0.21563	-0.6379
-0.36522	0.10016	0.040942	-0.36052	-0.3558	0.50696	0.40416	-0.54569
-1.0342	0.050364	0.27427	0.23757	0.19942	0.54083	0.57415	-0.091195
-0.48008	0.25482	-0.094956	-0.03378	0.13225	0.11268	0.029915	-0.56474
-0.97558	-0.14223	-0.089097	-0.67413	0.0064188	0.28859	0.22515	-1.3003
-0.38299	-0.13122	-0.10204	-0.1037	-0.25267	0.17925	0.38232	-0.033907
-1.1934	0.25258	0.044812	-1.0426	0.17966	0.67227	0.29494	-0.6837
-0.72022	0.22386	-0.72003	-0.55591	-0.86903	0.36529	0.68087	-1.3898
-1.4099	0.012053	-0.2748	-0.76347	-0.13573	0.012708	0.61746	-1.1132
-0.78679	-0.049363	-0.6648	0.26809	0.4631	-0.29854	0.058315	-0.62826
-0.82446	-0.57666	-0.60007	-0.25287	-0.086306	0.35176	0.0060619	-1.2714
-0.52269	-0.32744	0.14433	-0.20423	-0.21865	0.32483	0.16797	-0.2211
-0.091181	-0.050304	-0.22077	0.12342	-0.2413	-0.14438	0.55753	-0.18037
-0.30759	-0.26152	-0.13215	-0.22782	-0.15439	-0.074416	0.47994	-0.02201
-0.77677	0.19872	0.028989	0.098825	0.35888	-0.25513	0.99149	-1.027
-0.17069	-0.59499	-0.32364	0.3228	0.20696	0.074638	-0.15052	-0.2176
-0.25965	0.18178	0.31656	0.11563	0.097942	-0.38039	0.38866	-0.48407
-0.69288	0.060408	-0.072316	0.10619	0.3676	-0.16366	0.43924	-0.82459
-0.73668	-0.13673	-0.82741	-0.31993	-0.083053	-0.2605	0.42398	-0.24346
-0.83652	-0.047861	-0.60497	0.19435	-0.070005	0.059262	0.30299	-0.56388
-0.6648	-0.31107	-0.94454	-0.033562	-0.45787	0.21242	0.35879	-0.4069
-0.51536	-0.33349	0.24338	-0.11662	0.23511	0.052703	0.047485	-0.30925
-0.90898	0.31611	-0.82911	-0.51082	0.40575	0.47004	0.49505	-0.6859
-0.99351	0.59392	-0.7093	0.15942	0.8742	0.19341	0.88458	-0.4969
-0.55879	0.018678	-0.63323	0.16496	-0.022274	0.36882	-0.276	-0.39139
-0.47873	-0.22465	-0.1428	-0.055477	0.37682	-0.10411	-0.012723	-0.68418
-0.96125	-0.10609	-0.66554	-0.97705	0.30807	1.3283	0.81353	0.2271
-0.3005	-0.22512	-0.41111	0.32546	-0.16926	-0.11726	-0.028739	-0.58373
-0.518	-0.14902	0.16169	-0.092418	-0.27897	-0.04947	0.32471	-0.10359
-1.207	0.037497	-0.30594	-0.52162	0.3447	-0.52471	0.039009	-0.86035
0.39511	0.014854	-1.1734	0.34541	-0.039669	-0.12849	-0.21892	-0.20442
-0.36919	-0.33814	0.081566	-0.072033	0.10024	-0.3121	0.14371	0.14495
0.025953	-0.56766	0.5177	-0.0067043	0.45666	-0.059314	0.23812	-0.033839
-0.29007	-0.22202	-0.42854	-0.20509	0.070592	0.26638	0.20189	-0.54917
-0.75861	-0.12122	-0.11144	-0.28866	0.20428	0.14857	-0.22256	-0.066723
-0.54951	-0.1919	-0.63673	0.47422	-0.15699	0.41322	0.2039	-1.2286
-0.94918	0.13786	-0.44315	0.1066	-0.47711	-0.8166	0.98535	-0.6953
-0.78339	-0.58289	-0.34359	0.18307	0.074371	0.16023	0.067741	-0.82694
-0.33863	0.064732	-0.53074	0.10737	0.0359	-0.0060904	0.061151	-0.30387
-0.517	0.22457	-0.11326	0.42145	0.0145	-0.02336	0.42205	-0.66853
-0.64598	-0.0050472	-0.039287	-0.6071	-0.66738	-0.03478	0.56478	-0.53977
-0.64321	-0.4553	-0.62168	-0.15223	-0.34553	-0.25918	0.068616	-0.60525
-0.737	0.49864	-0.4524	-0.49212	0.75225	0.45085	0.18098	-0.66797
-1.5292	-0.2552	-0.77186	-0.28181	0.78565	0.3487	0.73311	-0.13487
-0.32839	0.20242	-0.20976	-0.19037	-0.32956	-0.054535	0.39923	-0.36876
-0.78221	0.23104	-0.37871	0.093078	0.041174	0.06138	0.31512	-0.45064
-0.82074	0.19008	-0.86563	-0.045965	0.090042	0.50469	-0.53343	-0.32085
-0.35317	0.38537	-0.44767	0.13587	0.52058	0.17363	-0.5281	-0.9125
-1.1368	-0.3495	0.26531	-0.11566	-0.026442	-0.30071	1.1001	-0.64771
-0.98384	-0.16767	-0.0021488	0.25269	0.23508	-0.16298	0.12319	-0.7268
-0.54395	0.038743	-0.41723	-0.016885	0.037547	0.42787	0.63087	-0.86498
-0.61127	-0.24753	-0.71204	-0.29726	0.13484	0.25532	0.28323	-0.21837
-1.2114	0.56818	-0.19047	-0.2114	0.37571	0.30752	0.84101	-0.58632
-0.85361	0.59119	-0.91583	-0.059707	0.33155	0.31937	0.22795	-1.0455
-0.42878	-0.24262	-0.011441	0.2226	0.22974	0.38709	-0.18807	-0.52449
-0.75068	0.1761	-0.53729	-0.14578	-0.48148	-0.091395	0.63781	-0.63386
-1.2485	0.13045	-0.16518	-0.67091	-0.1697	0.23381	0.30051	-1.1214
0.32554	-0.59212	-0.96194	0.71064	-0.40926	-1.1316	1.3342	0.056086
-0.51194	-0.31749	-0.27706	0.078437	-0.11743	0.71562	0.28272	-1.1373
-0.59965	-0.35012	-0.34264	0.26487	0.031795	0.053035	0.2064	-0.32182
-0.82598	-0.3896	-0.91093	-0.048593	-0.035079	0.4189	0.43814	-0.91157
-0.68697	0.47819	-0.35122	-0.13369	0.055963	0.44747	0.79454	-0.92719
-0.69126	-0.12856	-0.54824	-0.18135	0.30045	0.22721	0.51323	-0.48
0.49182	-0.29094	-0.86086	-0.1168	-0.47988	0.75899	0.22019	-0.75894
-0.56472	-0.25573	-0.43184	0.5102	-0.1378	-0.16079	-0.071762	-0.052375
-0.83261	0.25589	-0.7928	-0.36003	0.45041	0.62423	0.18175	-0.47606
-0.27128	-0.59098	-1.0327	-0.035019	-0.53371	-0.41122	-0.078155	-0.58646
-1.142	-0.17164	0.12278	-0.12297	0.25163	-0.082989	0.50323	-0.95657
-0.64382	-0.15182	-0.34478	-0.15982	0.17836	-0.0079406	0.54559	-0.16485
0.010989	-0.67969	0.14116	-0.69738	-0.46933	-0.27045	-0.31549	0.72136
-0.27119	0.17106	-0.75849	0.061239	-0.70398	0.259	0.1088	-0.8388
-0.59307	0.022936	-0.49765	-0.050483	-0.17812	-0.21683	0.40229	-0.52023
-0.43243	-0.16411	-0.82281	-0.16367	0.15285	0.21031	0.1163	-0.22422
-0.5424	-0.23064	-0.67536	-0.031893	-0.20421	0.17097	0.57148	-0.38562
-0.091813	-0.65571	-0.44394	-0.18454	0.031195	-0.2769	0.12603	-1.094
-0.87648	0.36182	-0.4046	-0.94385	0.25776	-0.85742	-0.034957	-0.9051
-0.46415	0.046288	-0.63919	-0.29421	0.18153	-0.012288	-0.0852	-0.50477
-0.48382	0.29507	0.37799	-0.21862	-0.21235	0.068392	0.3276	-0.082314
-0.33826	-0.87665	-0.54011	0.015074	0.099693	-0.032285	0.0062482	-0.41001
-1.2757	0.48965	-0.70132	-0.51847	0.15319	0.20908	0.53247	-0.70109
-1.0735	0.0023049	-0.14167	-0.17025	0.086076	0.090962	0.57794	-0.37824
-1.1824	-0.51193	-1.2226	-0.032205	-0.9299	-0.09455	0.67033	-0.62691
-0.20634	-1.0396	-0.25839	0.24231	0.034352	0.22439	0.5135	0.26629
-0.46055	-0.031505	0.049902	0.013559	0.24498	0.077719	0.39391	-0.56528
-0.94508	-0.47799	-0.090291	-0.25609	-0.1061	0.22797	0.16981	-0.54585
-0.95712	-0.52648	0.27147	0.26243	-0.27846	0.44038	0.68135	-0.63801
-0.54145	-0.18946	-0.58928	-0.12959	0.3713	0.45595	0.62685	-1.0769
-0.64702	0.053514	-0.43647	0.1963	-0.27797	-0.038205	0.14132	-0.75909
-0.63826	-0.094905	0.35926	-0.27891	0.1472	0.12179	0.58575	-0.18446
-0.71478	-0.14171	-0.24233	0.2605	0.079161	0.52356	0.24384	-0.3591
-0.67842	-0.03813	0.51346	-0.66445	-0.027283	0.06249	0.40565	-0.43278
-1.0662	-0.47981	0.023446	-0.27701	0.16962	0.34824	0.34765	-0.91518
-0.18403	-0.32288	0.22025	-0.086541	-0.154	0.12843	0.095256	-0.66104
-0.65723	-0.34058	-0.80926	-0.2198	-0.29386	0.13351	0.8726	-0.53127
-0.8852	1.1937	-0.62058	0.53062	-0.2665	-0.0069837	-0.90987	0.56193
-0.37013	-0.12616	-0.34797	-0.23738	0.13908	0.23932	0.31356	-0.85406
-0.78833	-1.4682	0.21675	-0.017384	-0.039239	0.020263	1.1645	-0.0093744
-0.85283	-0.11094	-0.21551	-0.04132	0.3641	-0.11836	1.2388	-0.55346
-0.36723	-0.046987	-0.31834	-0.17134	-0.10495	0.11974	0.020985	-0.078235
-0.65421	-0.073007	-0.23429	-0.65141	-0.088425	-0.021642	0.41622	-0.086016
-0.46321	-0.42316	-0.30826	-0.40363	-0.24564	0.32221	0.74518	-0.32993
-0.76982	0.059998	-0.35788	-0.70705	-0.30492	-0.44175	-0.31627	-1.073
-0.5298	0.094967	-0.84897	-0.21325	-0.10989	0.34838	0.22957	-0.62522
-0.29357	0.022594	0.13418	0.073342	0.098766	0.23246	0.33923	-0.43034
-0.31093	-0.27324	-0.3004	0.025348	-0.046064	0.045202	0.4571	-0.59348
-0.17965	-0.25022	0.36016	-0.28017	-0.22759	0.18995	0.18224	-0.21192
-0.10396	0.027835	-0.063523	0.042974	0.28488	0.0083937	0.21468	-0.061896
-1.464	0.17138	0.26059	-0.44946	-0.17326	-0.45409	0.13347	-1.0074
-0.34448	-0.018875	-0.23299	-0.043455	-0.0015133	0.29264	0.23248	-0.26814
-0.76417	-0.21805	-0.083181	-0.26553	-0.040614	0.12962	0.46381	-0.67182
-0.070966	-0.088724	-1.0144	0.52037	-0.23666	0.74064	0.070454	-0.86107
-0.154	0.54451	0.086067	-0.015129	-0.054342	-0.14689	0.11499	-0.33954
-0.47756	-0.32603	-0.11621	0.077155	-0.26746	0.0084208	0.5667	-0.37589
-0.98695	-0.14344	0.077618	0.37	0.46697	0.27605	0.13576	-0.46184
-0.6408	0.21426	-0.32067	-0.37458	-0.008867	0.22625	0.12073	-0.27074
-0.17227	-1.2442	-1.2441	-1.2406	-1.3782	0.19274	1.0982	1.4837
0.20619	-0.43298	0.094901	0.077689	0.26234	0.13361	0.17544	-0.35346
-0.42974	-0.79326	-0.026987	-0.087637	0.18384	0.083293	0.12666	-0.43701
-0.1328	0.21723	-0.81941	0.10442	0.10464	0.064288	0.12052	-0.54015
-0.27015	0.36013	0.74638	0.24141	-0.23109	0.19406	0.0058644	-0.87324
-0.27015	-0.32741	-1.3327	-0.42283	0.28699	0.23357	0.61492	-0.82525
-0.70143	-0.057581	-0.25776	-0.21459	-0.25597	0.42032	-0.15114	-0.093271
-0.74937	0.36767	0.57483	-0.35852	0.09333	0.53275	0.33447	-0.58275
-0.70434	0.10541	-0.78496	-0.057979	-0.063388	0.18474	0.35273	-0.90033
-0.45997	0.015718	0.080886	-0.31532	-0.033767	-0.080741	0.088989	-0.32317
-1.1564	0.043947	1.0526	0.59436	-0.41201	0.50136	0.67205	-0.77982
-0.70858	0.087219	-0.8131	0.69706	0.052501	0.052762	-0.15758	-0.013437
-0.19425	0.08696	-0.0042518	-0.024892	0.27714	-0.082652	0.24077	0.036616
-0.10421	-0.3371	-0.20537	0.07647	0.10208	0.25496	0.099477	-0.79194
-0.97189	-0.15514	-0.50327	-0.25695	0.12078	0.072706	-0.037413	-0.021836
-0.65359	-0.17245	-0.13509	-0.089664	0.0084542	0.15829	0.17766	-0.57794
-0.80536	0.15257	-0.25436	-0.19511	-0.048816	-0.30124	0.28249	-0.0079244
-0.76182	0.037169	-0.58082	-0.25626	-0.019461	0.14233	-0.058567	-0.89686
-0.99601	-0.035418	0.064556	0.18161	0.54044	0.17398	0.96527	-0.62253
-0.59875	0.18926	0.27797	-0.017457	0.12373	0.47022	0.55116	-0.53378
-0.53813	0.204	-0.28192	-0.78602	-0.59818	0.069598	-0.15797	-0.50429
0.8733	0.42411	-0.14337	-0.56773	-0.3033	0.57167	-0.24195	0.66772
-0.6632	-0.017526	-0.27044	0.26537	0.20158	0.20198	0.29231	-0.69757
-0.023581	-0.011455	-0.53192	0.023174	0.2302	-0.071438	0.12115	0.34569
-0.40186	0.068875	-0.28208	0.35089	0.1282	0.07117	0.23331	-0.75459
-0.076986	-0.88839	-0.16112	-0.15946	-0.20088	-0.03763	0.017103	0.18249
-0.88957	0.021209	-0.42027	-0.28422	-0.19133	0.29143	0.77724	-0.69799
-1.1837	-0.48444	-0.48337	-0.38064	0.042166	0.46979	0.035598	-0.58843
-0.41718	0.18023	-0.10217	-0.16224	0.071509	0.29007	0.5539	-0.4823
-0.38733	-0.61766	0.11884	-0.039281	-0.12599	-0.25689	0.27633	-0.44975
-0.24035	-0.60014	0.25652	-0.31387	-0.64585	-0.050671	0.65771	-0.82735
-0.34079	0.097078	-0.27708	0.46268	0.32335	-0.52364	0.70745	-0.32094
-0.77495	-0.0068505	-0.12325	-0.43289	0.20584	-0.3615	0.55911	-0.17987
-0.30552	-0.3325	-0.43623	0.14556	0.41019	0.34707	-0.032337	-0.28917
-1.0287	-0.57342	-0.19169	-0.10914	-0.22349	0.48808	0.33904	-0.8028
-0.46719	0.24973	-0.15741	0.35609	0.41591	-0.0047815	0.0447	-0.39179
-0.29643	0.045644	-0.79724	-0.20801	0.086781	0.022711	0.15058	-0.30535
-0.48764	0.13975	-0.22678	-0.48588	-0.22567	0.47806	0.49015	-0.40586
-0.42089	0.26222	0.14612	-0.027032	0.14154	0.090996	0.17132	-0.2269
-0.56735	-0.52827	-0.47801	-0.092898	0.38194	0.6312	0.42316	-0.13286
-0.83978	-0.11951	-0.82044	0.4738	-0.23204	0.66836	0.33985	-0.77723
-0.51426	-0.13854	-0.68465	-0.037016	-0.034355	0.27943	0.19434	-0.78357
-0.59637	-0.15623	-0.38007	-0.13837	0.075763	0.15711	0.32155	-0.29558
-0.80784	-0.072275	-0.29644	-0.15042	0.0033536	0.17475	0.014854	-0.46143
-0.84752	-0.23675	-0.24776	-0.31942	0.41556	0.13235	0.4645	-1.0043
-0.26507	0.076428	-0.69602	0.13167	0.17238	0.41188	-0.085	-0.6957
-0.72041	-0.73701	-0.12949	-0.21763	-0.065715	0.095268	0.40127	-0.52176
-1.5008	-0.50715	-0.51492	-0.017699	0.63021	0.21684	0.7803	-1.625
-0.31733	-0.2406	-0.014149	0.095286	0.17913	0.08532	0.044448	-0.36961
-0.58855	-0.87539	-0.31921	-0.16122	0.0035394	-0.13435	0.19873	-0.44179
-1.5361	-0.31946	-0.26817	-0.20046	-0.22358	-0.11502	1.4945	-0.49118
0.046397	0.27793	-0.1977	0.37239	0.12025	0.044469	0.21569	-0.28379
-0.19246	-0.59731	-0.36357	0.0922	-0.039536	-0.065558	0.69332	-0.71886
0.24118	-0.45971	-0.37955	0.36548	-0.23188	0.31907	0.29166	-0.88332
-0.5621	0.16578	-0.087004	-0.65593	0.17168	-0.25787	0.46047	-0.37566
-0.93596	-0.75525	-0.25172	0.16325	0.072634	0.18905	0.11806	-0.30637
-0.27587	0.26495	-0.41186	0.054798	-0.11381	0.069871	-0.075024	-0.18856
-0.19426	-0.47378	-0.72402	-0.60917	0.25514	0.34887	0.3154	-0.65359
-0.8189	0.47698	-0.95842	0.5651	-0.23536	0.23126	-0.042743	0.83793
-0.72641	-0.6674	-0.25871	0.00072216	0.26409	0.44998	-0.29306	-0.22395
-0.58925	-0.088698	-0.16045	0.14503	-0.30355	-0.13149	0.62647	-0.35944
-0.57391	-0.21392	-0.30259	-0.10335	-0.30727	-0.0055221	0.34175	-0.27969
-0.50662	-0.35265	-0.51519	-0.24373	-0.1151	-0.45067	0.014326	-0.93648
0.32805	0.0071652	-0.715	-0.014582	0.060392	-0.13812	0.2604	-0.010716
-0.50699	-0.92488	0.3539	0.40594	-0.11421	0.34331	-0.46671	-0.57394
-0.44073	-0.34293	0.39678	-0.037817	0.025999	0.055691	0.085923	-0.1811
-0.40589	0.15304	-0.59042	0.01901	0.27902	-0.072764	-0.32783	-0.31519
-0.78454	-0.55531	-0.023826	-0.33282	-0.28348	0.42732	0.9541	-0.50937
-0.16761	-0.071901	0.38471	-0.035699	0.061819	0.13465	0.40613	-0.60017
