27.433
22.888
45.255
28.05
16.278
6.5673
38.76
40.779
12.764
12.622
48.241
16.586
11.166
6.3217
15.99
12.248
2.7569
17.033
12.624
30.239
4.1795
27.829
3.8693
0.89893
41.146
14.758
20.042
24.081
23.848
21.857
22.039
28.772
44.876
25.241
19.231
40.027
9.3561
6.5266
42.895
49.557
41.907
29.602
13.279
29.756
38.608
19.301
8.0613
42.632
11.197
29.944
10.208
21.674
10.869
7.1957
29.566
16.751
5.8571
23.383
51.903
27.407
12.122
8.8553
2.8052
9.4054
7.5437
31.14
37.08
10.829
16.005
25.457
12.034
7.6061
14.871
8.0834
39.232
3.8533
11.72
38.391
20.212
30.447
17.517
7.0995
38.209
11.236
11.935
16.621
39.544
41.132
38.137
2.4825
9.3932
48.577
20.65
36.24
11.793
26.672
42.265
11.621
38.057
27.382
37.08
22.77
22.465
8.557
38.066
12.325
39.181
25.158
7.2755
7.3327
10.057
39.65
33.23
24.446
12.195
38.698
16.482
3.5775
3.8757
12.651
9.0273
9.3923
23.613
33.794
6.7474
6.9038
14.168
20.626
41.858
11.005
44.568
19.259
6.4531
4.8947
6.8594
2.2746
10.47
25.664
8.3076
26.578
10.855
19.375
6.5549
11.86
3.1302
6.0275
16.601
10.061
6.1967
20.353
15.288
37.472
10.174
17.312
5.1854
8.5189
15.259
41.463
9.1895
4.3584
18.717
29.433
4.6782
13.77
12.95
23.549
11.937
12.497
25.471
7.902
15.95
8.197
24.82
30.82
0.52424
9.806
11.949
2.5521
11.149
33.577
19.675
43.488
45.517
28.195
6.6649
7.5804
37.61
3.3056
1.7738
42.659
25.42
12.774
10.802
9.2257
7.4489
40.012
8.2492
17.685
17.003
48.67
12.571
20.069
39.31
28.33
1.3783
10.062
17.587
6.0652
37.807
8.5724
16.335
38.537
12.378
41.246
21.415
18.573
3.1923
25.783
44.251
2.4218
20.457
33.364
20.403
4.2205
42.977
8.1939
9.1101
9.5125
27.618
17.293
5.6254
23.136
10.491
11.541
25.296
14.376
10.063
19.818
28.323
23.984
37.203
12.818
7.5008
12.806
12.986
1.714
2.0094
37.734
17.551
14.755
19.503
11.588
15.788
9.3268
31.491
25.504
2.9302
17.417
12.962
17.3
44.537
4.1115
14.092
45.459
30.978
11.343
3.4759
15.742
7.1415
20.42
11.5
29.645
6.0035
8.7791
8.8683
16.626
26.858
15.73
6.35
14.047
19.471
43.132
6.3092
10.835
21.189
35.65
7.4573
31.153
34.486
9.6082
7.1657
3.2906
5.5773
32.043
5.6976
44.445
23.759
14.411
12.162
19.826
9.5521
7.073
16.47
17.761
15.806
18.145
4.1982
17.954
1.8007
43.116
8.4551
21.926
55.034
9.2125
8.4322
28.537
39.495
9.4283
10.192
18.123
9.7042
41.55
8.5783
4.4843
10.246
5.285
15.2
22.578
14.623
5.8359
5.2776
42.626
41.92
26.31
5.2148
31.573
5.8048
13.995
24.341
25.021
12.567
9.2915
17.972
10.654
12.923
10.828
22.026
34.396
8.1996
45.192
42.024
17.823
33.859
23.215
9.1281
5.4552
31.692
11.145
1.8426
9.1972
23.546
9.8996
8.9709
5.6575
12.349
2.8999
11.063
9.1617
1.4631
30.995
62.432
13.471
50.713
10.252
5.587
36.118
19.873
22.351
12.623
5.2137
28.009
15.274
28.58
40.991
6.0455
6.5999
2.7851
4.4449
17.742
42.019
25.957
15.74
23.031
6.7721
9.6269
8.6215
2.609
3.5497
14.57
5.4868
9.4981
9.0671
11.756
7.073
15.175
8.834
14.859
20.561
41.535
37.143
9.6773
13.969
36.512
12.347
2.0329
10.258
14.021
30.342
6.2556
14.623
5.7408
32.669
10.245
44.725
40.2
4.3735
7.2091
42.099
40.785
21.06
46.962
2.1484
45.832
2.6222
14.098
36.162
16.612
3.6464
36.087
13.303
6.2767
23.921
34.039
8.0896
6.8065
13.794
5.2817
12.403
4.0741
3.3278
34.125
8.9972
23.801
43.354
26.773
14.349
1.7843
30.495
27.503
4.0121
4.072
18.498
26.323
32.112
11.245
42.009
10.636
19.034
39.463
3.9183
5.7275
17.446
1.4167
11.261
31.368
18.655
8.7795
8.0807
4.0931
10.74
14.002
34.138
5.5215
13.52
14.849
9.7697
41.193
14.038
13.913
5.2836
14.48
55.438
33.946
14.08
1.7634
9.5191
3.3312
1.4245
16.574
41.493
48.403
5.7059
4.837
37.664
24.663
12.666
6.1782
6.0353
16.904
13.884
35.455
22.722
43.284
3.9896
15.434
18.221
34.396
15.055
1.6234
17.352
6.7861
32.384
4.9113
18.23
5.5428
10.227
9.4969
17.306
17.245
1.3938
4.9214
12.061
29.297
6.3991
2.8271
39.426
9.9677
2.8233
12.2
18.324
36.093
30.114
42.389
13.653
18.165
4.9805
37.698
11.844
7.0098
3.7173
12.995
38.785
11.289
10.356
14.976
24.346
19.54
38.757
4.0957
34.623
50.233
15.62
16.24
27.549
45.975
21.474
12.728
13.364
12.671
27.876
13.622
17.107
26.509
12.81
7.0521
24.456
7.2122
13.344
20.638
50.602
19.662
8.1487
0.76694
44.888
8.6768
2.7393
28.454
18.443
18.752
41.177
5.4379
1.2394
11.042
46.957
26.814
45.357
18.284
35.183
16.727
2.3592
45.586
6.1892
9.3636
1.4166
5.3643
23.635
45.693
27.408
42.039
1.8509
18.381
13.738
4.5586
13.822
15.884
14.141
44.132
4.3055
40.567
8.3697
13.496
9.1145
7.3342
5.1763
19.85
7.7191
4.8026
36.653
16.486
15.976
18.4
11.092
15.982
14.008
26.319
6.5616
11.515
13.851
3.2508
17.776
4.0451
7.7487
8.4727
39.624
41.541
12.05
34.191
47.086
8.1272
46.009
1.644
8.2853
9.2792
18.43
21.353
8.8974
12.806
20.551
18.415
4.3478
6.307
19.749
10.289
13.12
6.1635
2.8043
13.425
39.117
36.859
13.68
22.297
38.759
17.612
13.389
16.639
9.3331
33.312
33.13
22.248
18.127
24.51
22.479
6.9333
18.044
39.662
14.492
5.4524
13.029
17.622
6.7846
39.596
39.215
4.8719
7.1032
8.5977
11.816
36.796
8.5003
14.619
17.388
16.822
24.82
7.1044
14.114
8.5679
9.5942
22.445
21.237
21.024
3.1545
35.503
46.103
19.057
0.82544
14.346
11.82
21.082
12.262
11.069
33.29
9.7956
38.166
9.3273
15.408
12.576
16.252
13.429
1.3154
4.5098
12.605
8.3272
11.052
9.3153
9.5218
17.407
25.245
6.9827
12.838
41.695
15.943
24.549
10.948
20.749
18.27
10.247
42.578
7.05
42.943
20.368
23.166
7.809
7.5988
22.117
12.184
0.97524
9.711
6.9056
3.8476
27.356
10.156
7.4672
7.9027
36.319
13.755
11.766
39.259
5.8346
16.077
7.6417
2.1457
22.638
30.817
15.849
1.3792
0.95501
34.662
5.015
16.894
27.164
5.769
44.989
33.755
24.658
5.3681
13.195
13.205
10.886
28.703
34.091
13.677
16.87
12.607
4.0168
5.0723
21.115
23.737
2.6637
8.3409
11.434
27.597
5.6791
13.282
1.1702
3.3461
15.8
20.745
9.3576
27.247
9.0672
5.4954
39.377
3.1976
26.173
8.1911
19.417
34.751
31.904
19.326
20.791
30.862
6.7468
40.676
16.832
13.87
17.473
37.489
16.866
37.263
31.549
26.076
37.691
-0.055014
0.66648
19.718
2.0173
4.449
17.217
52.867
10.001
10.411
8.6677
18.827
13.189
21.626
43.054
25.569
18.448
37.133
5.9856
14.392
3.6129
41.543
7.3285
42.636
7.4771
6.9997
29.887
2.3062
5.23
42.331
23.745
17.194
5.9529
32.189
39.803
8.4302
12.851
19.74
5.496
2.3132
6.7838
5.869
0.6224
8.9831
13.728
19.826
7.0369
13.381
10.243
11.057
26.966
17.464
0.46113
2.7977
17.57
24.426
19.069
7.2731
28.219
3.5869
9.6286
32.009
0.31928
5.0715
6.1143
16.313
42.254
19.295
15.987
6.1821
11.913
1.9454
6.8525
4.7049
7.0155
12.511
32.694
11.919
39.046
5.7659
9.9704
15.281
12.218
12.601
7.5019
4.7512
19.424
11.528
4.9038
25.467
27.478
25.506
9.4126
6.3997
2.9331
26.296
32.755
10.327
8.8243
4.5237
6.8407
9.2839
3.795
2.9649
25.955
6.7997
13.489
9.3556
13.463
23.059
38.783
25.376
1.0021
20.738
4.8655
38.213
11.926
5.9965
7.4329
25.938
45.395
8.9468
32.619
7.3457
19.094
5.1876
23.023
35.491
17.512
17.576
18.443
27.851
6.6859
9.0614
9.2282
7.6782
3.9597
39.543
18.331
5.9096
11.831
17.485
20.88
30.566
35.7
2.1038
26.647
44.04
1.7791
7.4704
2.6399
48.102
5.7836
17.414
5.9585
22.312
5.5219
30.919
2.8355
43.573
9.5615
19.462
4.2795
20.762
3.4492
8.1641
3.2007
17.704
0.56799
24.088
14.958
4.7049
37.528
28.033
20.673
18.643
45.776
4.8921
7.5082
13.564
31.516
2.107
8.4206
3.6274
3.8365
20.609
48.437
27.666
44.659
11.465
18.064
2.8117
9.6822
9.0483
3.4489
31.736
4.9282
12.695
3.9748
13.206
43.317
25.337
54.631
17.646
5.8766
25.604
6.936
2.0818
8.476
14.071
5.4425
38.451
37.657
19.189
7.1251
7.2041
61.906
6.7993
5.045
43.329
