5.6045
4.4196
7.7161
5.5855
4.7491
4.9453
5.9501
4.7299
5.7953
6.2498
6.241
5.2007
6.1731
6.7138
5.9251
3.3265
6.3503
5.7919
6.1533
6.6643
6.0637
4.7094
6.9908
3.765
4.2543
6.25
4.3737
4.8334
7.3106
4.7426
5.0777
6.8041
5.2898
6.8103
6.9673
8.0152
4.2694
7.4704
6.9645
10.656
5.1972
4.4007
6.6833
6.1015
3.8407
5.6149
5.4087
6.4468
3.0063
5.9094
5.2124
4.6707
2.8562
3.9657
7.0362
6.2044
4.9204
4.7539
4.9665
4.3905
6.4865
4.9624
4.6001
5.9211
5.5604
4.0103
5.1405
4.7479
5.285
5.8229
5.3448
6.6712
8.024
4.8602
6.005
5.6504
5.817
4.302
3.39
5.5876
5.5264
4.4383
5.9702
5.2263
4.1309
5.8112
4.1463
6.9062
4.5286
5.3112
6.1282
6.0241
9.8356
5.2471
5.6729
4.4279
6.5941
5.5957
4.8735
7.1829
2.7954
6.1577
7.6699
5.1826
3.5716
6.3735
4.0862
5.129
6.3075
8.0333
4.8872
5.2736
4.0835
6.9758
4.0316
8.6951
6.464
5.3915
5.8368
5.9374
5.732
5.8385
3.7813
5.6824
7.5145
4.5546
6.4723
5.8337
3.9212
6.7638
5.9213
4.8654
5.6191
4.3899
4.3801
6.0069
5.811
4.8109
5.3092
3.4736
5.0703
3.4224
4.932
5.137
3.8525
5.4984
6.2251
2.6373
5.6914
8.428
4.4599
3.1993
4.6405
5.0162
4.6767
4.5378
3.9886
5.9816
3.4448
5.1312
7.0995
4.2566
4.104
4.1732
5.7467
5.1811
5.2474
7.5624
4.2223
6.2264
4.8202
7.2897
5.6609
4.4112
6.2654
3.1041
5.9448
5.3347
4.6149
5.8994
6.5565
6.6862
4.7452
6.0333
5.4028
5.5934
5.44
5.4669
4.8547
5.7436
6.0971
4.69
4.261
4.342
6.6165
7.5911
4.6955
4.7136
4.1968
4.0768
7.0376
4.0466
8.8837
6.078
4.232
4.6345
4.453
5.0238
5.2345
4.1508
5.4446
3.6998
4.3314
3.8032
6.4094
4.2388
3.8722
4.3949
4.9249
5.2216
5.2605
4.8259
4.4055
3.5924
4.6526
6.7409
6.2031
3.3815
3.384
4.8229
7.0906
3.9582
4.3277
7.2037
4.5253
7.6304
6.926
5.3219
5.9697
5.349
3.9487
6.4581
5.6411
3.4099
4.5024
3.6996
3.2165
5.5255
3.024
5.2015
4.5064
6.4164
5.8482
4.1625
3.9751
2.3807
3.6349
3.8794
5.9542
7.1369
7.2391
6.4266
7.5651
7.1477
5.9525
4.9079
6.2484
6.6779
5.9316
5.0452
6.1658
6.387
4.219
6.3968
4.7244
5.373
8.6475
3.6838
3.8757
7.8401
3.4606
6.4602
6.7147
4.0989
5.6617
4.9515
3.6817
4.9587
7.1258
5.3052
4.0243
4.8908
4.1956
4.2675
5.0373
6.0667
4.8867
5.5105
2.7232
6.7496
4.4641
8.366
2.8957
4.6946
6.7361
7.6903
5.8139
6.0262
4.8859
7.099
8.5025
3.76
6.0981
4.8042
5.0871
6.0256
6.4015
5.586
8.1806
6.3038
3.4726
6.0521
3.6851
5.3891
4.2024
5.1551
5.1308
7.0488
6.523
3.5735
5.5134
4.5785
5.2555
6.8169
8.3504
4.2171
5.2773
5.3311
5.0297
6.3656
5.2347
4.9602
5.3175
4.9791
7.8512
6.3167
6.4815
5.5672
3.787
5.3648
6.5106
4.8956
6.4251
4.3612
5.1064
5.1265
7.1861
5.724
3.2259
5.5139
7.0561
6.6522
5.5773
8.7994
8.0844
3.7355
7.3259
4.9062
7.8428
5.0207
4.3369
4.6295
4.1133
6.611
5.7775
5.7127
3.3969
5.6089
3.8355
3.7058
7.4736
7.4625
5.9037
5.0562
7.2246
4.557
3.6709
5.1493
6.4945
6.3899
5.9232
3.3243
5.3128
5.4895
6.5852
4.9306
5.8693
7.1208
4.2091
4.3579
4.4373
5.6239
5.1126
6.5679
4.7776
4.1557
6.872
4.6775
7.389
4.1303
2.9925
4.28
6.469
5.2293
6.651
6.1145
7.3361
6.3804
3.5655
5.4786
6.9522
5.809
4.986
6.413
3.2766
6.4831
3.9112
5.0903
5.863
4.749
6.1695
4.9691
5.2395
5.5265
5.7546
3.7754
8.9523
5.2437
6.3478
3.7656
4.1695
5.4342
3.7511
6.0043
6.0983
5.3835
6.9822
6.3711
6.3488
3.7941
5.5357
5.4717
5.2402
4.3229
5.2885
7.7821
3.6841
5.2436
5.0156
7.0062
7.4787
7.6458
5.3688
4.3996
4.4806
6.0922
5.9959
5.4538
6.0526
6.7011
3.4467
5.4943
4.8985
5.2582
5.9277
4.8189
6.388
7.4058
5.8345
6.4794
6.4806
6.2234
4.8945
5.0291
6.4818
5.7873
5.5267
3.1005
8.0727
4.6706
7.1178
5.31
8.2224
4.6875
6.8935
4.3571
5.9873
5.5945
3.7806
4.4657
5.6899
5.9915
5.7653
5.0818
4.6644
6.5367
6.9742
3.5697
7.0309
5.7547
5.4749
5.9071
3.5829
5.9305
5.5572
3.884
6.3512
8.5766
5.8163
5.7098
5.5191
5.6961
5.7606
7.6958
7.7744
6.8027
6.6678
7.2337
6.2455
4.1812
5.9592
3.852
5.1167
3.416
5.086
5.0332
5.112
6.1745
6.4405
6.833
5.5049
4.2637
6.349
6.2956
5.5761
6.8205
4.7161
7.4451
4.123
4.4976
4.6231
5.9752
5.0057
7.1106
5.8767
5.3374
5.4814
6.1207
4.6317
5.5748
6.4207
3.7162
5.8453
4.1625
3.9639
5.4711
4.3503
6.3814
6.0494
4.4832
4.5778
6.4896
6.7068
4.4921
6.6201
4.9191
3.5588
5.3049
4.9356
6.39
7.1976
3.6777
5.9468
4.2555
5.324
5.5926
5.4762
4.1807
4.2785
7.6856
4.8286
5.2927
4.6272
4.8748
3.8161
5.5983
12.742
5.3888
6.2983
4.7855
4.6443
4.657
6.2716
4.6956
4.7886
4.5561
7.0481
5.7784
4.2123
3.9131
3.67
6.4366
7.4246
6.1102
7.5168
3.9303
6.3864
7.0856
7.8597
3.9642
5.6535
5.4009
6.0944
5.8395
6.441
4.2246
4.9
5.0337
4.6096
4.03
3.9802
4.5908
5.4627
5.8916
5.8261
4.1011
4.843
4.9356
5.598
4.9179
6.0116
4.5321
5.0004
5.2263
6.4243
3.3966
4.7133
5.3709
5.845
4.6683
4.9306
6.2022
4.8672
4.6859
6.6209
4.9953
4.2382
5.1016
5.586
6.0127
7.533
7.4852
4.1571
7.3887
4.3397
6.4159
5.6655
7.093
3.6722
4.7236
5.9235
4.7961
3.0646
5.0059
5.7123
6.2615
6.1832
3.1873
6.5185
5.6032
2.879
5.2203
5.2873
6.953
6.7578
4.3497
6.7381
4.5963
7.8861
4.9761
6.1944
5.0412
5.0763
4.4698
6.2923
4.6639
4.2999
5.108
4.791
3.5438
4.8137
4.2611
5.477
4.1024
4.4337
6.803
5.7782
5.6745
3.7253
5.1365
4.5887
5.5646
5.024
4.9526
4.9777
8.7473
7.0784
5.8188
3.747
6.3364
4.5402
3.2094
3.6207
7.2626
7.2331
5.581
5.0411
5.166
5.4978
7.0779
5.2598
3.7399
3.9546
7.0799
7.3692
6.8115
5.3547
6.9022
6.0692
5.5698
4.88
4.1935
5.3553
5.3732
4.7472
4.8907
6.617
5.276
4.0577
4.195
6.5447
3.9119
4.7794
5.8663
3.4034
5.4723
5.8528
6.3442
5.177
3.0715
5.017
3.409
4.6242
3.8314
4.7461
3.7754
6.7525
4.1128
7.5924
4.1863
6.8851
4.313
4.8351
5.2145
4.2052
6.6641
4.6555
8.1162
5.8338
8.2407
4.4035
5.9804
3.3268
3.9217
6.3396
5.1199
5.9645
6.7625
6.2343
6.1354
4.4117
7.3999
3.8716
6.5478
4.4879
6.8058
5.9029
5.5659
5.5574
4.3771
6.9722
6.1401
6.5731
4.9437
5.0065
4.8527
5.8226
5.6079
6.8555
4.5527
6.7887
5.9426
3.4183
3.7102
5.3494
3.5541
3.7669
3.301
8.0095
5.3469
6.7652
6.6224
5.7734
5.6047
6.2627
5.3737
4.9085
6.5315
8.3422
4.0793
4.8824
5.307
4.5953
4.2402
3.9171
3.7041
5.5928
6.2088
7.1496
5.1375
5.996
3.8438
6.6208
4.5068
7.2642
3.3873
4.2314
5.5636
7.1833
8.1653
5.5486
7.2691
7.1553
5.4828
6.2562
3.3483
3.9892
6.9112
4.2675
4.4948
5.0138
4.5075
5.8298
6.2437
4.4412
6.4149
3.6213
7.0256
4.5807
5.4547
5.9761
5.7653
3.9756
5.543
5.8846
5.5989
3.2611
8.1802
4.1533
4.6724
5.8546
3.3415
6.1852
7.3559
8.155
5.2043
5.9955
3.5174
5.009
5.1457
6.2176
5.4219
5.8491
5.2164
9.466
4.6574
5.2155
3.3933
7.0879
5.0415
4.2621
4.1494
5.2793
7.9523
4.3935
7.4358
6.854
6.0447
4.632
4.4281
6.3011
5.0199
5.2495
5.7616
4.3392
4.8615
6.2944
4.1635
6.7162
4.153
7.8932
5.0181
4.9196
4.9142
3.5791
5.5254
3.8324
6.5738
5.0225
8.4621
3.2957
4.4421
5.172
4.6423
5.572
5.0328
6.8858
4.5364
5.0763
4.523
3.8955
5.0185
7.3401
3.2872
4.6676
6.7258
6.5985
4.0834
4.5343
5.3506
4.8981
6.9315
7.1159
5.0684
4.5062
5.1563
5.1138
6.2083
2.9252
7.0327
5.4461
4.9958
3.7654
3.2536
7.952
6.4603
5.9091
4.8518
4.4325
4.4967
4.4281
5.5842
6.7334
5.2019
6.1014
6.6177
4.444
5.2566
3.8571
6.2642
7.069
3.558
5.5757
8.0837
4.5764
3.6435
5.2639
5.15
5.9372
8.0321
6.0971
6.2664
5.8003
5.5883
5.348
6.4038
4.1372
5.5518
7.5981
8.344
4.9859
4.0584
5.3836
5.0156
4.5954
7.3788
6.9136
4.6951
7.3935
6.1392
6.7697
6.2516
4.4222
5.5857
5.4822
4.9772
4.4737
6.0083
7.4169
4.4524
5.1213
7.3673
4.9714
6.1052
3.3006
4.36
6.6041
7.1001
5.2871
5.6271
6.2407
4.4998
3.2734
6.1303
6.565
5.3142
7.5439
6.9893
5.8789
6.4778
4.9081
7.2849
5.383
6.6521
4.2387
3.8893
6.3463
4.6542
5.1578
3.8033
