11.117
15.714
18.561
37.109
10.754
5.5201
66.261
35.518
6.0555
10.393
34.777
15.834
7.2835
5.9933
10.477
10.494
2.5018
12.3
12.973
13.363
5.2638
13.535
4.1235
0.95849
42.533
8.955
6.9656
24.41
14.941
28.104
16.462
26.69
32.462
29.951
22.531
23.423
7.952
5.9399
40.33
87.269
21.36
19.867
8.7741
27.274
33.839
10.825
8.3004
11.426
13.791
16.318
9.407
18.535
10.201
7.543
24.974
6.5407
5.6128
7.9687
55.986
20.97
10.464
8.9249
5.4895
8.4205
5.8501
41.588
17.3
15.553
6.1323
27.413
9.2373
11.742
8.8332
12.078
15.63
5.1586
12.332
56.958
15.892
31.509
5.7873
5.823
27.915
5.1483
7.0134
24.136
25.294
80.017
33.406
3.28
7.7161
26.481
21.608
43.942
14.539
54.481
21.087
14.929
15.552
12.265
16.596
35.933
12.503
6.8256
61.836
13.064
21.882
7.2882
4.399
8.5022
12.753
27.182
24.577
33.451
8.1594
15.284
7.815
4.5247
6.7524
8.5495
6.7604
5.9505
21.46
19.449
4.847
9.1235
8.214
11.447
30.192
12.129
66.901
8.4988
6.1488
6.2403
3.8171
3.1952
7.1947
52.762
18.831
46.852
10.351
11.438
6.2001
7.3818
4.2953
7.2955
17.926
7.6512
5.0263
12.478
16.344
46.154
5.8516
10.444
6.4706
10.033
11.946
22.785
8.1174
6.0494
10.255
41.511
5.0875
12.999
13.126
20.106
6.8023
17.42
21.67
6.6571
14.689
9.4319
19.876
28.226
1.0795
6.6594
8.1765
2.9643
6.5787
14.661
11.874
25.899
8.252
31.154
6.9583
9.0822
11.439
5.3351
1.9743
20.108
13.538
6.4113
12.699
8.1131
8.3999
22.68
6.0921
7.1878
14.805
71.515
12.636
10.185
13.665
38.424
2.5701
6.5765
13.734
5.5239
15.973
6.6376
13.372
19.432
7.6164
77.394
15.477
11.896
3.0161
60.953
5.668
3.1792
12.983
16.32
15.803
4.3659
84.291
6.7501
8.8078
5.3707
39.27
27.13
5.2865
17.305
11.406
18.086
15.256
7.5448
9.1705
13.649
13.988
17.18
37.603
13.216
7.172
9.3129
6.2593
2.6442
2.7377
31.88
28.407
11.628
16.94
6.279
12.312
5.0151
13.733
19.777
3.6676
12.341
8.0248
15.605
23.078
6.1698
14.064
15.404
13.83
9.6367
2.8204
13.217
9.8186
38.883
8.8829
14.534
6.1381
8.9617
7.4881
16.476
12.127
11.255
5.328
4.9992
8.9003
67.216
6.702
8.2089
5.3457
35.477
9.0839
87.194
10.703
7.1332
5.7124
5.1615
7.1545
17.817
5.6004
24.657
14.746
11.553
12.191
11.968
11.989
6.1973
23.274
19.605
11.213
19.01
5.5947
9.8296
2.9408
31.084
10.652
17.948
34.577
8.1822
5.4432
23.596
34.983
5.7171
7.8302
17.195
6.4215
57.903
5.8073
4.7344
11.662
5.1953
10.203
20.52
11.588
3.1662
4.0969
20.006
16.734
29.522
5.3824
11.861
5.9278
15.93
21.257
36.173
7.7097
6.4378
30.149
7.8479
9.6464
8.0046
24.407
20.677
5.9494
54.323
62.559
14.675
35.1
22.58
17.506
4.9276
19.188
8.3763
3.2603
9.7225
14.073
10.671
5.846
4.2107
14.482
4.8286
18.837
5.559
2.4275
34.178
59.749
10.796
8.3031
7.0107
4.6466
37.109
16.892
7.8962
12.761
7.3008
10.301
13.911
10.491
11.834
8.4663
7.4474
3.3438
5.1801
37.556
18.575
30.868
11.333
16.137
4.4294
12.888
5.1511
3.5206
5.3646
10.206
4.7512
5.8312
8.3106
7.7741
8.31
14.853
8.5414
10.672
6.6751
48.27
17.948
12.11
26.531
22.386
8.3469
2.3905
15.559
16.212
41.245
6.7637
6.6941
4.9417
15.507
13.155
79.416
15.39
8.2345
3.8135
16.934
13.646
19.102
84.253
3.249
44.332
3.2605
4.4438
29.417
13.492
5.8573
22.558
11.281
8.9897
54.333
57.036
7.2445
7.1223
11.334
7.6667
11.379
4.6449
5.0519
25.034
8.8054
50.881
13.792
25.019
11.055
2.8542
9.6409
34.018
2.7398
5.3026
9.7954
40.223
17.794
9.5573
45.785
16.491
9.5846
33.636
4.4033
6.409
23.519
1.8165
8.0811
14.476
26.352
7.4133
11.024
4.0325
8.2261
10.191
34.591
6.4234
16.696
11.786
12.697
22.356
11.62
20.714
7.7528
8.2352
38.3
31.079
13.245
3.5358
19.815
3.5416
2.7584
18.491
36.323
87.976
3.4488
7.9717
46.176
12.598
6.3876
6.1836
6.8196
41.523
12.182
31.245
18.303
33.5
3.9043
12.96
8.1565
27.613
11.488
2.9643
10.458
7.44
27.484
6.1266
11.29
3.7322
6.3477
10.958
17.252
6.9277
2.0414
7.2449
10.86
25.442
6.6587
3.6774
10.11
8.1104
4.0758
12.672
15.963
64.2
39.71
56.743
7.6382
17.891
5.0868
27.282
11.211
6.8556
2.9868
10.089
14.377
11.489
8.4034
12.905
37.609
17.781
38.868
6.3408
91.211
93.242
21.938
9.1643
9.5563
57.952
12.468
16.622
5.0999
8.4321
22.104
17.684
11.248
12.345
26.379
12.074
15.041
11.399
13.131
12.091
99.785
20.245
7.4239
1.3452
139.42
9.4588
3.2179
11.52
27.34
31.715
34.782
6.2787
2.0951
12.796
62.658
27.556
60.101
20.641
13.618
8.4325
3.5239
75.195
6.9318
8.0044
2.1196
4.6156
5.0987
31.985
74.652
21.021
2.4495
4.2183
11.006
5.0958
24.788
15.251
13.329
26.352
5.4033
36.441
5.6085
10.439
6.7088
8.2303
7.3944
37.808
5.1484
4.5135
23.227
10.076
24.035
14.943
12.849
11.542
12.432
25.192
6.9139
10.875
7.8535
4.0678
14.697
3.8071
5.3043
5.1142
38.482
77.649
10.779
44.013
53.123
4.3735
16.347
3.5983
5.1463
8.5267
17.873
29.946
8.6299
12.756
23.253
7.1417
3.9653
5.2598
27.433
10.601
10.526
5.3154
3.4434
10.856
19.812
23.288
19.051
28.077
16.914
18.507
13.387
13.377
6.2832
31.067
11.294
9.963
19.817
14.583
9.7
6.0957
44.103
15.363
13.402
5.9629
8.0046
17.433
5.1794
43.093
17.013
7.2356
4.914
7.0852
11.837
118.58
10.365
20.495
16.678
13.675
7.6522
9.856
12.961
9.5334
6.4428
11.306
33.976
22.259
3.007
49.619
41.144
9.0581
1.3546
10.761
17.316
6.6021
15.832
8.2592
23.991
6.0811
14.234
5.6553
14.23
10.149
9.9439
10.284
2.1692
8.2279
20.644
7.8836
4.7014
8.1582
5.2162
16.556
8.6916
9.0675
9.5207
23.451
18.592
11.91
12.016
26.237
10.433
14.545
54.367
8.0399
41.882
13.336
6.0956
9.3709
12.64
14.388
10.18
1.6256
11.725
7.5584
5.0579
20.979
8.4369
5.2832
4.2782
31.388
20.625
6.277
55.316
4.7274
7.4046
5.2311
2.9295
17.552
8.4516
19.411
1.3881
1.6848
17.291
5.2639
17.776
14.045
7.7913
102.7
28.494
18.621
8.3354
17.048
13.453
10.859
20.205
17.994
10.072
6.3635
9.3828
4.6518
9.7746
8.406
12.342
3.9535
8.961
13.49
47.265
6.9025
9.5568
1.9668
4.192
10.587
18.362
8.5017
41.216
9.0826
6.6099
31.223
4.0757
9.7619
5.9677
7.087
82.734
29.272
3.9137
20.379
27.368
6.004
84.053
17.117
9.9041
17.351
54.714
9.6058
39.224
23.51
33.084
116.61
0.096736
0.88383
13.096
2.5026
3.5186
18.178
38.051
6.3994
5.9257
6.1344
19.705
9.7497
9.6049
25.053
12.572
5.1073
46.945
7.0286
6.6719
3.4795
18.465
9.064
11.67
4.5205
8.6202
16.673
3.001
6.982
58.899
9.1702
24.843
5.7286
41.112
19.572
10.516
14.226
16.34
5.3231
4.2674
7.9774
6.1567
1.3501
10.932
15.319
27.11
6.2208
11.67
7.1933
9.2771
59.033
13.524
1.2284
3.6147
4.4577
23.477
23.9
7.9459
43.94
4.8432
5.1322
13.342
0.8643
4.1825
5.6384
18.606
28.145
9.1804
7.1954
5.6611
8.2192
3.2535
9.676
4.7421
7.0199
5.9938
34.776
13.744
28.458
8.9393
6.1952
18.595
9.9156
9.8469
8.3197
4.8176
14.63
6.4033
5.4024
42.735
40.491
21.175
8.6068
9.1282
4.4387
26.222
25.553
11.56
9.6161
9.5218
4.6534
13.099
4.436
5.0991
13.031
14.958
15.752
5.5209
5.8084
15.932
59.295
38.206
1.7536
10.975
4.9645
63.767
13.782
11.709
5.8392
18.804
31.876
9.8547
47.581
6.0224
9.8825
4.4437
31.315
87.545
8.7337
21.842
12.859
11.193
7.5324
12.421
8.4492
5.2185
3.8234
13.762
11.615
6.0667
14.971
8.6279
16.128
40.908
33.661
3.0943
23.77
35.933
2.184
5.6479
3.8288
91.166
4.664
9.4786
8.8115
12.665
4.5904
39.228
3.938
70.747
5.7961
14.704
4.5846
21.236
3.8146
8.8872
3.4282
10.45
1.1573
17.515
11.258
6.6128
24.456
23.672
13.971
18.961
21.093
5.7355
9.3795
10.771
28.352
3.3058
6.96
6.7835
3.4582
12.808
19.956
15.57
24.127
6.7669
22.865
4.8075
6.7797
7.5942
4.1268
31.25
6.0333
10.255
3.6494
6.1971
45.872
29.885
15.621
20.016
5.4476
36.921
6.6176
1.5894
11.023
15.385
3.8069
16.353
18.017
14.353
5.074
6.3264
34.055
7.0511
6.3399
49.63
