7.0908
48.546
26.078
18.473
42.848
19.384
30.16
15.539
4.508
63.04
51.942
58.88
31.86
40.916
45.805
42.563
10.108
9.7773
10.678
58.733
14.344
27.203
53.783
41.313
6.1272
16.156
8.3431
29.546
10.287
53.68
21.736
28.462
20.997
16.662
56.824
72.583
40.649
28.204
11.463
41.009
29.193
17.756
52.019
18.008
35.784
30.688
22.557
27.073
6.5176
10.63
10.273
20.371
50.132
17.408
22.964
24.001
53.41
39.86
35.425
14.816
5.3714
57.846
6.0447
-0.056226
31.707
55.205
5.6506
0.88009
27.018
49.499
21.886
5.7135
19.352
34.192
18.226
33.479
6.9634
4.04
10.844
6.0845
14.91
26.1
28.959
3.3202
30.267
56.17
74.65
17.717
45.482
14.103
43.778
4.0663
57.234
18.334
5.7289
55.007
59.133
11.024
24.989
18.229
11.428
24.333
13.703
11.242
50.1
35.604
49.143
12.461
15.138
17.595
46.674
2.2982
7.7321
5.1119
25.147
26.743
3.6552
15.971
22.66
4.3273
40.187
1.8493
4.7779
10.054
3.5802
11.974
28.36
5.9377
17.153
66.283
18.073
11.062
18.911
8.9125
25.13
25.597
42.844
43.503
11.372
49.946
15.908
34.872
33.896
37.856
32.122
3.4438
22.859
11.775
35.338
24.908
58.71
79.713
17.851
10.397
38.054
39.011
54.188
10.854
89.448
0.017979
6.2693
22.443
9.4587
10.938
36.162
5.4911
53.945
56.147
15.32
96.626
33.944
9.4736
19.323
39.472
7.7018
35.399
25.908
1.0973
8.7617
6.3894
19.253
16.018
52.156
9.0181
38.594
18.393
12.439
19.053
10.135
24.185
12.995
45.323
16.665
16.343
8.7443
29.381
4.1691
23.078
19.933
20.204
24.095
2.3746
14.675
28.5
10.62
61.831
15.654
20.76
5.9525
11.315
9.2876
2.8698
31.087
18.376
18.528
15.433
23.989
4.7838
47.694
9.5016
11.078
21.389
26.541
46.412
3.7396
15.475
30.264
44.119
30.085
37.44
6.3644
16.715
58.334
31.455
12.36
5.2208
24.517
41.507
6.2796
9.1566
60.49
7.4971
3.2641
21.36
2.8092
44.39
32.799
48.5
49.635
4.5823
41.232
8.3035
16.23
68.982
5.7709
43.689
5.8262
21.312
2.2834
34.735
59.814
53.345
39.535
22.386
28.083
6.1145
25.854
57.172
29.867
27.696
45.301
2.9386
44.441
16.967
44.944
13.61
11.818
17.259
13.25
9.4842
7.2584
22.047
55.678
11.597
13.156
14.088
17.994
30.155
7.0461
4.978
27.117
6.0788
41
1.8806
15.335
9.9472
17.308
11.993
6.761
51.465
17.748
5.7826
15.569
7.59
7.5592
11.76
17.123
57.664
2.9049
23.07
3.9639
10.055
22.046
33.018
14.697
17.756
27.571
11.458
29.657
63.314
1.4293
10.321
22.462
4.6231
3.9878
4.5169
20.099
2.9938
11.861
13.173
46.043
16.08
7.7789
24.354
16.123
1.8217
39.316
16.112
4.9411
9.9007
10.802
22.055
13.013
29.083
25.619
5.2028
7.8616
58.55
60.664
35.823
23.719
5.4741
44.734
4.7147
16.23
14.034
35.123
5.594
11.08
10.183
36.776
18.476
32.413
17.585
14.103
6.0643
8.4805
30.987
11.292
25.266
44.666
20.24
28.138
12.193
10.34
32.872
21.7
17.978
22.363
24.207
4.4602
20.903
34.683
1.0578
7.1163
11.853
5.5443
52.064
21.912
17.992
8.6186
41.972
12.974
58.788
18.63
54.042
14.943
18.764
28.435
21.394
8.8669
8.5152
15.037
17.379
1.9675
19.78
3.6953
42.936
64.125
57.586
19.894
51.085
18.059
27.57
8.0892
12.509
39.088
15.091
53.515
6.0698
58.34
4.9869
1.6043
22.223
9.8549
6.708
7.2419
27.254
16.438
6.72
0.64824
15.141
17.779
47.832
39.605
8.7815
14.459
33.174
3.1706
8.1897
4.719
1.3755
19.694
13.814
18.702
29.685
13.285
18.226
22.201
56.41
21.576
32.307
11.61
57.081
43.113
-0.0031341
45.677
22.65
14.002
59.867
41.112
15.058
12.231
14.234
18.061
37.138
16.073
7.7366
10.37
14.713
13.389
27.818
20.252
49.412
4.0423
8.8409
25.944
28.217
3.4353
32.537
3.0172
48.155
23.905
14.949
18.436
13.813
22.2
33.466
59.527
6.5441
49.239
6.1338
9.6216
5.8101
5.4365
25.023
11.994
28.355
18.17
14.407
62.468
47.326
8.6466
19.122
15.631
7.6879
54.613
30.055
12.055
13.423
6.4148
4.6948
49.614
7.527
61.033
38.408
21.88
21.466
2.2305
8.1989
18.971
68.525
5.705
23.95
15.579
13.316
6.3941
46.774
6.4481
11.597
24.734
7.7632
16.16
3.0216
20.656
21.546
6.6855
20.31
40.583
17.056
14.304
27.562
13.781
22.187
17.062
7.8537
46.983
32.91
4.0811
1.8974
15.584
6.4824
1.2182
27.806
28.038
15.517
6.2201
51.039
2.0447
14.067
36.22
57.274
23.27
31.631
12.53
2.5554
61.748
8.0609
6.9128
25.203
2.0386
28.149
27.04
46.961
50.237
6.2899
30.351
2.4747
9.8043
3.933
20.338
12.043
56.119
52.307
21.585
27.67
9.9359
14.343
10.879
50.961
5.7156
4.473
14.601
16.079
18.543
14.167
14.229
3.6755
20.561
4.874
14.698
36.047
21.742
28.39
26.999
10.269
10.727
9.5687
16.205
4.7762
-0.070448
16.216
6.2518
3.302
48.275
7.0405
2.9797
46.668
8.6351
26.005
17.814
16.533
28.222
18.892
10.392
46.517
6.0839
32.111
24.449
22.49
12.123
10.483
31.959
1.4433
16.521
15.236
8.249
8.6845
18.994
28.818
10.767
11.516
24.235
18.106
5.3835
27.656
7.8344
8.8544
37.005
28.81
45.119
40.84
18.071
47.742
3.6829
50.013
41.317
36.367
4.1024
31.617
12.29
44.702
6.4971
47.643
28.406
24.976
47.453
10.916
4.3697
46.923
17.193
23.389
3.3383
12.837
10.787
32.43
19.288
12.46
13.985
54.997
34.212
57.737
32.619
59.202
2.9086
17.42
55.118
50.686
46.747
7.5311
3.4516
18.053
9.3721
10.35
16.173
33.438
9.1539
3.8777
8.2352
22.236
24.229
57.074
22.543
5.3624
11.914
18.65
35.132
47.622
4.6948
5.0052
17.651
43.353
5.7399
29.93
47.287
7.7406
30.61
34.864
13.736
9.6044
29.193
17.98
6.1287
9.3006
39.13
44.363
18.463
2.8801
12.656
13.769
24.752
4.3987
28.802
12.933
11.763
51.039
5.5185
45.117
9.633
26.445
21.397
51.834
21.09
41.009
4.5243
10.978
18.98
22.285
65.268
55.801
8.2397
18.143
3.0972
51.378
22.244
5.5466
10.656
7.6995
6.3958
2.9536
3.8212
33.275
25.602
38.419
34.138
46.964
19.934
63.324
7.4291
45.414
51.22
14.531
53.171
1.7268
39.979
6.2766
51.762
3.6743
9.4485
54.824
51.233
1.367
7.4942
14.999
39.568
45.848
8.0953
34.008
46.772
10.256
20.488
35.667
21.328
3.1109
3.3098
10.619
8.9055
9.1093
8.54
16.623
12.642
19.842
15.173
19.553
45.961
4.6453
4.0615
11.84
31.309
38.457
27.065
8.2339
36.228
26.306
36.629
51.931
8.1452
23.941
18.698
39.639
39.726
21.741
18.344
56.949
16.328
11.382
16.159
49.915
11.455
10.166
20.444
4.8303
64.861
6.514
3.2748
20.505
22.734
9.8822
15.192
2.3113
20.972
4.9213
11.999
54.747
19.7
6.8969
11.683
12.139
25.378
11.482
3.1698
13.694
30.941
19.504
0.83698
2.9372
41.815
35.436
36.844
12.775
6.8451
16.613
23.536
37.876
19.552
31.257
15.033
2.6613
12.183
26.701
57.641
12.982
7.8638
10.843
10.513
8.8069
27.804
5.7899
20.729
21.6
38.26
20.443
44.271
23.586
10.407
38.39
3.4117
45.688
6.6278
23.638
33.04
10.103
28.137
54.388
1.6345
28.596
5.0356
9.1002
8.6849
4.8255
4.7326
5.206
8.4088
44.649
28.653
7.1623
58.165
7.6148
26.668
9.5242
26.844
2.7075
41.294
59.892
8.2996
21.983
42.237
22.218
29.222
4.4644
14.18
17.613
2.2117
57.166
2.402
32.446
6.4222
13.205
6.1621
14.112
41.867
35.358
46.294
3.0874
12.49
4.6164
4.4178
3.2492
3.8329
52.932
47.997
21.715
0.67771
8.7878
47.8
6.9098
24.878
7.3169
1.4174
7.1323
44.391
66.665
19.556
12.082
5.6307
27.298
8.4553
19.771
57.057
47.008
10.957
23.712
36.423
18.211
7.5423
28.115
26.009
57.766
40.828
14.028
12.477
29.2
6.0505
26.776
18.118
14.699
13.01
59.305
16.37
8.5959
54.283
3.4608
2.2938
18.153
4.5307
24.038
18.964
55.462
4.8449
8.061
8.7983
17.887
34.152
55.162
2.6299
2.7137
10.221
8.8924
54.09
22.928
48.779
13.381
14.71
24.61
29.16
9.8273
49.452
14.367
20.65
21.677
51.869
30.947
19.898
4.0317
53.543
11.529
7.4504
38.114
48.761
4.9276
28.373
9.5797
19.653
19.799
18.945
21.312
31.179
14.661
39.141
61.203
35.289
17.517
54.614
14.499
56.038
36.454
10.173
22.418
4.0055
19.409
2.3005
8.3302
19.272
7.9339
31.355
10.363
10.034
-0.10164
31.865
31.273
